REGION,TECHNOLOGY,YEAR,VALUE
GLOBAL,PWRCCGAFGXX00,2021,0.226
GLOBAL,PWRCCGAFGXX00,2022,0.226
GLOBAL,PWRCCGAFGXX00,2023,0.226
GLOBAL,PWRCCGAFGXX00,2024,0.226
GLOBAL,PWRCCGAFGXX00,2025,0.0
GLOBAL,PWRCCGAFGXX00,2026,0.0
GLOBAL,PWRCCGAFGXX00,2027,0.0
GLOBAL,PWRCCGAFGXX00,2028,0.0
GLOBAL,PWRCCGAFGXX00,2029,0.0
GLOBAL,PWRCCGAFGXX00,2030,0.0
GLOBAL,PWRCCGAFGXX00,2031,0.0
GLOBAL,PWRCCGAFGXX00,2032,0.0
GLOBAL,PWRCCGAFGXX00,2033,0.0
GLOBAL,PWRCCGAFGXX00,2034,0.0
GLOBAL,PWRCCGAFGXX00,2035,0.0
GLOBAL,PWRCCGAFGXX00,2036,0.0
GLOBAL,PWRCCGAFGXX00,2037,0.0
GLOBAL,PWRCCGAFGXX00,2038,0.0
GLOBAL,PWRCCGAFGXX00,2039,0.0
GLOBAL,PWRCCGAFGXX00,2040,0.0
GLOBAL,PWRCCGAFGXX00,2041,0.0
GLOBAL,PWRCCGAFGXX00,2042,0.0
GLOBAL,PWRCCGAFGXX00,2043,0.0
GLOBAL,PWRCCGAFGXX00,2044,0.0
GLOBAL,PWRCCGAFGXX00,2045,0.0
GLOBAL,PWRCCGAFGXX00,2046,0.0
GLOBAL,PWRCCGAFGXX00,2047,0.0
GLOBAL,PWRCCGAFGXX00,2048,0.0
GLOBAL,PWRCCGAFGXX00,2049,0.0
GLOBAL,PWRCCGAFGXX00,2050,0.0
GLOBAL,PWRHYDAFGXX01,2021,0.3304
GLOBAL,PWRHYDAFGXX01,2022,0.3304
GLOBAL,PWRHYDAFGXX01,2023,0.3304
GLOBAL,PWRHYDAFGXX01,2024,0.3304
GLOBAL,PWRHYDAFGXX01,2025,0.3304
GLOBAL,PWRHYDAFGXX01,2026,0.3304
GLOBAL,PWRHYDAFGXX01,2027,0.3304
GLOBAL,PWRHYDAFGXX01,2028,0.3304
GLOBAL,PWRHYDAFGXX01,2029,0.3304
GLOBAL,PWRHYDAFGXX01,2030,0.3304
GLOBAL,PWRHYDAFGXX01,2031,0.3304
GLOBAL,PWRHYDAFGXX01,2032,0.3304
GLOBAL,PWRHYDAFGXX01,2033,0.3304
GLOBAL,PWRHYDAFGXX01,2034,0.3304
GLOBAL,PWRHYDAFGXX01,2035,0.3304
GLOBAL,PWRHYDAFGXX01,2036,0.3304
GLOBAL,PWRHYDAFGXX01,2037,0.3304
GLOBAL,PWRHYDAFGXX01,2038,0.3304
GLOBAL,PWRHYDAFGXX01,2039,0.3304
GLOBAL,PWRHYDAFGXX01,2040,0.3304
GLOBAL,PWRHYDAFGXX01,2041,0.3304
GLOBAL,PWRHYDAFGXX01,2042,0.3304
GLOBAL,PWRHYDAFGXX01,2043,0.3304
GLOBAL,PWRHYDAFGXX01,2044,0.3304
GLOBAL,PWRHYDAFGXX01,2045,0.3304
GLOBAL,PWRHYDAFGXX01,2046,0.3304
GLOBAL,PWRHYDAFGXX01,2047,0.3304
GLOBAL,PWRHYDAFGXX01,2048,0.3304
GLOBAL,PWRHYDAFGXX01,2049,0.3304
GLOBAL,PWRHYDAFGXX01,2050,0.3304
GLOBAL,PWROCGAFGXX00,2021,0.042
GLOBAL,PWROCGAFGXX00,2022,0.042
GLOBAL,PWROCGAFGXX00,2023,0.042
GLOBAL,PWROCGAFGXX00,2024,0.042
GLOBAL,PWROCGAFGXX00,2025,0.0
GLOBAL,PWROCGAFGXX00,2026,0.0
GLOBAL,PWROCGAFGXX00,2027,0.0
GLOBAL,PWROCGAFGXX00,2028,0.0
GLOBAL,PWROCGAFGXX00,2029,0.0
GLOBAL,PWROCGAFGXX00,2030,0.0
GLOBAL,PWROCGAFGXX00,2031,0.0
GLOBAL,PWROCGAFGXX00,2032,0.0
GLOBAL,PWROCGAFGXX00,2033,0.0
GLOBAL,PWROCGAFGXX00,2034,0.0
GLOBAL,PWROCGAFGXX00,2035,0.0
GLOBAL,PWROCGAFGXX00,2036,0.0
GLOBAL,PWROCGAFGXX00,2037,0.0
GLOBAL,PWROCGAFGXX00,2038,0.0
GLOBAL,PWROCGAFGXX00,2039,0.0
GLOBAL,PWROCGAFGXX00,2040,0.0
GLOBAL,PWROCGAFGXX00,2041,0.0
GLOBAL,PWROCGAFGXX00,2042,0.0
GLOBAL,PWROCGAFGXX00,2043,0.0
GLOBAL,PWROCGAFGXX00,2044,0.0
GLOBAL,PWROCGAFGXX00,2045,0.0
GLOBAL,PWROCGAFGXX00,2046,0.0
GLOBAL,PWROCGAFGXX00,2047,0.0
GLOBAL,PWROCGAFGXX00,2048,0.0
GLOBAL,PWROCGAFGXX00,2049,0.0
GLOBAL,PWROCGAFGXX00,2050,0.0
GLOBAL,PWRCCGAGOXX00,2021,0.3876
GLOBAL,PWRCCGAGOXX00,2022,0.3876
GLOBAL,PWRCCGAGOXX00,2023,0.3876
GLOBAL,PWRCCGAGOXX00,2024,0.3876
GLOBAL,PWRCCGAGOXX00,2025,0.0
GLOBAL,PWRCCGAGOXX00,2026,0.0
GLOBAL,PWRCCGAGOXX00,2027,0.0
GLOBAL,PWRCCGAGOXX00,2028,0.0
GLOBAL,PWRCCGAGOXX00,2029,0.0
GLOBAL,PWRCCGAGOXX00,2030,0.0
GLOBAL,PWRCCGAGOXX00,2031,0.0
GLOBAL,PWRCCGAGOXX00,2032,0.0
GLOBAL,PWRCCGAGOXX00,2033,0.0
GLOBAL,PWRCCGAGOXX00,2034,0.0
GLOBAL,PWRCCGAGOXX00,2035,0.0
GLOBAL,PWRCCGAGOXX00,2036,0.0
GLOBAL,PWRCCGAGOXX00,2037,0.0
GLOBAL,PWRCCGAGOXX00,2038,0.0
GLOBAL,PWRCCGAGOXX00,2039,0.0
GLOBAL,PWRCCGAGOXX00,2040,0.0
GLOBAL,PWRCCGAGOXX00,2041,0.0
GLOBAL,PWRCCGAGOXX00,2042,0.0
GLOBAL,PWRCCGAGOXX00,2043,0.0
GLOBAL,PWRCCGAGOXX00,2044,0.0
GLOBAL,PWRCCGAGOXX00,2045,0.0
GLOBAL,PWRCCGAGOXX00,2046,0.0
GLOBAL,PWRCCGAGOXX00,2047,0.0
GLOBAL,PWRCCGAGOXX00,2048,0.0
GLOBAL,PWRCCGAGOXX00,2049,0.0
GLOBAL,PWRCCGAGOXX00,2050,0.0
GLOBAL,PWRHYDAGOXX01,2021,0.9204
GLOBAL,PWRHYDAGOXX01,2022,0.9204
GLOBAL,PWRHYDAGOXX01,2023,0.9204
GLOBAL,PWRHYDAGOXX01,2024,0.9204
GLOBAL,PWRHYDAGOXX01,2025,0.9204
GLOBAL,PWRHYDAGOXX01,2026,0.9204
GLOBAL,PWRHYDAGOXX01,2027,0.9204
GLOBAL,PWRHYDAGOXX01,2028,0.9204
GLOBAL,PWRHYDAGOXX01,2029,0.9204
GLOBAL,PWRHYDAGOXX01,2030,0.9204
GLOBAL,PWRHYDAGOXX01,2031,0.9204
GLOBAL,PWRHYDAGOXX01,2032,0.9204
GLOBAL,PWRHYDAGOXX01,2033,0.9204
GLOBAL,PWRHYDAGOXX01,2034,0.9204
GLOBAL,PWRHYDAGOXX01,2035,0.9204
GLOBAL,PWRHYDAGOXX01,2036,0.9204
GLOBAL,PWRHYDAGOXX01,2037,0.9204
GLOBAL,PWRHYDAGOXX01,2038,0.9204
GLOBAL,PWRHYDAGOXX01,2039,0.9204
GLOBAL,PWRHYDAGOXX01,2040,0.9204
GLOBAL,PWRHYDAGOXX01,2041,0.9204
GLOBAL,PWRHYDAGOXX01,2042,0.9204
GLOBAL,PWRHYDAGOXX01,2043,0.9204
GLOBAL,PWRHYDAGOXX01,2044,0.9204
GLOBAL,PWRHYDAGOXX01,2045,0.9204
GLOBAL,PWRHYDAGOXX01,2046,0.9204
GLOBAL,PWRHYDAGOXX01,2047,0.9204
GLOBAL,PWRHYDAGOXX01,2048,0.9204
GLOBAL,PWRHYDAGOXX01,2049,0.9204
GLOBAL,PWRHYDAGOXX01,2050,0.9204
GLOBAL,PWROCGAGOXX00,2021,0.032
GLOBAL,PWROCGAGOXX00,2022,0.032
GLOBAL,PWROCGAGOXX00,2023,0.032
GLOBAL,PWROCGAGOXX00,2024,0.032
GLOBAL,PWROCGAGOXX00,2025,0.0
GLOBAL,PWROCGAGOXX00,2026,0.0
GLOBAL,PWROCGAGOXX00,2027,0.0
GLOBAL,PWROCGAGOXX00,2028,0.0
GLOBAL,PWROCGAGOXX00,2029,0.0
GLOBAL,PWROCGAGOXX00,2030,0.0
GLOBAL,PWROCGAGOXX00,2031,0.0
GLOBAL,PWROCGAGOXX00,2032,0.0
GLOBAL,PWROCGAGOXX00,2033,0.0
GLOBAL,PWROCGAGOXX00,2034,0.0
GLOBAL,PWROCGAGOXX00,2035,0.0
GLOBAL,PWROCGAGOXX00,2036,0.0
GLOBAL,PWROCGAGOXX00,2037,0.0
GLOBAL,PWROCGAGOXX00,2038,0.0
GLOBAL,PWROCGAGOXX00,2039,0.0
GLOBAL,PWROCGAGOXX00,2040,0.0
GLOBAL,PWROCGAGOXX00,2041,0.0
GLOBAL,PWROCGAGOXX00,2042,0.0
GLOBAL,PWROCGAGOXX00,2043,0.0
GLOBAL,PWROCGAGOXX00,2044,0.0
GLOBAL,PWROCGAGOXX00,2045,0.0
GLOBAL,PWROCGAGOXX00,2046,0.0
GLOBAL,PWROCGAGOXX00,2047,0.0
GLOBAL,PWROCGAGOXX00,2048,0.0
GLOBAL,PWROCGAGOXX00,2049,0.0
GLOBAL,PWROCGAGOXX00,2050,0.0
GLOBAL,PWROILAGOXX01,2021,0.3508
GLOBAL,PWROILAGOXX01,2022,0.3508
GLOBAL,PWROILAGOXX01,2023,0.3508
GLOBAL,PWROILAGOXX01,2024,0.3508
GLOBAL,PWROILAGOXX01,2025,0.3508
GLOBAL,PWROILAGOXX01,2026,0.3508
GLOBAL,PWROILAGOXX01,2027,0.0
GLOBAL,PWROILAGOXX01,2028,0.0
GLOBAL,PWROILAGOXX01,2029,0.0
GLOBAL,PWROILAGOXX01,2030,0.0
GLOBAL,PWROILAGOXX01,2031,0.0
GLOBAL,PWROILAGOXX01,2032,0.0
GLOBAL,PWROILAGOXX01,2033,0.0
GLOBAL,PWROILAGOXX01,2034,0.0
GLOBAL,PWROILAGOXX01,2035,0.0
GLOBAL,PWROILAGOXX01,2036,0.0
GLOBAL,PWROILAGOXX01,2037,0.0
GLOBAL,PWROILAGOXX01,2038,0.0
GLOBAL,PWROILAGOXX01,2039,0.0
GLOBAL,PWROILAGOXX01,2040,0.0
GLOBAL,PWROILAGOXX01,2041,0.0
GLOBAL,PWROILAGOXX01,2042,0.0
GLOBAL,PWROILAGOXX01,2043,0.0
GLOBAL,PWROILAGOXX01,2044,0.0
GLOBAL,PWROILAGOXX01,2045,0.0
GLOBAL,PWROILAGOXX01,2046,0.0
GLOBAL,PWROILAGOXX01,2047,0.0
GLOBAL,PWROILAGOXX01,2048,0.0
GLOBAL,PWROILAGOXX01,2049,0.0
GLOBAL,PWROILAGOXX01,2050,0.0
GLOBAL,PWRSPVAGOXX01,2021,0.014
GLOBAL,PWRSPVAGOXX01,2022,0.014
GLOBAL,PWRSPVAGOXX01,2023,0.014
GLOBAL,PWRSPVAGOXX01,2024,0.014
GLOBAL,PWRSPVAGOXX01,2025,0.014
GLOBAL,PWRSPVAGOXX01,2026,0.014
GLOBAL,PWRSPVAGOXX01,2027,0.014
GLOBAL,PWRSPVAGOXX01,2028,0.014
GLOBAL,PWRSPVAGOXX01,2029,0.014
GLOBAL,PWRSPVAGOXX01,2030,0.014
GLOBAL,PWRSPVAGOXX01,2031,0.014
GLOBAL,PWRSPVAGOXX01,2032,0.014
GLOBAL,PWRSPVAGOXX01,2033,0.014
GLOBAL,PWRSPVAGOXX01,2034,0.014
GLOBAL,PWRSPVAGOXX01,2035,0.014
GLOBAL,PWRSPVAGOXX01,2036,0.014
GLOBAL,PWRSPVAGOXX01,2037,0.014
GLOBAL,PWRSPVAGOXX01,2038,0.014
GLOBAL,PWRSPVAGOXX01,2039,0.014
GLOBAL,PWRSPVAGOXX01,2040,0.014
GLOBAL,PWRSPVAGOXX01,2041,0.014
GLOBAL,PWRSPVAGOXX01,2042,0.014
GLOBAL,PWRSPVAGOXX01,2043,0.014
GLOBAL,PWRSPVAGOXX01,2044,0.014
GLOBAL,PWRSPVAGOXX01,2045,0.0
GLOBAL,PWRSPVAGOXX01,2046,0.0
GLOBAL,PWRSPVAGOXX01,2047,0.0
GLOBAL,PWRSPVAGOXX01,2048,0.0
GLOBAL,PWRSPVAGOXX01,2049,0.0
GLOBAL,PWRSPVAGOXX01,2050,0.0
GLOBAL,PWRHYDALBXX01,2021,1.798
GLOBAL,PWRHYDALBXX01,2022,1.798
GLOBAL,PWRHYDALBXX01,2023,1.798
GLOBAL,PWRHYDALBXX01,2024,1.798
GLOBAL,PWRHYDALBXX01,2025,1.798
GLOBAL,PWRHYDALBXX01,2026,1.798
GLOBAL,PWRHYDALBXX01,2027,1.798
GLOBAL,PWRHYDALBXX01,2028,1.798
GLOBAL,PWRHYDALBXX01,2029,1.798
GLOBAL,PWRHYDALBXX01,2030,1.798
GLOBAL,PWRHYDALBXX01,2031,1.798
GLOBAL,PWRHYDALBXX01,2032,1.798
GLOBAL,PWRHYDALBXX01,2033,1.798
GLOBAL,PWRHYDALBXX01,2034,1.798
GLOBAL,PWRHYDALBXX01,2035,1.798
GLOBAL,PWRHYDALBXX01,2036,1.798
GLOBAL,PWRHYDALBXX01,2037,1.798
GLOBAL,PWRHYDALBXX01,2038,1.798
GLOBAL,PWRHYDALBXX01,2039,1.798
GLOBAL,PWRHYDALBXX01,2040,1.798
GLOBAL,PWRHYDALBXX01,2041,1.798
GLOBAL,PWRHYDALBXX01,2042,1.798
GLOBAL,PWRHYDALBXX01,2043,1.798
GLOBAL,PWRHYDALBXX01,2044,1.798
GLOBAL,PWRHYDALBXX01,2045,1.798
GLOBAL,PWRHYDALBXX01,2046,1.798
GLOBAL,PWRHYDALBXX01,2047,1.798
GLOBAL,PWRHYDALBXX01,2048,1.798
GLOBAL,PWRHYDALBXX01,2049,1.798
GLOBAL,PWRHYDALBXX01,2050,1.798
GLOBAL,PWROTHALBXX01,2021,0.098
GLOBAL,PWROTHALBXX01,2022,0.098
GLOBAL,PWROTHALBXX01,2023,0.0
GLOBAL,PWROTHALBXX01,2024,0.0
GLOBAL,PWROTHALBXX01,2025,0.0
GLOBAL,PWROTHALBXX01,2026,0.0
GLOBAL,PWROTHALBXX01,2027,0.0
GLOBAL,PWROTHALBXX01,2028,0.0
GLOBAL,PWROTHALBXX01,2029,0.0
GLOBAL,PWROTHALBXX01,2030,0.0
GLOBAL,PWROTHALBXX01,2031,0.0
GLOBAL,PWROTHALBXX01,2032,0.0
GLOBAL,PWROTHALBXX01,2033,0.0
GLOBAL,PWROTHALBXX01,2034,0.0
GLOBAL,PWROTHALBXX01,2035,0.0
GLOBAL,PWROTHALBXX01,2036,0.0
GLOBAL,PWROTHALBXX01,2037,0.0
GLOBAL,PWROTHALBXX01,2038,0.0
GLOBAL,PWROTHALBXX01,2039,0.0
GLOBAL,PWROTHALBXX01,2040,0.0
GLOBAL,PWROTHALBXX01,2041,0.0
GLOBAL,PWROTHALBXX01,2042,0.0
GLOBAL,PWROTHALBXX01,2043,0.0
GLOBAL,PWROTHALBXX01,2044,0.0
GLOBAL,PWROTHALBXX01,2045,0.0
GLOBAL,PWROTHALBXX01,2046,0.0
GLOBAL,PWROTHALBXX01,2047,0.0
GLOBAL,PWROTHALBXX01,2048,0.0
GLOBAL,PWROTHALBXX01,2049,0.0
GLOBAL,PWROTHALBXX01,2050,0.0
GLOBAL,PWRCCGAREXX00,2021,30.381
GLOBAL,PWRCCGAREXX00,2022,30.381
GLOBAL,PWRCCGAREXX00,2023,30.381
GLOBAL,PWRCCGAREXX00,2024,29.562
GLOBAL,PWRCCGAREXX00,2025,28.552
GLOBAL,PWRCCGAREXX00,2026,28.552
GLOBAL,PWRCCGAREXX00,2027,28.552
GLOBAL,PWRCCGAREXX00,2028,28.552
GLOBAL,PWRCCGAREXX00,2029,26.21
GLOBAL,PWRCCGAREXX00,2030,26.21
GLOBAL,PWRCCGAREXX00,2031,24.54
GLOBAL,PWRCCGAREXX00,2032,23.78
GLOBAL,PWRCCGAREXX00,2033,22.862
GLOBAL,PWRCCGAREXX00,2034,17.535
GLOBAL,PWRCCGAREXX00,2035,16.674
GLOBAL,PWRCCGAREXX00,2036,8.615
GLOBAL,PWRCCGAREXX00,2037,8.111
GLOBAL,PWRCCGAREXX00,2038,6.719
GLOBAL,PWRCCGAREXX00,2039,5.9
GLOBAL,PWRCCGAREXX00,2040,5.9
GLOBAL,PWRCCGAREXX00,2041,3.842
GLOBAL,PWRCCGAREXX00,2042,1.73
GLOBAL,PWRCCGAREXX00,2043,1.73
GLOBAL,PWRCCGAREXX00,2044,1.73
GLOBAL,PWRCCGAREXX00,2045,1.73
GLOBAL,PWRCCGAREXX00,2046,1.73
GLOBAL,PWRCCGAREXX00,2047,0.0
GLOBAL,PWRCCGAREXX00,2048,0.0
GLOBAL,PWRCCGAREXX00,2049,0.0
GLOBAL,PWRCCGAREXX00,2050,0.0
GLOBAL,PWRCSPAREXX01,2021,0.2
GLOBAL,PWRCSPAREXX01,2022,0.2
GLOBAL,PWRCSPAREXX01,2023,0.2
GLOBAL,PWRCSPAREXX01,2024,0.2
GLOBAL,PWRCSPAREXX01,2025,0.2
GLOBAL,PWRCSPAREXX01,2026,0.2
GLOBAL,PWRCSPAREXX01,2027,0.2
GLOBAL,PWRCSPAREXX01,2028,0.2
GLOBAL,PWRCSPAREXX01,2029,0.2
GLOBAL,PWRCSPAREXX01,2030,0.2
GLOBAL,PWRCSPAREXX01,2031,0.2
GLOBAL,PWRCSPAREXX01,2032,0.2
GLOBAL,PWRCSPAREXX01,2033,0.2
GLOBAL,PWRCSPAREXX01,2034,0.2
GLOBAL,PWRCSPAREXX01,2035,0.2
GLOBAL,PWRCSPAREXX01,2036,0.2
GLOBAL,PWRCSPAREXX01,2037,0.2
GLOBAL,PWRCSPAREXX01,2038,0.2
GLOBAL,PWRCSPAREXX01,2039,0.2
GLOBAL,PWRCSPAREXX01,2040,0.1
GLOBAL,PWRCSPAREXX01,2041,0.1
GLOBAL,PWRCSPAREXX01,2042,0.1
GLOBAL,PWRCSPAREXX01,2043,0.1
GLOBAL,PWRCSPAREXX01,2044,0.0
GLOBAL,PWRCSPAREXX01,2045,0.0
GLOBAL,PWRCSPAREXX01,2046,0.0
GLOBAL,PWRCSPAREXX01,2047,0.0
GLOBAL,PWRCSPAREXX01,2048,0.0
GLOBAL,PWRCSPAREXX01,2049,0.0
GLOBAL,PWRCSPAREXX01,2050,0.0
GLOBAL,PWROCGAREXX00,2021,0.116
GLOBAL,PWROCGAREXX00,2022,0.116
GLOBAL,PWROCGAREXX00,2023,0.116
GLOBAL,PWROCGAREXX00,2024,0.116
GLOBAL,PWROCGAREXX00,2025,0.116
GLOBAL,PWROCGAREXX00,2026,0.116
GLOBAL,PWROCGAREXX00,2027,0.116
GLOBAL,PWROCGAREXX00,2028,0.116
GLOBAL,PWROCGAREXX00,2029,0.116
GLOBAL,PWROCGAREXX00,2030,0.116
GLOBAL,PWROCGAREXX00,2031,0.116
GLOBAL,PWROCGAREXX00,2032,0.116
GLOBAL,PWROCGAREXX00,2033,0.116
GLOBAL,PWROCGAREXX00,2034,0.0
GLOBAL,PWROCGAREXX00,2035,0.0
GLOBAL,PWROCGAREXX00,2036,0.0
GLOBAL,PWROCGAREXX00,2037,0.0
GLOBAL,PWROCGAREXX00,2038,0.0
GLOBAL,PWROCGAREXX00,2039,0.0
GLOBAL,PWROCGAREXX00,2040,0.0
GLOBAL,PWROCGAREXX00,2041,0.0
GLOBAL,PWROCGAREXX00,2042,0.0
GLOBAL,PWROCGAREXX00,2043,0.0
GLOBAL,PWROCGAREXX00,2044,0.0
GLOBAL,PWROCGAREXX00,2045,0.0
GLOBAL,PWROCGAREXX00,2046,0.0
GLOBAL,PWROCGAREXX00,2047,0.0
GLOBAL,PWROCGAREXX00,2048,0.0
GLOBAL,PWROCGAREXX00,2049,0.0
GLOBAL,PWROCGAREXX00,2050,0.0
GLOBAL,PWRSPVAREXX01,2021,0.033
GLOBAL,PWRSPVAREXX01,2022,0.033
GLOBAL,PWRSPVAREXX01,2023,0.033
GLOBAL,PWRSPVAREXX01,2024,0.033
GLOBAL,PWRSPVAREXX01,2025,0.033
GLOBAL,PWRSPVAREXX01,2026,0.033
GLOBAL,PWRSPVAREXX01,2027,0.033
GLOBAL,PWRSPVAREXX01,2028,0.033
GLOBAL,PWRSPVAREXX01,2029,0.033
GLOBAL,PWRSPVAREXX01,2030,0.033
GLOBAL,PWRSPVAREXX01,2031,0.033
GLOBAL,PWRSPVAREXX01,2032,0.033
GLOBAL,PWRSPVAREXX01,2033,0.033
GLOBAL,PWRSPVAREXX01,2034,0.033
GLOBAL,PWRSPVAREXX01,2035,0.033
GLOBAL,PWRSPVAREXX01,2036,0.033
GLOBAL,PWRSPVAREXX01,2037,0.033
GLOBAL,PWRSPVAREXX01,2038,0.033
GLOBAL,PWRSPVAREXX01,2039,0.033
GLOBAL,PWRSPVAREXX01,2040,0.033
GLOBAL,PWRSPVAREXX01,2041,0.033
GLOBAL,PWRSPVAREXX01,2042,0.033
GLOBAL,PWRSPVAREXX01,2043,0.033
GLOBAL,PWRSPVAREXX01,2044,0.013
GLOBAL,PWRSPVAREXX01,2045,0.0
GLOBAL,PWRSPVAREXX01,2046,0.0
GLOBAL,PWRSPVAREXX01,2047,0.0
GLOBAL,PWRSPVAREXX01,2048,0.0
GLOBAL,PWRSPVAREXX01,2049,0.0
GLOBAL,PWRSPVAREXX01,2050,0.0
GLOBAL,PWRBIOARGXX01,2021,0.66
GLOBAL,PWRBIOARGXX01,2022,0.66
GLOBAL,PWRBIOARGXX01,2023,0.66
GLOBAL,PWRBIOARGXX01,2024,0.66
GLOBAL,PWRBIOARGXX01,2025,0.66
GLOBAL,PWRBIOARGXX01,2026,0.66
GLOBAL,PWRBIOARGXX01,2027,0.66
GLOBAL,PWRBIOARGXX01,2028,0.66
GLOBAL,PWRBIOARGXX01,2029,0.66
GLOBAL,PWRBIOARGXX01,2030,0.66
GLOBAL,PWRBIOARGXX01,2031,0.66
GLOBAL,PWRBIOARGXX01,2032,0.0
GLOBAL,PWRBIOARGXX01,2033,0.0
GLOBAL,PWRBIOARGXX01,2034,0.0
GLOBAL,PWRBIOARGXX01,2035,0.0
GLOBAL,PWRBIOARGXX01,2036,0.0
GLOBAL,PWRBIOARGXX01,2037,0.0
GLOBAL,PWRBIOARGXX01,2038,0.0
GLOBAL,PWRBIOARGXX01,2039,0.0
GLOBAL,PWRBIOARGXX01,2040,0.0
GLOBAL,PWRBIOARGXX01,2041,0.0
GLOBAL,PWRBIOARGXX01,2042,0.0
GLOBAL,PWRBIOARGXX01,2043,0.0
GLOBAL,PWRBIOARGXX01,2044,0.0
GLOBAL,PWRBIOARGXX01,2045,0.0
GLOBAL,PWRBIOARGXX01,2046,0.0
GLOBAL,PWRBIOARGXX01,2047,0.0
GLOBAL,PWRBIOARGXX01,2048,0.0
GLOBAL,PWRBIOARGXX01,2049,0.0
GLOBAL,PWRBIOARGXX01,2050,0.0
GLOBAL,PWRCCGARGXX00,2021,15.6814
GLOBAL,PWRCCGARGXX00,2022,15.6814
GLOBAL,PWRCCGARGXX00,2023,15.6814
GLOBAL,PWRCCGARGXX00,2024,15.6814
GLOBAL,PWRCCGARGXX00,2025,8.751
GLOBAL,PWRCCGARGXX00,2026,8.751
GLOBAL,PWRCCGARGXX00,2027,8.751
GLOBAL,PWRCCGARGXX00,2028,8.751
GLOBAL,PWRCCGARGXX00,2029,7.476
GLOBAL,PWRCCGARGXX00,2030,5.959
GLOBAL,PWRCCGARGXX00,2031,5.022
GLOBAL,PWRCCGARGXX00,2032,5.022
GLOBAL,PWRCCGARGXX00,2033,5.022
GLOBAL,PWRCCGARGXX00,2034,2.479
GLOBAL,PWRCCGARGXX00,2035,2.479
GLOBAL,PWRCCGARGXX00,2036,2.479
GLOBAL,PWRCCGARGXX00,2037,2.479
GLOBAL,PWRCCGARGXX00,2038,2.479
GLOBAL,PWRCCGARGXX00,2039,2.479
GLOBAL,PWRCCGARGXX00,2040,0.748
GLOBAL,PWRCCGARGXX00,2041,0.28
GLOBAL,PWRCCGARGXX00,2042,0.28
GLOBAL,PWRCCGARGXX00,2043,0.28
GLOBAL,PWRCCGARGXX00,2044,0.0
GLOBAL,PWRCCGARGXX00,2045,0.0
GLOBAL,PWRCCGARGXX00,2046,0.0
GLOBAL,PWRCCGARGXX00,2047,0.0
GLOBAL,PWRCCGARGXX00,2048,0.0
GLOBAL,PWRCCGARGXX00,2049,0.0
GLOBAL,PWRCCGARGXX00,2050,0.0
GLOBAL,PWRCOAARGXX01,2021,6.4985
GLOBAL,PWRCOAARGXX01,2022,6.4985
GLOBAL,PWRCOAARGXX01,2023,6.4985
GLOBAL,PWRCOAARGXX01,2024,6.1365
GLOBAL,PWRCOAARGXX01,2025,6.1365
GLOBAL,PWRCOAARGXX01,2026,6.1365
GLOBAL,PWRCOAARGXX01,2027,6.1365
GLOBAL,PWRCOAARGXX01,2028,4.485
GLOBAL,PWRCOAARGXX01,2029,2.602
GLOBAL,PWRCOAARGXX01,2030,2.602
GLOBAL,PWRCOAARGXX01,2031,2.602
GLOBAL,PWRCOAARGXX01,2032,2.602
GLOBAL,PWRCOAARGXX01,2033,2.602
GLOBAL,PWRCOAARGXX01,2034,0.0
GLOBAL,PWRCOAARGXX01,2035,0.0
GLOBAL,PWRCOAARGXX01,2036,0.0
GLOBAL,PWRCOAARGXX01,2037,0.0
GLOBAL,PWRCOAARGXX01,2038,0.0
GLOBAL,PWRCOAARGXX01,2039,0.0
GLOBAL,PWRCOAARGXX01,2040,0.0
GLOBAL,PWRCOAARGXX01,2041,0.0
GLOBAL,PWRCOAARGXX01,2042,0.0
GLOBAL,PWRCOAARGXX01,2043,0.0
GLOBAL,PWRCOAARGXX01,2044,0.0
GLOBAL,PWRCOAARGXX01,2045,0.0
GLOBAL,PWRCOAARGXX01,2046,0.0
GLOBAL,PWRCOAARGXX01,2047,0.0
GLOBAL,PWRCOAARGXX01,2048,0.0
GLOBAL,PWRCOAARGXX01,2049,0.0
GLOBAL,PWRCOAARGXX01,2050,0.0
GLOBAL,PWRHYDARGXX01,2021,10.001
GLOBAL,PWRHYDARGXX01,2022,10.001
GLOBAL,PWRHYDARGXX01,2023,10.001
GLOBAL,PWRHYDARGXX01,2024,10.001
GLOBAL,PWRHYDARGXX01,2025,10.001
GLOBAL,PWRHYDARGXX01,2026,10.001
GLOBAL,PWRHYDARGXX01,2027,10.001
GLOBAL,PWRHYDARGXX01,2028,10.001
GLOBAL,PWRHYDARGXX01,2029,10.001
GLOBAL,PWRHYDARGXX01,2030,10.001
GLOBAL,PWRHYDARGXX01,2031,10.001
GLOBAL,PWRHYDARGXX01,2032,10.001
GLOBAL,PWRHYDARGXX01,2033,10.001
GLOBAL,PWRHYDARGXX01,2034,10.001
GLOBAL,PWRHYDARGXX01,2035,10.001
GLOBAL,PWRHYDARGXX01,2036,10.001
GLOBAL,PWRHYDARGXX01,2037,10.001
GLOBAL,PWRHYDARGXX01,2038,10.001
GLOBAL,PWRHYDARGXX01,2039,10.001
GLOBAL,PWRHYDARGXX01,2040,10.001
GLOBAL,PWRHYDARGXX01,2041,10.001
GLOBAL,PWRHYDARGXX01,2042,10.001
GLOBAL,PWRHYDARGXX01,2043,10.001
GLOBAL,PWRHYDARGXX01,2044,9.99
GLOBAL,PWRHYDARGXX01,2045,9.964
GLOBAL,PWRHYDARGXX01,2046,9.964
GLOBAL,PWRHYDARGXX01,2047,9.964
GLOBAL,PWRHYDARGXX01,2048,9.964
GLOBAL,PWRHYDARGXX01,2049,9.964
GLOBAL,PWRHYDARGXX01,2050,9.964
GLOBAL,PWROCGARGXX00,2021,1.762
GLOBAL,PWROCGARGXX00,2022,1.762
GLOBAL,PWROCGARGXX00,2023,1.762
GLOBAL,PWROCGARGXX00,2024,1.762
GLOBAL,PWROCGARGXX00,2025,0.962
GLOBAL,PWROCGARGXX00,2026,0.712
GLOBAL,PWROCGARGXX00,2027,0.712
GLOBAL,PWROCGARGXX00,2028,0.584
GLOBAL,PWROCGARGXX00,2029,0.224
GLOBAL,PWROCGARGXX00,2030,0.224
GLOBAL,PWROCGARGXX00,2031,0.224
GLOBAL,PWROCGARGXX00,2032,0.1
GLOBAL,PWROCGARGXX00,2033,0.1
GLOBAL,PWROCGARGXX00,2034,0.06
GLOBAL,PWROCGARGXX00,2035,0.06
GLOBAL,PWROCGARGXX00,2036,0.06
GLOBAL,PWROCGARGXX00,2037,0.06
GLOBAL,PWROCGARGXX00,2038,0.06
GLOBAL,PWROCGARGXX00,2039,0.06
GLOBAL,PWROCGARGXX00,2040,0.06
GLOBAL,PWROCGARGXX00,2041,0.06
GLOBAL,PWROCGARGXX00,2042,0.06
GLOBAL,PWROCGARGXX00,2043,0.06
GLOBAL,PWROCGARGXX00,2044,0.06
GLOBAL,PWROCGARGXX00,2045,0.06
GLOBAL,PWROCGARGXX00,2046,0.0
GLOBAL,PWROCGARGXX00,2047,0.0
GLOBAL,PWROCGARGXX00,2048,0.0
GLOBAL,PWROCGARGXX00,2049,0.0
GLOBAL,PWROCGARGXX00,2050,0.0
GLOBAL,PWROILARGXX01,2021,1.5996
GLOBAL,PWROILARGXX01,2022,1.5996
GLOBAL,PWROILARGXX01,2023,1.5996
GLOBAL,PWROILARGXX01,2024,1.5996
GLOBAL,PWROILARGXX01,2025,1.5996
GLOBAL,PWROILARGXX01,2026,1.5996
GLOBAL,PWROILARGXX01,2027,0.035
GLOBAL,PWROILARGXX01,2028,0.035
GLOBAL,PWROILARGXX01,2029,0.03
GLOBAL,PWROILARGXX01,2030,0.03
GLOBAL,PWROILARGXX01,2031,0.03
GLOBAL,PWROILARGXX01,2032,0.03
GLOBAL,PWROILARGXX01,2033,0.03
GLOBAL,PWROILARGXX01,2034,0.03
GLOBAL,PWROILARGXX01,2035,0.03
GLOBAL,PWROILARGXX01,2036,0.03
GLOBAL,PWROILARGXX01,2037,0.03
GLOBAL,PWROILARGXX01,2038,0.03
GLOBAL,PWROILARGXX01,2039,0.03
GLOBAL,PWROILARGXX01,2040,0.03
GLOBAL,PWROILARGXX01,2041,0.0
GLOBAL,PWROILARGXX01,2042,0.0
GLOBAL,PWROILARGXX01,2043,0.0
GLOBAL,PWROILARGXX01,2044,0.0
GLOBAL,PWROILARGXX01,2045,0.0
GLOBAL,PWROILARGXX01,2046,0.0
GLOBAL,PWROILARGXX01,2047,0.0
GLOBAL,PWROILARGXX01,2048,0.0
GLOBAL,PWROILARGXX01,2049,0.0
GLOBAL,PWROILARGXX01,2050,0.0
GLOBAL,PWROTHARGXX01,2021,1.326
GLOBAL,PWROTHARGXX01,2022,1.326
GLOBAL,PWROTHARGXX01,2023,1.326
GLOBAL,PWROTHARGXX01,2024,1.326
GLOBAL,PWROTHARGXX01,2025,1.326
GLOBAL,PWROTHARGXX01,2026,1.326
GLOBAL,PWROTHARGXX01,2027,1.326
GLOBAL,PWROTHARGXX01,2028,0.846
GLOBAL,PWROTHARGXX01,2029,0.846
GLOBAL,PWROTHARGXX01,2030,0.846
GLOBAL,PWROTHARGXX01,2031,0.846
GLOBAL,PWROTHARGXX01,2032,0.0
GLOBAL,PWROTHARGXX01,2033,0.0
GLOBAL,PWROTHARGXX01,2034,0.0
GLOBAL,PWROTHARGXX01,2035,0.0
GLOBAL,PWROTHARGXX01,2036,0.0
GLOBAL,PWROTHARGXX01,2037,0.0
GLOBAL,PWROTHARGXX01,2038,0.0
GLOBAL,PWROTHARGXX01,2039,0.0
GLOBAL,PWROTHARGXX01,2040,0.0
GLOBAL,PWROTHARGXX01,2041,0.0
GLOBAL,PWROTHARGXX01,2042,0.0
GLOBAL,PWROTHARGXX01,2043,0.0
GLOBAL,PWROTHARGXX01,2044,0.0
GLOBAL,PWROTHARGXX01,2045,0.0
GLOBAL,PWROTHARGXX01,2046,0.0
GLOBAL,PWROTHARGXX01,2047,0.0
GLOBAL,PWROTHARGXX01,2048,0.0
GLOBAL,PWROTHARGXX01,2049,0.0
GLOBAL,PWROTHARGXX01,2050,0.0
GLOBAL,PWRSPVARGXX01,2021,0.003
GLOBAL,PWRSPVARGXX01,2022,0.003
GLOBAL,PWRSPVARGXX01,2023,0.003
GLOBAL,PWRSPVARGXX01,2024,0.003
GLOBAL,PWRSPVARGXX01,2025,0.003
GLOBAL,PWRSPVARGXX01,2026,0.003
GLOBAL,PWRSPVARGXX01,2027,0.003
GLOBAL,PWRSPVARGXX01,2028,0.003
GLOBAL,PWRSPVARGXX01,2029,0.003
GLOBAL,PWRSPVARGXX01,2030,0.003
GLOBAL,PWRSPVARGXX01,2031,0.003
GLOBAL,PWRSPVARGXX01,2032,0.003
GLOBAL,PWRSPVARGXX01,2033,0.003
GLOBAL,PWRSPVARGXX01,2034,0.003
GLOBAL,PWRSPVARGXX01,2035,0.003
GLOBAL,PWRSPVARGXX01,2036,0.003
GLOBAL,PWRSPVARGXX01,2037,0.003
GLOBAL,PWRSPVARGXX01,2038,0.003
GLOBAL,PWRSPVARGXX01,2039,0.003
GLOBAL,PWRSPVARGXX01,2040,0.003
GLOBAL,PWRSPVARGXX01,2041,0.003
GLOBAL,PWRSPVARGXX01,2042,0.003
GLOBAL,PWRSPVARGXX01,2043,0.003
GLOBAL,PWRSPVARGXX01,2044,0.003
GLOBAL,PWRSPVARGXX01,2045,0.0
GLOBAL,PWRSPVARGXX01,2046,0.0
GLOBAL,PWRSPVARGXX01,2047,0.0
GLOBAL,PWRSPVARGXX01,2048,0.0
GLOBAL,PWRSPVARGXX01,2049,0.0
GLOBAL,PWRSPVARGXX01,2050,0.0
GLOBAL,PWRURNARGXX01,2021,1.764
GLOBAL,PWRURNARGXX01,2022,1.764
GLOBAL,PWRURNARGXX01,2023,1.764
GLOBAL,PWRURNARGXX01,2024,1.764
GLOBAL,PWRURNARGXX01,2025,1.764
GLOBAL,PWRURNARGXX01,2026,1.764
GLOBAL,PWRURNARGXX01,2027,1.764
GLOBAL,PWRURNARGXX01,2028,1.764
GLOBAL,PWRURNARGXX01,2029,1.764
GLOBAL,PWRURNARGXX01,2030,1.764
GLOBAL,PWRURNARGXX01,2031,1.764
GLOBAL,PWRURNARGXX01,2032,1.764
GLOBAL,PWRURNARGXX01,2033,1.764
GLOBAL,PWRURNARGXX01,2034,1.764
GLOBAL,PWRURNARGXX01,2035,1.394
GLOBAL,PWRURNARGXX01,2036,1.394
GLOBAL,PWRURNARGXX01,2037,1.394
GLOBAL,PWRURNARGXX01,2038,1.394
GLOBAL,PWRURNARGXX01,2039,1.394
GLOBAL,PWRURNARGXX01,2040,1.394
GLOBAL,PWRURNARGXX01,2041,1.394
GLOBAL,PWRURNARGXX01,2042,1.394
GLOBAL,PWRURNARGXX01,2043,1.394
GLOBAL,PWRURNARGXX01,2044,1.394
GLOBAL,PWRURNARGXX01,2045,0.746
GLOBAL,PWRURNARGXX01,2046,0.746
GLOBAL,PWRURNARGXX01,2047,0.746
GLOBAL,PWRURNARGXX01,2048,0.746
GLOBAL,PWRURNARGXX01,2049,0.746
GLOBAL,PWRURNARGXX01,2050,0.746
GLOBAL,PWRWONARGXX01,2021,0.2793
GLOBAL,PWRWONARGXX01,2022,0.2793
GLOBAL,PWRWONARGXX01,2023,0.2793
GLOBAL,PWRWONARGXX01,2024,0.2793
GLOBAL,PWRWONARGXX01,2025,0.2793
GLOBAL,PWRWONARGXX01,2026,0.2793
GLOBAL,PWRWONARGXX01,2027,0.2793
GLOBAL,PWRWONARGXX01,2028,0.2793
GLOBAL,PWRWONARGXX01,2029,0.2793
GLOBAL,PWRWONARGXX01,2030,0.2793
GLOBAL,PWRWONARGXX01,2031,0.2793
GLOBAL,PWRWONARGXX01,2032,0.2793
GLOBAL,PWRWONARGXX01,2033,0.2793
GLOBAL,PWRWONARGXX01,2034,0.2793
GLOBAL,PWRWONARGXX01,2035,0.2793
GLOBAL,PWRWONARGXX01,2036,0.2793
GLOBAL,PWRWONARGXX01,2037,0.2793
GLOBAL,PWRWONARGXX01,2038,0.2793
GLOBAL,PWRWONARGXX01,2039,0.2793
GLOBAL,PWRWONARGXX01,2040,0.0
GLOBAL,PWRWONARGXX01,2041,0.0
GLOBAL,PWRWONARGXX01,2042,0.0
GLOBAL,PWRWONARGXX01,2043,0.0
GLOBAL,PWRWONARGXX01,2044,0.0
GLOBAL,PWRWONARGXX01,2045,0.0
GLOBAL,PWRWONARGXX01,2046,0.0
GLOBAL,PWRWONARGXX01,2047,0.0
GLOBAL,PWRWONARGXX01,2048,0.0
GLOBAL,PWRWONARGXX01,2049,0.0
GLOBAL,PWRWONARGXX01,2050,0.0
GLOBAL,PWRCCGARMXX00,2021,2.39
GLOBAL,PWRCCGARMXX00,2022,2.39
GLOBAL,PWRCCGARMXX00,2023,2.39
GLOBAL,PWRCCGARMXX00,2024,2.39
GLOBAL,PWRCCGARMXX00,2025,0.271
GLOBAL,PWRCCGARMXX00,2026,0.271
GLOBAL,PWRCCGARMXX00,2027,0.271
GLOBAL,PWRCCGARMXX00,2028,0.271
GLOBAL,PWRCCGARMXX00,2029,0.271
GLOBAL,PWRCCGARMXX00,2030,0.271
GLOBAL,PWRCCGARMXX00,2031,0.271
GLOBAL,PWRCCGARMXX00,2032,0.271
GLOBAL,PWRCCGARMXX00,2033,0.271
GLOBAL,PWRCCGARMXX00,2034,0.271
GLOBAL,PWRCCGARMXX00,2035,0.271
GLOBAL,PWRCCGARMXX00,2036,0.271
GLOBAL,PWRCCGARMXX00,2037,0.271
GLOBAL,PWRCCGARMXX00,2038,0.271
GLOBAL,PWRCCGARMXX00,2039,0.271
GLOBAL,PWRCCGARMXX00,2040,0.271
GLOBAL,PWRCCGARMXX00,2041,0.0
GLOBAL,PWRCCGARMXX00,2042,0.0
GLOBAL,PWRCCGARMXX00,2043,0.0
GLOBAL,PWRCCGARMXX00,2044,0.0
GLOBAL,PWRCCGARMXX00,2045,0.0
GLOBAL,PWRCCGARMXX00,2046,0.0
GLOBAL,PWRCCGARMXX00,2047,0.0
GLOBAL,PWRCCGARMXX00,2048,0.0
GLOBAL,PWRCCGARMXX00,2049,0.0
GLOBAL,PWRCCGARMXX00,2050,0.0
GLOBAL,PWRHYDARMXX01,2021,1.299
GLOBAL,PWRHYDARMXX01,2022,1.299
GLOBAL,PWRHYDARMXX01,2023,1.299
GLOBAL,PWRHYDARMXX01,2024,1.299
GLOBAL,PWRHYDARMXX01,2025,1.299
GLOBAL,PWRHYDARMXX01,2026,1.299
GLOBAL,PWRHYDARMXX01,2027,1.299
GLOBAL,PWRHYDARMXX01,2028,1.299
GLOBAL,PWRHYDARMXX01,2029,1.299
GLOBAL,PWRHYDARMXX01,2030,1.299
GLOBAL,PWRHYDARMXX01,2031,1.299
GLOBAL,PWRHYDARMXX01,2032,1.299
GLOBAL,PWRHYDARMXX01,2033,1.299
GLOBAL,PWRHYDARMXX01,2034,1.299
GLOBAL,PWRHYDARMXX01,2035,1.299
GLOBAL,PWRHYDARMXX01,2036,1.299
GLOBAL,PWRHYDARMXX01,2037,1.299
GLOBAL,PWRHYDARMXX01,2038,1.299
GLOBAL,PWRHYDARMXX01,2039,1.299
GLOBAL,PWRHYDARMXX01,2040,1.299
GLOBAL,PWRHYDARMXX01,2041,1.299
GLOBAL,PWRHYDARMXX01,2042,1.299
GLOBAL,PWRHYDARMXX01,2043,1.299
GLOBAL,PWRHYDARMXX01,2044,1.299
GLOBAL,PWRHYDARMXX01,2045,1.299
GLOBAL,PWRHYDARMXX01,2046,1.299
GLOBAL,PWRHYDARMXX01,2047,1.299
GLOBAL,PWRHYDARMXX01,2048,1.299
GLOBAL,PWRHYDARMXX01,2049,1.299
GLOBAL,PWRHYDARMXX01,2050,1.299
GLOBAL,PWRURNARMXX01,2021,0.375
GLOBAL,PWRURNARMXX01,2022,0.375
GLOBAL,PWRURNARMXX01,2023,0.375
GLOBAL,PWRURNARMXX01,2024,0.375
GLOBAL,PWRURNARMXX01,2025,0.375
GLOBAL,PWRURNARMXX01,2026,0.375
GLOBAL,PWRURNARMXX01,2027,0.375
GLOBAL,PWRURNARMXX01,2028,0.375
GLOBAL,PWRURNARMXX01,2029,0.375
GLOBAL,PWRURNARMXX01,2030,0.375
GLOBAL,PWRURNARMXX01,2031,0.375
GLOBAL,PWRURNARMXX01,2032,0.375
GLOBAL,PWRURNARMXX01,2033,0.375
GLOBAL,PWRURNARMXX01,2034,0.375
GLOBAL,PWRURNARMXX01,2035,0.375
GLOBAL,PWRURNARMXX01,2036,0.375
GLOBAL,PWRURNARMXX01,2037,0.375
GLOBAL,PWRURNARMXX01,2038,0.375
GLOBAL,PWRURNARMXX01,2039,0.375
GLOBAL,PWRURNARMXX01,2040,0.375
GLOBAL,PWRURNARMXX01,2041,0.0
GLOBAL,PWRURNARMXX01,2042,0.0
GLOBAL,PWRURNARMXX01,2043,0.0
GLOBAL,PWRURNARMXX01,2044,0.0
GLOBAL,PWRURNARMXX01,2045,0.0
GLOBAL,PWRURNARMXX01,2046,0.0
GLOBAL,PWRURNARMXX01,2047,0.0
GLOBAL,PWRURNARMXX01,2048,0.0
GLOBAL,PWRURNARMXX01,2049,0.0
GLOBAL,PWRURNARMXX01,2050,0.0
GLOBAL,PWROILATAXX01,2021,0.007
GLOBAL,PWROILATAXX01,2022,0.007
GLOBAL,PWROILATAXX01,2023,0.007
GLOBAL,PWROILATAXX01,2024,0.007
GLOBAL,PWROILATAXX01,2025,0.007
GLOBAL,PWROILATAXX01,2026,0.007
GLOBAL,PWROILATAXX01,2027,0.007
GLOBAL,PWROILATAXX01,2028,0.007
GLOBAL,PWROILATAXX01,2029,0.007
GLOBAL,PWROILATAXX01,2030,0.007
GLOBAL,PWROILATAXX01,2031,0.007
GLOBAL,PWROILATAXX01,2032,0.007
GLOBAL,PWROILATAXX01,2033,0.007
GLOBAL,PWROILATAXX01,2034,0.0
GLOBAL,PWROILATAXX01,2035,0.0
GLOBAL,PWROILATAXX01,2036,0.0
GLOBAL,PWROILATAXX01,2037,0.0
GLOBAL,PWROILATAXX01,2038,0.0
GLOBAL,PWROILATAXX01,2039,0.0
GLOBAL,PWROILATAXX01,2040,0.0
GLOBAL,PWROILATAXX01,2041,0.0
GLOBAL,PWROILATAXX01,2042,0.0
GLOBAL,PWROILATAXX01,2043,0.0
GLOBAL,PWROILATAXX01,2044,0.0
GLOBAL,PWROILATAXX01,2045,0.0
GLOBAL,PWROILATAXX01,2046,0.0
GLOBAL,PWROILATAXX01,2047,0.0
GLOBAL,PWROILATAXX01,2048,0.0
GLOBAL,PWROILATAXX01,2049,0.0
GLOBAL,PWROILATAXX01,2050,0.0
GLOBAL,PWRWONATAXX01,2021,0.001
GLOBAL,PWRWONATAXX01,2022,0.001
GLOBAL,PWRWONATAXX01,2023,0.001
GLOBAL,PWRWONATAXX01,2024,0.001
GLOBAL,PWRWONATAXX01,2025,0.001
GLOBAL,PWRWONATAXX01,2026,0.001
GLOBAL,PWRWONATAXX01,2027,0.001
GLOBAL,PWRWONATAXX01,2028,0.001
GLOBAL,PWRWONATAXX01,2029,0.001
GLOBAL,PWRWONATAXX01,2030,0.001
GLOBAL,PWRWONATAXX01,2031,0.001
GLOBAL,PWRWONATAXX01,2032,0.001
GLOBAL,PWRWONATAXX01,2033,0.001
GLOBAL,PWRWONATAXX01,2034,0.001
GLOBAL,PWRWONATAXX01,2035,0.001
GLOBAL,PWRWONATAXX01,2036,0.001
GLOBAL,PWRWONATAXX01,2037,0.001
GLOBAL,PWRWONATAXX01,2038,0.001
GLOBAL,PWRWONATAXX01,2039,0.001
GLOBAL,PWRWONATAXX01,2040,0.0
GLOBAL,PWRWONATAXX01,2041,0.0
GLOBAL,PWRWONATAXX01,2042,0.0
GLOBAL,PWRWONATAXX01,2043,0.0
GLOBAL,PWRWONATAXX01,2044,0.0
GLOBAL,PWRWONATAXX01,2045,0.0
GLOBAL,PWRWONATAXX01,2046,0.0
GLOBAL,PWRWONATAXX01,2047,0.0
GLOBAL,PWRWONATAXX01,2048,0.0
GLOBAL,PWRWONATAXX01,2049,0.0
GLOBAL,PWRWONATAXX01,2050,0.0
GLOBAL,PWRCCGAUSNT00,2021,0.31
GLOBAL,PWRCCGAUSNT00,2022,0.31
GLOBAL,PWRCCGAUSNT00,2023,0.31
GLOBAL,PWRCCGAUSNT00,2024,0.31
GLOBAL,PWRCCGAUSNT00,2025,0.0
GLOBAL,PWRCCGAUSNT00,2026,0.0
GLOBAL,PWRCCGAUSNT00,2027,0.0
GLOBAL,PWRCCGAUSNT00,2028,0.0
GLOBAL,PWRCCGAUSNT00,2029,0.0
GLOBAL,PWRCCGAUSNT00,2030,0.0
GLOBAL,PWRCCGAUSNT00,2031,0.0
GLOBAL,PWRCCGAUSNT00,2032,0.0
GLOBAL,PWRCCGAUSNT00,2033,0.0
GLOBAL,PWRCCGAUSNT00,2034,0.0
GLOBAL,PWRCCGAUSNT00,2035,0.0
GLOBAL,PWRCCGAUSNT00,2036,0.0
GLOBAL,PWRCCGAUSNT00,2037,0.0
GLOBAL,PWRCCGAUSNT00,2038,0.0
GLOBAL,PWRCCGAUSNT00,2039,0.0
GLOBAL,PWRCCGAUSNT00,2040,0.0
GLOBAL,PWRCCGAUSNT00,2041,0.0
GLOBAL,PWRCCGAUSNT00,2042,0.0
GLOBAL,PWRCCGAUSNT00,2043,0.0
GLOBAL,PWRCCGAUSNT00,2044,0.0
GLOBAL,PWRCCGAUSNT00,2045,0.0
GLOBAL,PWRCCGAUSNT00,2046,0.0
GLOBAL,PWRCCGAUSNT00,2047,0.0
GLOBAL,PWRCCGAUSNT00,2048,0.0
GLOBAL,PWRCCGAUSNT00,2049,0.0
GLOBAL,PWRCCGAUSNT00,2050,0.0
GLOBAL,PWROCGAUSNT00,2021,0.388
GLOBAL,PWROCGAUSNT00,2022,0.388
GLOBAL,PWROCGAUSNT00,2023,0.388
GLOBAL,PWROCGAUSNT00,2024,0.388
GLOBAL,PWROCGAUSNT00,2025,0.0
GLOBAL,PWROCGAUSNT00,2026,0.0
GLOBAL,PWROCGAUSNT00,2027,0.0
GLOBAL,PWROCGAUSNT00,2028,0.0
GLOBAL,PWROCGAUSNT00,2029,0.0
GLOBAL,PWROCGAUSNT00,2030,0.0
GLOBAL,PWROCGAUSNT00,2031,0.0
GLOBAL,PWROCGAUSNT00,2032,0.0
GLOBAL,PWROCGAUSNT00,2033,0.0
GLOBAL,PWROCGAUSNT00,2034,0.0
GLOBAL,PWROCGAUSNT00,2035,0.0
GLOBAL,PWROCGAUSNT00,2036,0.0
GLOBAL,PWROCGAUSNT00,2037,0.0
GLOBAL,PWROCGAUSNT00,2038,0.0
GLOBAL,PWROCGAUSNT00,2039,0.0
GLOBAL,PWROCGAUSNT00,2040,0.0
GLOBAL,PWROCGAUSNT00,2041,0.0
GLOBAL,PWROCGAUSNT00,2042,0.0
GLOBAL,PWROCGAUSNT00,2043,0.0
GLOBAL,PWROCGAUSNT00,2044,0.0
GLOBAL,PWROCGAUSNT00,2045,0.0
GLOBAL,PWROCGAUSNT00,2046,0.0
GLOBAL,PWROCGAUSNT00,2047,0.0
GLOBAL,PWROCGAUSNT00,2048,0.0
GLOBAL,PWROCGAUSNT00,2049,0.0
GLOBAL,PWROCGAUSNT00,2050,0.0
GLOBAL,PWROILAUSNT01,2021,0.002
GLOBAL,PWROILAUSNT01,2022,0.002
GLOBAL,PWROILAUSNT01,2023,0.002
GLOBAL,PWROILAUSNT01,2024,0.002
GLOBAL,PWROILAUSNT01,2025,0.002
GLOBAL,PWROILAUSNT01,2026,0.002
GLOBAL,PWROILAUSNT01,2027,0.0
GLOBAL,PWROILAUSNT01,2028,0.0
GLOBAL,PWROILAUSNT01,2029,0.0
GLOBAL,PWROILAUSNT01,2030,0.0
GLOBAL,PWROILAUSNT01,2031,0.0
GLOBAL,PWROILAUSNT01,2032,0.0
GLOBAL,PWROILAUSNT01,2033,0.0
GLOBAL,PWROILAUSNT01,2034,0.0
GLOBAL,PWROILAUSNT01,2035,0.0
GLOBAL,PWROILAUSNT01,2036,0.0
GLOBAL,PWROILAUSNT01,2037,0.0
GLOBAL,PWROILAUSNT01,2038,0.0
GLOBAL,PWROILAUSNT01,2039,0.0
GLOBAL,PWROILAUSNT01,2040,0.0
GLOBAL,PWROILAUSNT01,2041,0.0
GLOBAL,PWROILAUSNT01,2042,0.0
GLOBAL,PWROILAUSNT01,2043,0.0
GLOBAL,PWROILAUSNT01,2044,0.0
GLOBAL,PWROILAUSNT01,2045,0.0
GLOBAL,PWROILAUSNT01,2046,0.0
GLOBAL,PWROILAUSNT01,2047,0.0
GLOBAL,PWROILAUSNT01,2048,0.0
GLOBAL,PWROILAUSNT01,2049,0.0
GLOBAL,PWROILAUSNT01,2050,0.0
GLOBAL,PWRSPVAUSNT01,2021,0.0115
GLOBAL,PWRSPVAUSNT01,2022,0.0115
GLOBAL,PWRSPVAUSNT01,2023,0.0115
GLOBAL,PWRSPVAUSNT01,2024,0.0115
GLOBAL,PWRSPVAUSNT01,2025,0.0115
GLOBAL,PWRSPVAUSNT01,2026,0.0115
GLOBAL,PWRSPVAUSNT01,2027,0.0115
GLOBAL,PWRSPVAUSNT01,2028,0.0115
GLOBAL,PWRSPVAUSNT01,2029,0.0115
GLOBAL,PWRSPVAUSNT01,2030,0.0115
GLOBAL,PWRSPVAUSNT01,2031,0.0115
GLOBAL,PWRSPVAUSNT01,2032,0.0115
GLOBAL,PWRSPVAUSNT01,2033,0.0115
GLOBAL,PWRSPVAUSNT01,2034,0.0115
GLOBAL,PWRSPVAUSNT01,2035,0.0115
GLOBAL,PWRSPVAUSNT01,2036,0.0115
GLOBAL,PWRSPVAUSNT01,2037,0.0115
GLOBAL,PWRSPVAUSNT01,2038,0.0115
GLOBAL,PWRSPVAUSNT01,2039,0.0115
GLOBAL,PWRSPVAUSNT01,2040,0.0115
GLOBAL,PWRSPVAUSNT01,2041,0.0115
GLOBAL,PWRSPVAUSNT01,2042,0.0115
GLOBAL,PWRSPVAUSNT01,2043,0.0115
GLOBAL,PWRSPVAUSNT01,2044,0.0115
GLOBAL,PWRSPVAUSNT01,2045,0.0
GLOBAL,PWRSPVAUSNT01,2046,0.0
GLOBAL,PWRSPVAUSNT01,2047,0.0
GLOBAL,PWRSPVAUSNT01,2048,0.0
GLOBAL,PWRSPVAUSNT01,2049,0.0
GLOBAL,PWRSPVAUSNT01,2050,0.0
GLOBAL,PWRWASAUSNT01,2021,0.001
GLOBAL,PWRWASAUSNT01,2022,0.001
GLOBAL,PWRWASAUSNT01,2023,0.001
GLOBAL,PWRWASAUSNT01,2024,0.001
GLOBAL,PWRWASAUSNT01,2025,0.001
GLOBAL,PWRWASAUSNT01,2026,0.001
GLOBAL,PWRWASAUSNT01,2027,0.001
GLOBAL,PWRWASAUSNT01,2028,0.001
GLOBAL,PWRWASAUSNT01,2029,0.001
GLOBAL,PWRWASAUSNT01,2030,0.001
GLOBAL,PWRWASAUSNT01,2031,0.001
GLOBAL,PWRWASAUSNT01,2032,0.0
GLOBAL,PWRWASAUSNT01,2033,0.0
GLOBAL,PWRWASAUSNT01,2034,0.0
GLOBAL,PWRWASAUSNT01,2035,0.0
GLOBAL,PWRWASAUSNT01,2036,0.0
GLOBAL,PWRWASAUSNT01,2037,0.0
GLOBAL,PWRWASAUSNT01,2038,0.0
GLOBAL,PWRWASAUSNT01,2039,0.0
GLOBAL,PWRWASAUSNT01,2040,0.0
GLOBAL,PWRWASAUSNT01,2041,0.0
GLOBAL,PWRWASAUSNT01,2042,0.0
GLOBAL,PWRWASAUSNT01,2043,0.0
GLOBAL,PWRWASAUSNT01,2044,0.0
GLOBAL,PWRWASAUSNT01,2045,0.0
GLOBAL,PWRWASAUSNT01,2046,0.0
GLOBAL,PWRWASAUSNT01,2047,0.0
GLOBAL,PWRWASAUSNT01,2048,0.0
GLOBAL,PWRWASAUSNT01,2049,0.0
GLOBAL,PWRWASAUSNT01,2050,0.0
GLOBAL,PWRBIOAUSQL01,2021,0.4726
GLOBAL,PWRBIOAUSQL01,2022,0.4726
GLOBAL,PWRBIOAUSQL01,2023,0.4726
GLOBAL,PWRBIOAUSQL01,2024,0.4726
GLOBAL,PWRBIOAUSQL01,2025,0.4726
GLOBAL,PWRBIOAUSQL01,2026,0.4726
GLOBAL,PWRBIOAUSQL01,2027,0.4726
GLOBAL,PWRBIOAUSQL01,2028,0.4726
GLOBAL,PWRBIOAUSQL01,2029,0.4726
GLOBAL,PWRBIOAUSQL01,2030,0.4726
GLOBAL,PWRBIOAUSQL01,2031,0.4726
GLOBAL,PWRBIOAUSQL01,2032,0.0
GLOBAL,PWRBIOAUSQL01,2033,0.0
GLOBAL,PWRBIOAUSQL01,2034,0.0
GLOBAL,PWRBIOAUSQL01,2035,0.0
GLOBAL,PWRBIOAUSQL01,2036,0.0
GLOBAL,PWRBIOAUSQL01,2037,0.0
GLOBAL,PWRBIOAUSQL01,2038,0.0
GLOBAL,PWRBIOAUSQL01,2039,0.0
GLOBAL,PWRBIOAUSQL01,2040,0.0
GLOBAL,PWRBIOAUSQL01,2041,0.0
GLOBAL,PWRBIOAUSQL01,2042,0.0
GLOBAL,PWRBIOAUSQL01,2043,0.0
GLOBAL,PWRBIOAUSQL01,2044,0.0
GLOBAL,PWRBIOAUSQL01,2045,0.0
GLOBAL,PWRBIOAUSQL01,2046,0.0
GLOBAL,PWRBIOAUSQL01,2047,0.0
GLOBAL,PWRBIOAUSQL01,2048,0.0
GLOBAL,PWRBIOAUSQL01,2049,0.0
GLOBAL,PWRBIOAUSQL01,2050,0.0
GLOBAL,PWRCCGAUSQL00,2021,3.42
GLOBAL,PWRCCGAUSQL00,2022,3.42
GLOBAL,PWRCCGAUSQL00,2023,3.42
GLOBAL,PWRCCGAUSQL00,2024,3.42
GLOBAL,PWRCCGAUSQL00,2025,0.0
GLOBAL,PWRCCGAUSQL00,2026,0.0
GLOBAL,PWRCCGAUSQL00,2027,0.0
GLOBAL,PWRCCGAUSQL00,2028,0.0
GLOBAL,PWRCCGAUSQL00,2029,0.0
GLOBAL,PWRCCGAUSQL00,2030,0.0
GLOBAL,PWRCCGAUSQL00,2031,0.0
GLOBAL,PWRCCGAUSQL00,2032,0.0
GLOBAL,PWRCCGAUSQL00,2033,0.0
GLOBAL,PWRCCGAUSQL00,2034,0.0
GLOBAL,PWRCCGAUSQL00,2035,0.0
GLOBAL,PWRCCGAUSQL00,2036,0.0
GLOBAL,PWRCCGAUSQL00,2037,0.0
GLOBAL,PWRCCGAUSQL00,2038,0.0
GLOBAL,PWRCCGAUSQL00,2039,0.0
GLOBAL,PWRCCGAUSQL00,2040,0.0
GLOBAL,PWRCCGAUSQL00,2041,0.0
GLOBAL,PWRCCGAUSQL00,2042,0.0
GLOBAL,PWRCCGAUSQL00,2043,0.0
GLOBAL,PWRCCGAUSQL00,2044,0.0
GLOBAL,PWRCCGAUSQL00,2045,0.0
GLOBAL,PWRCCGAUSQL00,2046,0.0
GLOBAL,PWRCCGAUSQL00,2047,0.0
GLOBAL,PWRCCGAUSQL00,2048,0.0
GLOBAL,PWRCCGAUSQL00,2049,0.0
GLOBAL,PWRCCGAUSQL00,2050,0.0
GLOBAL,PWRCOAAUSQL01,2021,8.822
GLOBAL,PWRCOAAUSQL01,2022,8.822
GLOBAL,PWRCOAAUSQL01,2023,8.822
GLOBAL,PWRCOAAUSQL01,2024,8.822
GLOBAL,PWRCOAAUSQL01,2025,8.822
GLOBAL,PWRCOAAUSQL01,2026,8.822
GLOBAL,PWRCOAAUSQL01,2027,8.822
GLOBAL,PWRCOAAUSQL01,2028,0.0
GLOBAL,PWRCOAAUSQL01,2029,0.0
GLOBAL,PWRCOAAUSQL01,2030,0.0
GLOBAL,PWRCOAAUSQL01,2031,0.0
GLOBAL,PWRCOAAUSQL01,2032,0.0
GLOBAL,PWRCOAAUSQL01,2033,0.0
GLOBAL,PWRCOAAUSQL01,2034,0.0
GLOBAL,PWRCOAAUSQL01,2035,0.0
GLOBAL,PWRCOAAUSQL01,2036,0.0
GLOBAL,PWRCOAAUSQL01,2037,0.0
GLOBAL,PWRCOAAUSQL01,2038,0.0
GLOBAL,PWRCOAAUSQL01,2039,0.0
GLOBAL,PWRCOAAUSQL01,2040,0.0
GLOBAL,PWRCOAAUSQL01,2041,0.0
GLOBAL,PWRCOAAUSQL01,2042,0.0
GLOBAL,PWRCOAAUSQL01,2043,0.0
GLOBAL,PWRCOAAUSQL01,2044,0.0
GLOBAL,PWRCOAAUSQL01,2045,0.0
GLOBAL,PWRCOAAUSQL01,2046,0.0
GLOBAL,PWRCOAAUSQL01,2047,0.0
GLOBAL,PWRCOAAUSQL01,2048,0.0
GLOBAL,PWRCOAAUSQL01,2049,0.0
GLOBAL,PWRCOAAUSQL01,2050,0.0
GLOBAL,PWRHYDAUSQL01,2021,0.66
GLOBAL,PWRHYDAUSQL01,2022,0.66
GLOBAL,PWRHYDAUSQL01,2023,0.66
GLOBAL,PWRHYDAUSQL01,2024,0.66
GLOBAL,PWRHYDAUSQL01,2025,0.66
GLOBAL,PWRHYDAUSQL01,2026,0.66
GLOBAL,PWRHYDAUSQL01,2027,0.66
GLOBAL,PWRHYDAUSQL01,2028,0.66
GLOBAL,PWRHYDAUSQL01,2029,0.66
GLOBAL,PWRHYDAUSQL01,2030,0.66
GLOBAL,PWRHYDAUSQL01,2031,0.66
GLOBAL,PWRHYDAUSQL01,2032,0.66
GLOBAL,PWRHYDAUSQL01,2033,0.66
GLOBAL,PWRHYDAUSQL01,2034,0.66
GLOBAL,PWRHYDAUSQL01,2035,0.66
GLOBAL,PWRHYDAUSQL01,2036,0.66
GLOBAL,PWRHYDAUSQL01,2037,0.66
GLOBAL,PWRHYDAUSQL01,2038,0.66
GLOBAL,PWRHYDAUSQL01,2039,0.66
GLOBAL,PWRHYDAUSQL01,2040,0.66
GLOBAL,PWRHYDAUSQL01,2041,0.66
GLOBAL,PWRHYDAUSQL01,2042,0.66
GLOBAL,PWRHYDAUSQL01,2043,0.66
GLOBAL,PWRHYDAUSQL01,2044,0.66
GLOBAL,PWRHYDAUSQL01,2045,0.66
GLOBAL,PWRHYDAUSQL01,2046,0.66
GLOBAL,PWRHYDAUSQL01,2047,0.66
GLOBAL,PWRHYDAUSQL01,2048,0.66
GLOBAL,PWRHYDAUSQL01,2049,0.66
GLOBAL,PWRHYDAUSQL01,2050,0.66
GLOBAL,PWROCGAUSQL00,2021,0.441
GLOBAL,PWROCGAUSQL00,2022,0.441
GLOBAL,PWROCGAUSQL00,2023,0.441
GLOBAL,PWROCGAUSQL00,2024,0.441
GLOBAL,PWROCGAUSQL00,2025,0.0
GLOBAL,PWROCGAUSQL00,2026,0.0
GLOBAL,PWROCGAUSQL00,2027,0.0
GLOBAL,PWROCGAUSQL00,2028,0.0
GLOBAL,PWROCGAUSQL00,2029,0.0
GLOBAL,PWROCGAUSQL00,2030,0.0
GLOBAL,PWROCGAUSQL00,2031,0.0
GLOBAL,PWROCGAUSQL00,2032,0.0
GLOBAL,PWROCGAUSQL00,2033,0.0
GLOBAL,PWROCGAUSQL00,2034,0.0
GLOBAL,PWROCGAUSQL00,2035,0.0
GLOBAL,PWROCGAUSQL00,2036,0.0
GLOBAL,PWROCGAUSQL00,2037,0.0
GLOBAL,PWROCGAUSQL00,2038,0.0
GLOBAL,PWROCGAUSQL00,2039,0.0
GLOBAL,PWROCGAUSQL00,2040,0.0
GLOBAL,PWROCGAUSQL00,2041,0.0
GLOBAL,PWROCGAUSQL00,2042,0.0
GLOBAL,PWROCGAUSQL00,2043,0.0
GLOBAL,PWROCGAUSQL00,2044,0.0
GLOBAL,PWROCGAUSQL00,2045,0.0
GLOBAL,PWROCGAUSQL00,2046,0.0
GLOBAL,PWROCGAUSQL00,2047,0.0
GLOBAL,PWROCGAUSQL00,2048,0.0
GLOBAL,PWROCGAUSQL00,2049,0.0
GLOBAL,PWROCGAUSQL00,2050,0.0
GLOBAL,PWROILAUSQL01,2021,0.9408
GLOBAL,PWROILAUSQL01,2022,0.9408
GLOBAL,PWROILAUSQL01,2023,0.9408
GLOBAL,PWROILAUSQL01,2024,0.9408
GLOBAL,PWROILAUSQL01,2025,0.9408
GLOBAL,PWROILAUSQL01,2026,0.9408
GLOBAL,PWROILAUSQL01,2027,0.0
GLOBAL,PWROILAUSQL01,2028,0.0
GLOBAL,PWROILAUSQL01,2029,0.0
GLOBAL,PWROILAUSQL01,2030,0.0
GLOBAL,PWROILAUSQL01,2031,0.0
GLOBAL,PWROILAUSQL01,2032,0.0
GLOBAL,PWROILAUSQL01,2033,0.0
GLOBAL,PWROILAUSQL01,2034,0.0
GLOBAL,PWROILAUSQL01,2035,0.0
GLOBAL,PWROILAUSQL01,2036,0.0
GLOBAL,PWROILAUSQL01,2037,0.0
GLOBAL,PWROILAUSQL01,2038,0.0
GLOBAL,PWROILAUSQL01,2039,0.0
GLOBAL,PWROILAUSQL01,2040,0.0
GLOBAL,PWROILAUSQL01,2041,0.0
GLOBAL,PWROILAUSQL01,2042,0.0
GLOBAL,PWROILAUSQL01,2043,0.0
GLOBAL,PWROILAUSQL01,2044,0.0
GLOBAL,PWROILAUSQL01,2045,0.0
GLOBAL,PWROILAUSQL01,2046,0.0
GLOBAL,PWROILAUSQL01,2047,0.0
GLOBAL,PWROILAUSQL01,2048,0.0
GLOBAL,PWROILAUSQL01,2049,0.0
GLOBAL,PWROILAUSQL01,2050,0.0
GLOBAL,PWRSPVAUSQL01,2021,0.0136
GLOBAL,PWRSPVAUSQL01,2022,0.0136
GLOBAL,PWRSPVAUSQL01,2023,0.0136
GLOBAL,PWRSPVAUSQL01,2024,0.0136
GLOBAL,PWRSPVAUSQL01,2025,0.0136
GLOBAL,PWRSPVAUSQL01,2026,0.0136
GLOBAL,PWRSPVAUSQL01,2027,0.0136
GLOBAL,PWRSPVAUSQL01,2028,0.0136
GLOBAL,PWRSPVAUSQL01,2029,0.0136
GLOBAL,PWRSPVAUSQL01,2030,0.0136
GLOBAL,PWRSPVAUSQL01,2031,0.0136
GLOBAL,PWRSPVAUSQL01,2032,0.0136
GLOBAL,PWRSPVAUSQL01,2033,0.0136
GLOBAL,PWRSPVAUSQL01,2034,0.0136
GLOBAL,PWRSPVAUSQL01,2035,0.0136
GLOBAL,PWRSPVAUSQL01,2036,0.0136
GLOBAL,PWRSPVAUSQL01,2037,0.0136
GLOBAL,PWRSPVAUSQL01,2038,0.0136
GLOBAL,PWRSPVAUSQL01,2039,0.0136
GLOBAL,PWRSPVAUSQL01,2040,0.0136
GLOBAL,PWRSPVAUSQL01,2041,0.0136
GLOBAL,PWRSPVAUSQL01,2042,0.0136
GLOBAL,PWRSPVAUSQL01,2043,0.0136
GLOBAL,PWRSPVAUSQL01,2044,0.0136
GLOBAL,PWRSPVAUSQL01,2045,0.0
GLOBAL,PWRSPVAUSQL01,2046,0.0
GLOBAL,PWRSPVAUSQL01,2047,0.0
GLOBAL,PWRSPVAUSQL01,2048,0.0
GLOBAL,PWRSPVAUSQL01,2049,0.0
GLOBAL,PWRSPVAUSQL01,2050,0.0
GLOBAL,PWRWASAUSQL01,2021,0.012
GLOBAL,PWRWASAUSQL01,2022,0.012
GLOBAL,PWRWASAUSQL01,2023,0.012
GLOBAL,PWRWASAUSQL01,2024,0.012
GLOBAL,PWRWASAUSQL01,2025,0.012
GLOBAL,PWRWASAUSQL01,2026,0.012
GLOBAL,PWRWASAUSQL01,2027,0.012
GLOBAL,PWRWASAUSQL01,2028,0.012
GLOBAL,PWRWASAUSQL01,2029,0.012
GLOBAL,PWRWASAUSQL01,2030,0.012
GLOBAL,PWRWASAUSQL01,2031,0.012
GLOBAL,PWRWASAUSQL01,2032,0.0
GLOBAL,PWRWASAUSQL01,2033,0.0
GLOBAL,PWRWASAUSQL01,2034,0.0
GLOBAL,PWRWASAUSQL01,2035,0.0
GLOBAL,PWRWASAUSQL01,2036,0.0
GLOBAL,PWRWASAUSQL01,2037,0.0
GLOBAL,PWRWASAUSQL01,2038,0.0
GLOBAL,PWRWASAUSQL01,2039,0.0
GLOBAL,PWRWASAUSQL01,2040,0.0
GLOBAL,PWRWASAUSQL01,2041,0.0
GLOBAL,PWRWASAUSQL01,2042,0.0
GLOBAL,PWRWASAUSQL01,2043,0.0
GLOBAL,PWRWASAUSQL01,2044,0.0
GLOBAL,PWRWASAUSQL01,2045,0.0
GLOBAL,PWRWASAUSQL01,2046,0.0
GLOBAL,PWRWASAUSQL01,2047,0.0
GLOBAL,PWRWASAUSQL01,2048,0.0
GLOBAL,PWRWASAUSQL01,2049,0.0
GLOBAL,PWRWASAUSQL01,2050,0.0
GLOBAL,PWRWONAUSQL01,2021,0.012
GLOBAL,PWRWONAUSQL01,2022,0.012
GLOBAL,PWRWONAUSQL01,2023,0.012
GLOBAL,PWRWONAUSQL01,2024,0.012
GLOBAL,PWRWONAUSQL01,2025,0.012
GLOBAL,PWRWONAUSQL01,2026,0.012
GLOBAL,PWRWONAUSQL01,2027,0.012
GLOBAL,PWRWONAUSQL01,2028,0.012
GLOBAL,PWRWONAUSQL01,2029,0.012
GLOBAL,PWRWONAUSQL01,2030,0.012
GLOBAL,PWRWONAUSQL01,2031,0.012
GLOBAL,PWRWONAUSQL01,2032,0.012
GLOBAL,PWRWONAUSQL01,2033,0.012
GLOBAL,PWRWONAUSQL01,2034,0.012
GLOBAL,PWRWONAUSQL01,2035,0.012
GLOBAL,PWRWONAUSQL01,2036,0.012
GLOBAL,PWRWONAUSQL01,2037,0.012
GLOBAL,PWRWONAUSQL01,2038,0.012
GLOBAL,PWRWONAUSQL01,2039,0.012
GLOBAL,PWRWONAUSQL01,2040,0.0
GLOBAL,PWRWONAUSQL01,2041,0.0
GLOBAL,PWRWONAUSQL01,2042,0.0
GLOBAL,PWRWONAUSQL01,2043,0.0
GLOBAL,PWRWONAUSQL01,2044,0.0
GLOBAL,PWRWONAUSQL01,2045,0.0
GLOBAL,PWRWONAUSQL01,2046,0.0
GLOBAL,PWRWONAUSQL01,2047,0.0
GLOBAL,PWRWONAUSQL01,2048,0.0
GLOBAL,PWRWONAUSQL01,2049,0.0
GLOBAL,PWRWONAUSQL01,2050,0.0
GLOBAL,PWRBIOAUSSA01,2021,0.01
GLOBAL,PWRBIOAUSSA01,2022,0.01
GLOBAL,PWRBIOAUSSA01,2023,0.01
GLOBAL,PWRBIOAUSSA01,2024,0.01
GLOBAL,PWRBIOAUSSA01,2025,0.01
GLOBAL,PWRBIOAUSSA01,2026,0.01
GLOBAL,PWRBIOAUSSA01,2027,0.01
GLOBAL,PWRBIOAUSSA01,2028,0.01
GLOBAL,PWRBIOAUSSA01,2029,0.01
GLOBAL,PWRBIOAUSSA01,2030,0.01
GLOBAL,PWRBIOAUSSA01,2031,0.01
GLOBAL,PWRBIOAUSSA01,2032,0.0
GLOBAL,PWRBIOAUSSA01,2033,0.0
GLOBAL,PWRBIOAUSSA01,2034,0.0
GLOBAL,PWRBIOAUSSA01,2035,0.0
GLOBAL,PWRBIOAUSSA01,2036,0.0
GLOBAL,PWRBIOAUSSA01,2037,0.0
GLOBAL,PWRBIOAUSSA01,2038,0.0
GLOBAL,PWRBIOAUSSA01,2039,0.0
GLOBAL,PWRBIOAUSSA01,2040,0.0
GLOBAL,PWRBIOAUSSA01,2041,0.0
GLOBAL,PWRBIOAUSSA01,2042,0.0
GLOBAL,PWRBIOAUSSA01,2043,0.0
GLOBAL,PWRBIOAUSSA01,2044,0.0
GLOBAL,PWRBIOAUSSA01,2045,0.0
GLOBAL,PWRBIOAUSSA01,2046,0.0
GLOBAL,PWRBIOAUSSA01,2047,0.0
GLOBAL,PWRBIOAUSSA01,2048,0.0
GLOBAL,PWRBIOAUSSA01,2049,0.0
GLOBAL,PWRBIOAUSSA01,2050,0.0
GLOBAL,PWRCCGAUSSA00,2021,2.546
GLOBAL,PWRCCGAUSSA00,2022,2.546
GLOBAL,PWRCCGAUSSA00,2023,2.546
GLOBAL,PWRCCGAUSSA00,2024,2.546
GLOBAL,PWRCCGAUSSA00,2025,0.0
GLOBAL,PWRCCGAUSSA00,2026,0.0
GLOBAL,PWRCCGAUSSA00,2027,0.0
GLOBAL,PWRCCGAUSSA00,2028,0.0
GLOBAL,PWRCCGAUSSA00,2029,0.0
GLOBAL,PWRCCGAUSSA00,2030,0.0
GLOBAL,PWRCCGAUSSA00,2031,0.0
GLOBAL,PWRCCGAUSSA00,2032,0.0
GLOBAL,PWRCCGAUSSA00,2033,0.0
GLOBAL,PWRCCGAUSSA00,2034,0.0
GLOBAL,PWRCCGAUSSA00,2035,0.0
GLOBAL,PWRCCGAUSSA00,2036,0.0
GLOBAL,PWRCCGAUSSA00,2037,0.0
GLOBAL,PWRCCGAUSSA00,2038,0.0
GLOBAL,PWRCCGAUSSA00,2039,0.0
GLOBAL,PWRCCGAUSSA00,2040,0.0
GLOBAL,PWRCCGAUSSA00,2041,0.0
GLOBAL,PWRCCGAUSSA00,2042,0.0
GLOBAL,PWRCCGAUSSA00,2043,0.0
GLOBAL,PWRCCGAUSSA00,2044,0.0
GLOBAL,PWRCCGAUSSA00,2045,0.0
GLOBAL,PWRCCGAUSSA00,2046,0.0
GLOBAL,PWRCCGAUSSA00,2047,0.0
GLOBAL,PWRCCGAUSSA00,2048,0.0
GLOBAL,PWRCCGAUSSA00,2049,0.0
GLOBAL,PWRCCGAUSSA00,2050,0.0
GLOBAL,PWRCOAAUSSA01,2021,0.53
GLOBAL,PWRCOAAUSSA01,2022,0.53
GLOBAL,PWRCOAAUSSA01,2023,0.53
GLOBAL,PWRCOAAUSSA01,2024,0.53
GLOBAL,PWRCOAAUSSA01,2025,0.53
GLOBAL,PWRCOAAUSSA01,2026,0.53
GLOBAL,PWRCOAAUSSA01,2027,0.53
GLOBAL,PWRCOAAUSSA01,2028,0.0
GLOBAL,PWRCOAAUSSA01,2029,0.0
GLOBAL,PWRCOAAUSSA01,2030,0.0
GLOBAL,PWRCOAAUSSA01,2031,0.0
GLOBAL,PWRCOAAUSSA01,2032,0.0
GLOBAL,PWRCOAAUSSA01,2033,0.0
GLOBAL,PWRCOAAUSSA01,2034,0.0
GLOBAL,PWRCOAAUSSA01,2035,0.0
GLOBAL,PWRCOAAUSSA01,2036,0.0
GLOBAL,PWRCOAAUSSA01,2037,0.0
GLOBAL,PWRCOAAUSSA01,2038,0.0
GLOBAL,PWRCOAAUSSA01,2039,0.0
GLOBAL,PWRCOAAUSSA01,2040,0.0
GLOBAL,PWRCOAAUSSA01,2041,0.0
GLOBAL,PWRCOAAUSSA01,2042,0.0
GLOBAL,PWRCOAAUSSA01,2043,0.0
GLOBAL,PWRCOAAUSSA01,2044,0.0
GLOBAL,PWRCOAAUSSA01,2045,0.0
GLOBAL,PWRCOAAUSSA01,2046,0.0
GLOBAL,PWRCOAAUSSA01,2047,0.0
GLOBAL,PWRCOAAUSSA01,2048,0.0
GLOBAL,PWRCOAAUSSA01,2049,0.0
GLOBAL,PWRCOAAUSSA01,2050,0.0
GLOBAL,PWRHYDAUSSA01,2021,0.085
GLOBAL,PWRHYDAUSSA01,2022,0.085
GLOBAL,PWRHYDAUSSA01,2023,0.085
GLOBAL,PWRHYDAUSSA01,2024,0.085
GLOBAL,PWRHYDAUSSA01,2025,0.085
GLOBAL,PWRHYDAUSSA01,2026,0.085
GLOBAL,PWRHYDAUSSA01,2027,0.085
GLOBAL,PWRHYDAUSSA01,2028,0.085
GLOBAL,PWRHYDAUSSA01,2029,0.085
GLOBAL,PWRHYDAUSSA01,2030,0.085
GLOBAL,PWRHYDAUSSA01,2031,0.085
GLOBAL,PWRHYDAUSSA01,2032,0.085
GLOBAL,PWRHYDAUSSA01,2033,0.085
GLOBAL,PWRHYDAUSSA01,2034,0.085
GLOBAL,PWRHYDAUSSA01,2035,0.085
GLOBAL,PWRHYDAUSSA01,2036,0.085
GLOBAL,PWRHYDAUSSA01,2037,0.085
GLOBAL,PWRHYDAUSSA01,2038,0.085
GLOBAL,PWRHYDAUSSA01,2039,0.085
GLOBAL,PWRHYDAUSSA01,2040,0.085
GLOBAL,PWRHYDAUSSA01,2041,0.085
GLOBAL,PWRHYDAUSSA01,2042,0.085
GLOBAL,PWRHYDAUSSA01,2043,0.085
GLOBAL,PWRHYDAUSSA01,2044,0.085
GLOBAL,PWRHYDAUSSA01,2045,0.085
GLOBAL,PWRHYDAUSSA01,2046,0.085
GLOBAL,PWRHYDAUSSA01,2047,0.085
GLOBAL,PWRHYDAUSSA01,2048,0.085
GLOBAL,PWRHYDAUSSA01,2049,0.085
GLOBAL,PWRHYDAUSSA01,2050,0.085
GLOBAL,PWROCGAUSSA00,2021,0.233
GLOBAL,PWROCGAUSSA00,2022,0.233
GLOBAL,PWROCGAUSSA00,2023,0.233
GLOBAL,PWROCGAUSSA00,2024,0.233
GLOBAL,PWROCGAUSSA00,2025,0.0
GLOBAL,PWROCGAUSSA00,2026,0.0
GLOBAL,PWROCGAUSSA00,2027,0.0
GLOBAL,PWROCGAUSSA00,2028,0.0
GLOBAL,PWROCGAUSSA00,2029,0.0
GLOBAL,PWROCGAUSSA00,2030,0.0
GLOBAL,PWROCGAUSSA00,2031,0.0
GLOBAL,PWROCGAUSSA00,2032,0.0
GLOBAL,PWROCGAUSSA00,2033,0.0
GLOBAL,PWROCGAUSSA00,2034,0.0
GLOBAL,PWROCGAUSSA00,2035,0.0
GLOBAL,PWROCGAUSSA00,2036,0.0
GLOBAL,PWROCGAUSSA00,2037,0.0
GLOBAL,PWROCGAUSSA00,2038,0.0
GLOBAL,PWROCGAUSSA00,2039,0.0
GLOBAL,PWROCGAUSSA00,2040,0.0
GLOBAL,PWROCGAUSSA00,2041,0.0
GLOBAL,PWROCGAUSSA00,2042,0.0
GLOBAL,PWROCGAUSSA00,2043,0.0
GLOBAL,PWROCGAUSSA00,2044,0.0
GLOBAL,PWROCGAUSSA00,2045,0.0
GLOBAL,PWROCGAUSSA00,2046,0.0
GLOBAL,PWROCGAUSSA00,2047,0.0
GLOBAL,PWROCGAUSSA00,2048,0.0
GLOBAL,PWROCGAUSSA00,2049,0.0
GLOBAL,PWROCGAUSSA00,2050,0.0
GLOBAL,PWROILAUSSA01,2021,0.4431
GLOBAL,PWROILAUSSA01,2022,0.4431
GLOBAL,PWROILAUSSA01,2023,0.4431
GLOBAL,PWROILAUSSA01,2024,0.4431
GLOBAL,PWROILAUSSA01,2025,0.4431
GLOBAL,PWROILAUSSA01,2026,0.4431
GLOBAL,PWROILAUSSA01,2027,0.0
GLOBAL,PWROILAUSSA01,2028,0.0
GLOBAL,PWROILAUSSA01,2029,0.0
GLOBAL,PWROILAUSSA01,2030,0.0
GLOBAL,PWROILAUSSA01,2031,0.0
GLOBAL,PWROILAUSSA01,2032,0.0
GLOBAL,PWROILAUSSA01,2033,0.0
GLOBAL,PWROILAUSSA01,2034,0.0
GLOBAL,PWROILAUSSA01,2035,0.0
GLOBAL,PWROILAUSSA01,2036,0.0
GLOBAL,PWROILAUSSA01,2037,0.0
GLOBAL,PWROILAUSSA01,2038,0.0
GLOBAL,PWROILAUSSA01,2039,0.0
GLOBAL,PWROILAUSSA01,2040,0.0
GLOBAL,PWROILAUSSA01,2041,0.0
GLOBAL,PWROILAUSSA01,2042,0.0
GLOBAL,PWROILAUSSA01,2043,0.0
GLOBAL,PWROILAUSSA01,2044,0.0
GLOBAL,PWROILAUSSA01,2045,0.0
GLOBAL,PWROILAUSSA01,2046,0.0
GLOBAL,PWROILAUSSA01,2047,0.0
GLOBAL,PWROILAUSSA01,2048,0.0
GLOBAL,PWROILAUSSA01,2049,0.0
GLOBAL,PWROILAUSSA01,2050,0.0
GLOBAL,PWRSPVAUSSA01,2021,1.6815
GLOBAL,PWRSPVAUSSA01,2022,1.6815
GLOBAL,PWRSPVAUSSA01,2023,1.6815
GLOBAL,PWRSPVAUSSA01,2024,1.6815
GLOBAL,PWRSPVAUSSA01,2025,1.6815
GLOBAL,PWRSPVAUSSA01,2026,1.6815
GLOBAL,PWRSPVAUSSA01,2027,1.6815
GLOBAL,PWRSPVAUSSA01,2028,1.6815
GLOBAL,PWRSPVAUSSA01,2029,1.6815
GLOBAL,PWRSPVAUSSA01,2030,1.6815
GLOBAL,PWRSPVAUSSA01,2031,1.6815
GLOBAL,PWRSPVAUSSA01,2032,1.6815
GLOBAL,PWRSPVAUSSA01,2033,1.6815
GLOBAL,PWRSPVAUSSA01,2034,1.6815
GLOBAL,PWRSPVAUSSA01,2035,1.6815
GLOBAL,PWRSPVAUSSA01,2036,1.6815
GLOBAL,PWRSPVAUSSA01,2037,1.6815
GLOBAL,PWRSPVAUSSA01,2038,1.6815
GLOBAL,PWRSPVAUSSA01,2039,1.6815
GLOBAL,PWRSPVAUSSA01,2040,1.6815
GLOBAL,PWRSPVAUSSA01,2041,1.6815
GLOBAL,PWRSPVAUSSA01,2042,1.6815
GLOBAL,PWRSPVAUSSA01,2043,1.6815
GLOBAL,PWRSPVAUSSA01,2044,1.6815
GLOBAL,PWRSPVAUSSA01,2045,0.0
GLOBAL,PWRSPVAUSSA01,2046,0.0
GLOBAL,PWRSPVAUSSA01,2047,0.0
GLOBAL,PWRSPVAUSSA01,2048,0.0
GLOBAL,PWRSPVAUSSA01,2049,0.0
GLOBAL,PWRSPVAUSSA01,2050,0.0
GLOBAL,PWRWASAUSSA01,2021,0.016
GLOBAL,PWRWASAUSSA01,2022,0.016
GLOBAL,PWRWASAUSSA01,2023,0.016
GLOBAL,PWRWASAUSSA01,2024,0.016
GLOBAL,PWRWASAUSSA01,2025,0.016
GLOBAL,PWRWASAUSSA01,2026,0.016
GLOBAL,PWRWASAUSSA01,2027,0.016
GLOBAL,PWRWASAUSSA01,2028,0.016
GLOBAL,PWRWASAUSSA01,2029,0.016
GLOBAL,PWRWASAUSSA01,2030,0.016
GLOBAL,PWRWASAUSSA01,2031,0.016
GLOBAL,PWRWASAUSSA01,2032,0.0
GLOBAL,PWRWASAUSSA01,2033,0.0
GLOBAL,PWRWASAUSSA01,2034,0.0
GLOBAL,PWRWASAUSSA01,2035,0.0
GLOBAL,PWRWASAUSSA01,2036,0.0
GLOBAL,PWRWASAUSSA01,2037,0.0
GLOBAL,PWRWASAUSSA01,2038,0.0
GLOBAL,PWRWASAUSSA01,2039,0.0
GLOBAL,PWRWASAUSSA01,2040,0.0
GLOBAL,PWRWASAUSSA01,2041,0.0
GLOBAL,PWRWASAUSSA01,2042,0.0
GLOBAL,PWRWASAUSSA01,2043,0.0
GLOBAL,PWRWASAUSSA01,2044,0.0
GLOBAL,PWRWASAUSSA01,2045,0.0
GLOBAL,PWRWASAUSSA01,2046,0.0
GLOBAL,PWRWASAUSSA01,2047,0.0
GLOBAL,PWRWASAUSSA01,2048,0.0
GLOBAL,PWRWASAUSSA01,2049,0.0
GLOBAL,PWRWASAUSSA01,2050,0.0
GLOBAL,PWRWONAUSSA01,2021,1.38
GLOBAL,PWRWONAUSSA01,2022,1.38
GLOBAL,PWRWONAUSSA01,2023,1.38
GLOBAL,PWRWONAUSSA01,2024,1.38
GLOBAL,PWRWONAUSSA01,2025,1.38
GLOBAL,PWRWONAUSSA01,2026,1.38
GLOBAL,PWRWONAUSSA01,2027,1.38
GLOBAL,PWRWONAUSSA01,2028,1.38
GLOBAL,PWRWONAUSSA01,2029,1.38
GLOBAL,PWRWONAUSSA01,2030,1.38
GLOBAL,PWRWONAUSSA01,2031,1.38
GLOBAL,PWRWONAUSSA01,2032,1.38
GLOBAL,PWRWONAUSSA01,2033,1.38
GLOBAL,PWRWONAUSSA01,2034,1.38
GLOBAL,PWRWONAUSSA01,2035,1.38
GLOBAL,PWRWONAUSSA01,2036,1.38
GLOBAL,PWRWONAUSSA01,2037,1.38
GLOBAL,PWRWONAUSSA01,2038,1.38
GLOBAL,PWRWONAUSSA01,2039,1.38
GLOBAL,PWRWONAUSSA01,2040,0.0
GLOBAL,PWRWONAUSSA01,2041,0.0
GLOBAL,PWRWONAUSSA01,2042,0.0
GLOBAL,PWRWONAUSSA01,2043,0.0
GLOBAL,PWRWONAUSSA01,2044,0.0
GLOBAL,PWRWONAUSSA01,2045,0.0
GLOBAL,PWRWONAUSSA01,2046,0.0
GLOBAL,PWRWONAUSSA01,2047,0.0
GLOBAL,PWRWONAUSSA01,2048,0.0
GLOBAL,PWRWONAUSSA01,2049,0.0
GLOBAL,PWRWONAUSSA01,2050,0.0
GLOBAL,PWRBIOAUSSW01,2021,0.088
GLOBAL,PWRBIOAUSSW01,2022,0.088
GLOBAL,PWRBIOAUSSW01,2023,0.088
GLOBAL,PWRBIOAUSSW01,2024,0.088
GLOBAL,PWRBIOAUSSW01,2025,0.088
GLOBAL,PWRBIOAUSSW01,2026,0.088
GLOBAL,PWRBIOAUSSW01,2027,0.088
GLOBAL,PWRBIOAUSSW01,2028,0.088
GLOBAL,PWRBIOAUSSW01,2029,0.088
GLOBAL,PWRBIOAUSSW01,2030,0.088
GLOBAL,PWRBIOAUSSW01,2031,0.088
GLOBAL,PWRBIOAUSSW01,2032,0.0
GLOBAL,PWRBIOAUSSW01,2033,0.0
GLOBAL,PWRBIOAUSSW01,2034,0.0
GLOBAL,PWRBIOAUSSW01,2035,0.0
GLOBAL,PWRBIOAUSSW01,2036,0.0
GLOBAL,PWRBIOAUSSW01,2037,0.0
GLOBAL,PWRBIOAUSSW01,2038,0.0
GLOBAL,PWRBIOAUSSW01,2039,0.0
GLOBAL,PWRBIOAUSSW01,2040,0.0
GLOBAL,PWRBIOAUSSW01,2041,0.0
GLOBAL,PWRBIOAUSSW01,2042,0.0
GLOBAL,PWRBIOAUSSW01,2043,0.0
GLOBAL,PWRBIOAUSSW01,2044,0.0
GLOBAL,PWRBIOAUSSW01,2045,0.0
GLOBAL,PWRBIOAUSSW01,2046,0.0
GLOBAL,PWRBIOAUSSW01,2047,0.0
GLOBAL,PWRBIOAUSSW01,2048,0.0
GLOBAL,PWRBIOAUSSW01,2049,0.0
GLOBAL,PWRBIOAUSSW01,2050,0.0
GLOBAL,PWRCCGAUSSW00,2021,3.599
GLOBAL,PWRCCGAUSSW00,2022,3.599
GLOBAL,PWRCCGAUSSW00,2023,3.599
GLOBAL,PWRCCGAUSSW00,2024,3.599
GLOBAL,PWRCCGAUSSW00,2025,0.0
GLOBAL,PWRCCGAUSSW00,2026,0.0
GLOBAL,PWRCCGAUSSW00,2027,0.0
GLOBAL,PWRCCGAUSSW00,2028,0.0
GLOBAL,PWRCCGAUSSW00,2029,0.0
GLOBAL,PWRCCGAUSSW00,2030,0.0
GLOBAL,PWRCCGAUSSW00,2031,0.0
GLOBAL,PWRCCGAUSSW00,2032,0.0
GLOBAL,PWRCCGAUSSW00,2033,0.0
GLOBAL,PWRCCGAUSSW00,2034,0.0
GLOBAL,PWRCCGAUSSW00,2035,0.0
GLOBAL,PWRCCGAUSSW00,2036,0.0
GLOBAL,PWRCCGAUSSW00,2037,0.0
GLOBAL,PWRCCGAUSSW00,2038,0.0
GLOBAL,PWRCCGAUSSW00,2039,0.0
GLOBAL,PWRCCGAUSSW00,2040,0.0
GLOBAL,PWRCCGAUSSW00,2041,0.0
GLOBAL,PWRCCGAUSSW00,2042,0.0
GLOBAL,PWRCCGAUSSW00,2043,0.0
GLOBAL,PWRCCGAUSSW00,2044,0.0
GLOBAL,PWRCCGAUSSW00,2045,0.0
GLOBAL,PWRCCGAUSSW00,2046,0.0
GLOBAL,PWRCCGAUSSW00,2047,0.0
GLOBAL,PWRCCGAUSSW00,2048,0.0
GLOBAL,PWRCCGAUSSW00,2049,0.0
GLOBAL,PWRCCGAUSSW00,2050,0.0
GLOBAL,PWRCOAAUSSW01,2021,11.727
GLOBAL,PWRCOAAUSSW01,2022,11.727
GLOBAL,PWRCOAAUSSW01,2023,11.727
GLOBAL,PWRCOAAUSSW01,2024,11.727
GLOBAL,PWRCOAAUSSW01,2025,11.727
GLOBAL,PWRCOAAUSSW01,2026,11.727
GLOBAL,PWRCOAAUSSW01,2027,11.727
GLOBAL,PWRCOAAUSSW01,2028,0.0
GLOBAL,PWRCOAAUSSW01,2029,0.0
GLOBAL,PWRCOAAUSSW01,2030,0.0
GLOBAL,PWRCOAAUSSW01,2031,0.0
GLOBAL,PWRCOAAUSSW01,2032,0.0
GLOBAL,PWRCOAAUSSW01,2033,0.0
GLOBAL,PWRCOAAUSSW01,2034,0.0
GLOBAL,PWRCOAAUSSW01,2035,0.0
GLOBAL,PWRCOAAUSSW01,2036,0.0
GLOBAL,PWRCOAAUSSW01,2037,0.0
GLOBAL,PWRCOAAUSSW01,2038,0.0
GLOBAL,PWRCOAAUSSW01,2039,0.0
GLOBAL,PWRCOAAUSSW01,2040,0.0
GLOBAL,PWRCOAAUSSW01,2041,0.0
GLOBAL,PWRCOAAUSSW01,2042,0.0
GLOBAL,PWRCOAAUSSW01,2043,0.0
GLOBAL,PWRCOAAUSSW01,2044,0.0
GLOBAL,PWRCOAAUSSW01,2045,0.0
GLOBAL,PWRCOAAUSSW01,2046,0.0
GLOBAL,PWRCOAAUSSW01,2047,0.0
GLOBAL,PWRCOAAUSSW01,2048,0.0
GLOBAL,PWRCOAAUSSW01,2049,0.0
GLOBAL,PWRCOAAUSSW01,2050,0.0
GLOBAL,PWRCSPAUSSW01,2021,0.009
GLOBAL,PWRCSPAUSSW01,2022,0.009
GLOBAL,PWRCSPAUSSW01,2023,0.009
GLOBAL,PWRCSPAUSSW01,2024,0.009
GLOBAL,PWRCSPAUSSW01,2025,0.009
GLOBAL,PWRCSPAUSSW01,2026,0.009
GLOBAL,PWRCSPAUSSW01,2027,0.009
GLOBAL,PWRCSPAUSSW01,2028,0.009
GLOBAL,PWRCSPAUSSW01,2029,0.009
GLOBAL,PWRCSPAUSSW01,2030,0.009
GLOBAL,PWRCSPAUSSW01,2031,0.009
GLOBAL,PWRCSPAUSSW01,2032,0.009
GLOBAL,PWRCSPAUSSW01,2033,0.009
GLOBAL,PWRCSPAUSSW01,2034,0.009
GLOBAL,PWRCSPAUSSW01,2035,0.009
GLOBAL,PWRCSPAUSSW01,2036,0.009
GLOBAL,PWRCSPAUSSW01,2037,0.009
GLOBAL,PWRCSPAUSSW01,2038,0.009
GLOBAL,PWRCSPAUSSW01,2039,0.009
GLOBAL,PWRCSPAUSSW01,2040,0.0
GLOBAL,PWRCSPAUSSW01,2041,0.0
GLOBAL,PWRCSPAUSSW01,2042,0.0
GLOBAL,PWRCSPAUSSW01,2043,0.0
GLOBAL,PWRCSPAUSSW01,2044,0.0
GLOBAL,PWRCSPAUSSW01,2045,0.0
GLOBAL,PWRCSPAUSSW01,2046,0.0
GLOBAL,PWRCSPAUSSW01,2047,0.0
GLOBAL,PWRCSPAUSSW01,2048,0.0
GLOBAL,PWRCSPAUSSW01,2049,0.0
GLOBAL,PWRCSPAUSSW01,2050,0.0
GLOBAL,PWRHYDAUSSW01,2021,4.797
GLOBAL,PWRHYDAUSSW01,2022,4.797
GLOBAL,PWRHYDAUSSW01,2023,4.797
GLOBAL,PWRHYDAUSSW01,2024,4.797
GLOBAL,PWRHYDAUSSW01,2025,4.797
GLOBAL,PWRHYDAUSSW01,2026,4.797
GLOBAL,PWRHYDAUSSW01,2027,4.797
GLOBAL,PWRHYDAUSSW01,2028,4.797
GLOBAL,PWRHYDAUSSW01,2029,4.797
GLOBAL,PWRHYDAUSSW01,2030,4.797
GLOBAL,PWRHYDAUSSW01,2031,4.797
GLOBAL,PWRHYDAUSSW01,2032,4.797
GLOBAL,PWRHYDAUSSW01,2033,4.797
GLOBAL,PWRHYDAUSSW01,2034,4.797
GLOBAL,PWRHYDAUSSW01,2035,4.797
GLOBAL,PWRHYDAUSSW01,2036,4.797
GLOBAL,PWRHYDAUSSW01,2037,4.797
GLOBAL,PWRHYDAUSSW01,2038,4.797
GLOBAL,PWRHYDAUSSW01,2039,4.797
GLOBAL,PWRHYDAUSSW01,2040,4.797
GLOBAL,PWRHYDAUSSW01,2041,4.797
GLOBAL,PWRHYDAUSSW01,2042,4.797
GLOBAL,PWRHYDAUSSW01,2043,4.797
GLOBAL,PWRHYDAUSSW01,2044,4.797
GLOBAL,PWRHYDAUSSW01,2045,4.797
GLOBAL,PWRHYDAUSSW01,2046,4.797
GLOBAL,PWRHYDAUSSW01,2047,4.797
GLOBAL,PWRHYDAUSSW01,2048,4.797
GLOBAL,PWRHYDAUSSW01,2049,4.797
GLOBAL,PWRHYDAUSSW01,2050,4.797
GLOBAL,PWROCGAUSSW00,2021,0.241
GLOBAL,PWROCGAUSSW00,2022,0.241
GLOBAL,PWROCGAUSSW00,2023,0.241
GLOBAL,PWROCGAUSSW00,2024,0.241
GLOBAL,PWROCGAUSSW00,2025,0.0
GLOBAL,PWROCGAUSSW00,2026,0.0
GLOBAL,PWROCGAUSSW00,2027,0.0
GLOBAL,PWROCGAUSSW00,2028,0.0
GLOBAL,PWROCGAUSSW00,2029,0.0
GLOBAL,PWROCGAUSSW00,2030,0.0
GLOBAL,PWROCGAUSSW00,2031,0.0
GLOBAL,PWROCGAUSSW00,2032,0.0
GLOBAL,PWROCGAUSSW00,2033,0.0
GLOBAL,PWROCGAUSSW00,2034,0.0
GLOBAL,PWROCGAUSSW00,2035,0.0
GLOBAL,PWROCGAUSSW00,2036,0.0
GLOBAL,PWROCGAUSSW00,2037,0.0
GLOBAL,PWROCGAUSSW00,2038,0.0
GLOBAL,PWROCGAUSSW00,2039,0.0
GLOBAL,PWROCGAUSSW00,2040,0.0
GLOBAL,PWROCGAUSSW00,2041,0.0
GLOBAL,PWROCGAUSSW00,2042,0.0
GLOBAL,PWROCGAUSSW00,2043,0.0
GLOBAL,PWROCGAUSSW00,2044,0.0
GLOBAL,PWROCGAUSSW00,2045,0.0
GLOBAL,PWROCGAUSSW00,2046,0.0
GLOBAL,PWROCGAUSSW00,2047,0.0
GLOBAL,PWROCGAUSSW00,2048,0.0
GLOBAL,PWROCGAUSSW00,2049,0.0
GLOBAL,PWROCGAUSSW00,2050,0.0
GLOBAL,PWROILAUSSW01,2021,0.175
GLOBAL,PWROILAUSSW01,2022,0.175
GLOBAL,PWROILAUSSW01,2023,0.175
GLOBAL,PWROILAUSSW01,2024,0.175
GLOBAL,PWROILAUSSW01,2025,0.175
GLOBAL,PWROILAUSSW01,2026,0.175
GLOBAL,PWROILAUSSW01,2027,0.0
GLOBAL,PWROILAUSSW01,2028,0.0
GLOBAL,PWROILAUSSW01,2029,0.0
GLOBAL,PWROILAUSSW01,2030,0.0
GLOBAL,PWROILAUSSW01,2031,0.0
GLOBAL,PWROILAUSSW01,2032,0.0
GLOBAL,PWROILAUSSW01,2033,0.0
GLOBAL,PWROILAUSSW01,2034,0.0
GLOBAL,PWROILAUSSW01,2035,0.0
GLOBAL,PWROILAUSSW01,2036,0.0
GLOBAL,PWROILAUSSW01,2037,0.0
GLOBAL,PWROILAUSSW01,2038,0.0
GLOBAL,PWROILAUSSW01,2039,0.0
GLOBAL,PWROILAUSSW01,2040,0.0
GLOBAL,PWROILAUSSW01,2041,0.0
GLOBAL,PWROILAUSSW01,2042,0.0
GLOBAL,PWROILAUSSW01,2043,0.0
GLOBAL,PWROILAUSSW01,2044,0.0
GLOBAL,PWROILAUSSW01,2045,0.0
GLOBAL,PWROILAUSSW01,2046,0.0
GLOBAL,PWROILAUSSW01,2047,0.0
GLOBAL,PWROILAUSSW01,2048,0.0
GLOBAL,PWROILAUSSW01,2049,0.0
GLOBAL,PWROILAUSSW01,2050,0.0
GLOBAL,PWRSPVAUSSW01,2021,2.5117
GLOBAL,PWRSPVAUSSW01,2022,2.5117
GLOBAL,PWRSPVAUSSW01,2023,2.5117
GLOBAL,PWRSPVAUSSW01,2024,2.5117
GLOBAL,PWRSPVAUSSW01,2025,2.5117
GLOBAL,PWRSPVAUSSW01,2026,2.5117
GLOBAL,PWRSPVAUSSW01,2027,2.5117
GLOBAL,PWRSPVAUSSW01,2028,2.5117
GLOBAL,PWRSPVAUSSW01,2029,2.5117
GLOBAL,PWRSPVAUSSW01,2030,2.5117
GLOBAL,PWRSPVAUSSW01,2031,2.5117
GLOBAL,PWRSPVAUSSW01,2032,2.5117
GLOBAL,PWRSPVAUSSW01,2033,2.5117
GLOBAL,PWRSPVAUSSW01,2034,2.5117
GLOBAL,PWRSPVAUSSW01,2035,2.5117
GLOBAL,PWRSPVAUSSW01,2036,2.5117
GLOBAL,PWRSPVAUSSW01,2037,2.5117
GLOBAL,PWRSPVAUSSW01,2038,2.5117
GLOBAL,PWRSPVAUSSW01,2039,2.5117
GLOBAL,PWRSPVAUSSW01,2040,2.5117
GLOBAL,PWRSPVAUSSW01,2041,2.5117
GLOBAL,PWRSPVAUSSW01,2042,2.5117
GLOBAL,PWRSPVAUSSW01,2043,2.5117
GLOBAL,PWRSPVAUSSW01,2044,2.5117
GLOBAL,PWRSPVAUSSW01,2045,0.0
GLOBAL,PWRSPVAUSSW01,2046,0.0
GLOBAL,PWRSPVAUSSW01,2047,0.0
GLOBAL,PWRSPVAUSSW01,2048,0.0
GLOBAL,PWRSPVAUSSW01,2049,0.0
GLOBAL,PWRSPVAUSSW01,2050,0.0
GLOBAL,PWRWASAUSSW01,2021,0.059
GLOBAL,PWRWASAUSSW01,2022,0.059
GLOBAL,PWRWASAUSSW01,2023,0.059
GLOBAL,PWRWASAUSSW01,2024,0.059
GLOBAL,PWRWASAUSSW01,2025,0.059
GLOBAL,PWRWASAUSSW01,2026,0.059
GLOBAL,PWRWASAUSSW01,2027,0.059
GLOBAL,PWRWASAUSSW01,2028,0.059
GLOBAL,PWRWASAUSSW01,2029,0.059
GLOBAL,PWRWASAUSSW01,2030,0.059
GLOBAL,PWRWASAUSSW01,2031,0.059
GLOBAL,PWRWASAUSSW01,2032,0.0
GLOBAL,PWRWASAUSSW01,2033,0.0
GLOBAL,PWRWASAUSSW01,2034,0.0
GLOBAL,PWRWASAUSSW01,2035,0.0
GLOBAL,PWRWASAUSSW01,2036,0.0
GLOBAL,PWRWASAUSSW01,2037,0.0
GLOBAL,PWRWASAUSSW01,2038,0.0
GLOBAL,PWRWASAUSSW01,2039,0.0
GLOBAL,PWRWASAUSSW01,2040,0.0
GLOBAL,PWRWASAUSSW01,2041,0.0
GLOBAL,PWRWASAUSSW01,2042,0.0
GLOBAL,PWRWASAUSSW01,2043,0.0
GLOBAL,PWRWASAUSSW01,2044,0.0
GLOBAL,PWRWASAUSSW01,2045,0.0
GLOBAL,PWRWASAUSSW01,2046,0.0
GLOBAL,PWRWASAUSSW01,2047,0.0
GLOBAL,PWRWASAUSSW01,2048,0.0
GLOBAL,PWRWASAUSSW01,2049,0.0
GLOBAL,PWRWASAUSSW01,2050,0.0
GLOBAL,PWRWONAUSSW01,2021,1.104
GLOBAL,PWRWONAUSSW01,2022,1.104
GLOBAL,PWRWONAUSSW01,2023,1.104
GLOBAL,PWRWONAUSSW01,2024,1.104
GLOBAL,PWRWONAUSSW01,2025,1.104
GLOBAL,PWRWONAUSSW01,2026,1.104
GLOBAL,PWRWONAUSSW01,2027,1.104
GLOBAL,PWRWONAUSSW01,2028,1.104
GLOBAL,PWRWONAUSSW01,2029,1.104
GLOBAL,PWRWONAUSSW01,2030,1.104
GLOBAL,PWRWONAUSSW01,2031,1.104
GLOBAL,PWRWONAUSSW01,2032,1.104
GLOBAL,PWRWONAUSSW01,2033,1.104
GLOBAL,PWRWONAUSSW01,2034,1.104
GLOBAL,PWRWONAUSSW01,2035,1.104
GLOBAL,PWRWONAUSSW01,2036,1.104
GLOBAL,PWRWONAUSSW01,2037,1.104
GLOBAL,PWRWONAUSSW01,2038,1.104
GLOBAL,PWRWONAUSSW01,2039,1.104
GLOBAL,PWRWONAUSSW01,2040,0.0
GLOBAL,PWRWONAUSSW01,2041,0.0
GLOBAL,PWRWONAUSSW01,2042,0.0
GLOBAL,PWRWONAUSSW01,2043,0.0
GLOBAL,PWRWONAUSSW01,2044,0.0
GLOBAL,PWRWONAUSSW01,2045,0.0
GLOBAL,PWRWONAUSSW01,2046,0.0
GLOBAL,PWRWONAUSSW01,2047,0.0
GLOBAL,PWRWONAUSSW01,2048,0.0
GLOBAL,PWRWONAUSSW01,2049,0.0
GLOBAL,PWRWONAUSSW01,2050,0.0
GLOBAL,PWRCCGAUSTA00,2021,0.39
GLOBAL,PWRCCGAUSTA00,2022,0.39
GLOBAL,PWRCCGAUSTA00,2023,0.39
GLOBAL,PWRCCGAUSTA00,2024,0.39
GLOBAL,PWRCCGAUSTA00,2025,0.0
GLOBAL,PWRCCGAUSTA00,2026,0.0
GLOBAL,PWRCCGAUSTA00,2027,0.0
GLOBAL,PWRCCGAUSTA00,2028,0.0
GLOBAL,PWRCCGAUSTA00,2029,0.0
GLOBAL,PWRCCGAUSTA00,2030,0.0
GLOBAL,PWRCCGAUSTA00,2031,0.0
GLOBAL,PWRCCGAUSTA00,2032,0.0
GLOBAL,PWRCCGAUSTA00,2033,0.0
GLOBAL,PWRCCGAUSTA00,2034,0.0
GLOBAL,PWRCCGAUSTA00,2035,0.0
GLOBAL,PWRCCGAUSTA00,2036,0.0
GLOBAL,PWRCCGAUSTA00,2037,0.0
GLOBAL,PWRCCGAUSTA00,2038,0.0
GLOBAL,PWRCCGAUSTA00,2039,0.0
GLOBAL,PWRCCGAUSTA00,2040,0.0
GLOBAL,PWRCCGAUSTA00,2041,0.0
GLOBAL,PWRCCGAUSTA00,2042,0.0
GLOBAL,PWRCCGAUSTA00,2043,0.0
GLOBAL,PWRCCGAUSTA00,2044,0.0
GLOBAL,PWRCCGAUSTA00,2045,0.0
GLOBAL,PWRCCGAUSTA00,2046,0.0
GLOBAL,PWRCCGAUSTA00,2047,0.0
GLOBAL,PWRCCGAUSTA00,2048,0.0
GLOBAL,PWRCCGAUSTA00,2049,0.0
GLOBAL,PWRCCGAUSTA00,2050,0.0
GLOBAL,PWRHYDAUSTA01,2021,2.08
GLOBAL,PWRHYDAUSTA01,2022,2.08
GLOBAL,PWRHYDAUSTA01,2023,2.08
GLOBAL,PWRHYDAUSTA01,2024,2.08
GLOBAL,PWRHYDAUSTA01,2025,2.08
GLOBAL,PWRHYDAUSTA01,2026,2.08
GLOBAL,PWRHYDAUSTA01,2027,2.08
GLOBAL,PWRHYDAUSTA01,2028,2.08
GLOBAL,PWRHYDAUSTA01,2029,2.08
GLOBAL,PWRHYDAUSTA01,2030,2.08
GLOBAL,PWRHYDAUSTA01,2031,2.08
GLOBAL,PWRHYDAUSTA01,2032,2.08
GLOBAL,PWRHYDAUSTA01,2033,2.08
GLOBAL,PWRHYDAUSTA01,2034,2.08
GLOBAL,PWRHYDAUSTA01,2035,2.08
GLOBAL,PWRHYDAUSTA01,2036,2.08
GLOBAL,PWRHYDAUSTA01,2037,2.08
GLOBAL,PWRHYDAUSTA01,2038,2.08
GLOBAL,PWRHYDAUSTA01,2039,2.08
GLOBAL,PWRHYDAUSTA01,2040,2.08
GLOBAL,PWRHYDAUSTA01,2041,2.08
GLOBAL,PWRHYDAUSTA01,2042,2.08
GLOBAL,PWRHYDAUSTA01,2043,2.08
GLOBAL,PWRHYDAUSTA01,2044,2.08
GLOBAL,PWRHYDAUSTA01,2045,2.08
GLOBAL,PWRHYDAUSTA01,2046,2.08
GLOBAL,PWRHYDAUSTA01,2047,2.08
GLOBAL,PWRHYDAUSTA01,2048,2.08
GLOBAL,PWRHYDAUSTA01,2049,2.08
GLOBAL,PWRHYDAUSTA01,2050,2.08
GLOBAL,PWROCGAUSTA00,2021,0.115
GLOBAL,PWROCGAUSTA00,2022,0.115
GLOBAL,PWROCGAUSTA00,2023,0.115
GLOBAL,PWROCGAUSTA00,2024,0.115
GLOBAL,PWROCGAUSTA00,2025,0.0
GLOBAL,PWROCGAUSTA00,2026,0.0
GLOBAL,PWROCGAUSTA00,2027,0.0
GLOBAL,PWROCGAUSTA00,2028,0.0
GLOBAL,PWROCGAUSTA00,2029,0.0
GLOBAL,PWROCGAUSTA00,2030,0.0
GLOBAL,PWROCGAUSTA00,2031,0.0
GLOBAL,PWROCGAUSTA00,2032,0.0
GLOBAL,PWROCGAUSTA00,2033,0.0
GLOBAL,PWROCGAUSTA00,2034,0.0
GLOBAL,PWROCGAUSTA00,2035,0.0
GLOBAL,PWROCGAUSTA00,2036,0.0
GLOBAL,PWROCGAUSTA00,2037,0.0
GLOBAL,PWROCGAUSTA00,2038,0.0
GLOBAL,PWROCGAUSTA00,2039,0.0
GLOBAL,PWROCGAUSTA00,2040,0.0
GLOBAL,PWROCGAUSTA00,2041,0.0
GLOBAL,PWROCGAUSTA00,2042,0.0
GLOBAL,PWROCGAUSTA00,2043,0.0
GLOBAL,PWROCGAUSTA00,2044,0.0
GLOBAL,PWROCGAUSTA00,2045,0.0
GLOBAL,PWROCGAUSTA00,2046,0.0
GLOBAL,PWROCGAUSTA00,2047,0.0
GLOBAL,PWROCGAUSTA00,2048,0.0
GLOBAL,PWROCGAUSTA00,2049,0.0
GLOBAL,PWROCGAUSTA00,2050,0.0
GLOBAL,PWROILAUSTA01,2021,0.009
GLOBAL,PWROILAUSTA01,2022,0.009
GLOBAL,PWROILAUSTA01,2023,0.009
GLOBAL,PWROILAUSTA01,2024,0.009
GLOBAL,PWROILAUSTA01,2025,0.009
GLOBAL,PWROILAUSTA01,2026,0.009
GLOBAL,PWROILAUSTA01,2027,0.0
GLOBAL,PWROILAUSTA01,2028,0.0
GLOBAL,PWROILAUSTA01,2029,0.0
GLOBAL,PWROILAUSTA01,2030,0.0
GLOBAL,PWROILAUSTA01,2031,0.0
GLOBAL,PWROILAUSTA01,2032,0.0
GLOBAL,PWROILAUSTA01,2033,0.0
GLOBAL,PWROILAUSTA01,2034,0.0
GLOBAL,PWROILAUSTA01,2035,0.0
GLOBAL,PWROILAUSTA01,2036,0.0
GLOBAL,PWROILAUSTA01,2037,0.0
GLOBAL,PWROILAUSTA01,2038,0.0
GLOBAL,PWROILAUSTA01,2039,0.0
GLOBAL,PWROILAUSTA01,2040,0.0
GLOBAL,PWROILAUSTA01,2041,0.0
GLOBAL,PWROILAUSTA01,2042,0.0
GLOBAL,PWROILAUSTA01,2043,0.0
GLOBAL,PWROILAUSTA01,2044,0.0
GLOBAL,PWROILAUSTA01,2045,0.0
GLOBAL,PWROILAUSTA01,2046,0.0
GLOBAL,PWROILAUSTA01,2047,0.0
GLOBAL,PWROILAUSTA01,2048,0.0
GLOBAL,PWROILAUSTA01,2049,0.0
GLOBAL,PWROILAUSTA01,2050,0.0
GLOBAL,PWRWASAUSTA01,2021,0.005
GLOBAL,PWRWASAUSTA01,2022,0.005
GLOBAL,PWRWASAUSTA01,2023,0.005
GLOBAL,PWRWASAUSTA01,2024,0.005
GLOBAL,PWRWASAUSTA01,2025,0.005
GLOBAL,PWRWASAUSTA01,2026,0.005
GLOBAL,PWRWASAUSTA01,2027,0.005
GLOBAL,PWRWASAUSTA01,2028,0.005
GLOBAL,PWRWASAUSTA01,2029,0.005
GLOBAL,PWRWASAUSTA01,2030,0.005
GLOBAL,PWRWASAUSTA01,2031,0.005
GLOBAL,PWRWASAUSTA01,2032,0.0
GLOBAL,PWRWASAUSTA01,2033,0.0
GLOBAL,PWRWASAUSTA01,2034,0.0
GLOBAL,PWRWASAUSTA01,2035,0.0
GLOBAL,PWRWASAUSTA01,2036,0.0
GLOBAL,PWRWASAUSTA01,2037,0.0
GLOBAL,PWRWASAUSTA01,2038,0.0
GLOBAL,PWRWASAUSTA01,2039,0.0
GLOBAL,PWRWASAUSTA01,2040,0.0
GLOBAL,PWRWASAUSTA01,2041,0.0
GLOBAL,PWRWASAUSTA01,2042,0.0
GLOBAL,PWRWASAUSTA01,2043,0.0
GLOBAL,PWRWASAUSTA01,2044,0.0
GLOBAL,PWRWASAUSTA01,2045,0.0
GLOBAL,PWRWASAUSTA01,2046,0.0
GLOBAL,PWRWASAUSTA01,2047,0.0
GLOBAL,PWRWASAUSTA01,2048,0.0
GLOBAL,PWRWASAUSTA01,2049,0.0
GLOBAL,PWRWASAUSTA01,2050,0.0
GLOBAL,PWRWONAUSTA01,2021,0.308
GLOBAL,PWRWONAUSTA01,2022,0.308
GLOBAL,PWRWONAUSTA01,2023,0.308
GLOBAL,PWRWONAUSTA01,2024,0.308
GLOBAL,PWRWONAUSTA01,2025,0.308
GLOBAL,PWRWONAUSTA01,2026,0.308
GLOBAL,PWRWONAUSTA01,2027,0.308
GLOBAL,PWRWONAUSTA01,2028,0.308
GLOBAL,PWRWONAUSTA01,2029,0.308
GLOBAL,PWRWONAUSTA01,2030,0.308
GLOBAL,PWRWONAUSTA01,2031,0.308
GLOBAL,PWRWONAUSTA01,2032,0.308
GLOBAL,PWRWONAUSTA01,2033,0.308
GLOBAL,PWRWONAUSTA01,2034,0.308
GLOBAL,PWRWONAUSTA01,2035,0.308
GLOBAL,PWRWONAUSTA01,2036,0.308
GLOBAL,PWRWONAUSTA01,2037,0.308
GLOBAL,PWRWONAUSTA01,2038,0.308
GLOBAL,PWRWONAUSTA01,2039,0.308
GLOBAL,PWRWONAUSTA01,2040,0.0
GLOBAL,PWRWONAUSTA01,2041,0.0
GLOBAL,PWRWONAUSTA01,2042,0.0
GLOBAL,PWRWONAUSTA01,2043,0.0
GLOBAL,PWRWONAUSTA01,2044,0.0
GLOBAL,PWRWONAUSTA01,2045,0.0
GLOBAL,PWRWONAUSTA01,2046,0.0
GLOBAL,PWRWONAUSTA01,2047,0.0
GLOBAL,PWRWONAUSTA01,2048,0.0
GLOBAL,PWRWONAUSTA01,2049,0.0
GLOBAL,PWRWONAUSTA01,2050,0.0
GLOBAL,PWRBIOAUSVI01,2021,0.055
GLOBAL,PWRBIOAUSVI01,2022,0.055
GLOBAL,PWRBIOAUSVI01,2023,0.055
GLOBAL,PWRBIOAUSVI01,2024,0.055
GLOBAL,PWRBIOAUSVI01,2025,0.055
GLOBAL,PWRBIOAUSVI01,2026,0.055
GLOBAL,PWRBIOAUSVI01,2027,0.055
GLOBAL,PWRBIOAUSVI01,2028,0.055
GLOBAL,PWRBIOAUSVI01,2029,0.055
GLOBAL,PWRBIOAUSVI01,2030,0.055
GLOBAL,PWRBIOAUSVI01,2031,0.055
GLOBAL,PWRBIOAUSVI01,2032,0.0
GLOBAL,PWRBIOAUSVI01,2033,0.0
GLOBAL,PWRBIOAUSVI01,2034,0.0
GLOBAL,PWRBIOAUSVI01,2035,0.0
GLOBAL,PWRBIOAUSVI01,2036,0.0
GLOBAL,PWRBIOAUSVI01,2037,0.0
GLOBAL,PWRBIOAUSVI01,2038,0.0
GLOBAL,PWRBIOAUSVI01,2039,0.0
GLOBAL,PWRBIOAUSVI01,2040,0.0
GLOBAL,PWRBIOAUSVI01,2041,0.0
GLOBAL,PWRBIOAUSVI01,2042,0.0
GLOBAL,PWRBIOAUSVI01,2043,0.0
GLOBAL,PWRBIOAUSVI01,2044,0.0
GLOBAL,PWRBIOAUSVI01,2045,0.0
GLOBAL,PWRBIOAUSVI01,2046,0.0
GLOBAL,PWRBIOAUSVI01,2047,0.0
GLOBAL,PWRBIOAUSVI01,2048,0.0
GLOBAL,PWRBIOAUSVI01,2049,0.0
GLOBAL,PWRBIOAUSVI01,2050,0.0
GLOBAL,PWRCCGAUSVI00,2021,2.27
GLOBAL,PWRCCGAUSVI00,2022,2.27
GLOBAL,PWRCCGAUSVI00,2023,2.27
GLOBAL,PWRCCGAUSVI00,2024,2.27
GLOBAL,PWRCCGAUSVI00,2025,0.0
GLOBAL,PWRCCGAUSVI00,2026,0.0
GLOBAL,PWRCCGAUSVI00,2027,0.0
GLOBAL,PWRCCGAUSVI00,2028,0.0
GLOBAL,PWRCCGAUSVI00,2029,0.0
GLOBAL,PWRCCGAUSVI00,2030,0.0
GLOBAL,PWRCCGAUSVI00,2031,0.0
GLOBAL,PWRCCGAUSVI00,2032,0.0
GLOBAL,PWRCCGAUSVI00,2033,0.0
GLOBAL,PWRCCGAUSVI00,2034,0.0
GLOBAL,PWRCCGAUSVI00,2035,0.0
GLOBAL,PWRCCGAUSVI00,2036,0.0
GLOBAL,PWRCCGAUSVI00,2037,0.0
GLOBAL,PWRCCGAUSVI00,2038,0.0
GLOBAL,PWRCCGAUSVI00,2039,0.0
GLOBAL,PWRCCGAUSVI00,2040,0.0
GLOBAL,PWRCCGAUSVI00,2041,0.0
GLOBAL,PWRCCGAUSVI00,2042,0.0
GLOBAL,PWRCCGAUSVI00,2043,0.0
GLOBAL,PWRCCGAUSVI00,2044,0.0
GLOBAL,PWRCCGAUSVI00,2045,0.0
GLOBAL,PWRCCGAUSVI00,2046,0.0
GLOBAL,PWRCCGAUSVI00,2047,0.0
GLOBAL,PWRCCGAUSVI00,2048,0.0
GLOBAL,PWRCCGAUSVI00,2049,0.0
GLOBAL,PWRCCGAUSVI00,2050,0.0
GLOBAL,PWRCOAAUSVI01,2021,6.626
GLOBAL,PWRCOAAUSVI01,2022,6.626
GLOBAL,PWRCOAAUSVI01,2023,6.626
GLOBAL,PWRCOAAUSVI01,2024,6.626
GLOBAL,PWRCOAAUSVI01,2025,6.626
GLOBAL,PWRCOAAUSVI01,2026,6.626
GLOBAL,PWRCOAAUSVI01,2027,6.626
GLOBAL,PWRCOAAUSVI01,2028,0.0
GLOBAL,PWRCOAAUSVI01,2029,0.0
GLOBAL,PWRCOAAUSVI01,2030,0.0
GLOBAL,PWRCOAAUSVI01,2031,0.0
GLOBAL,PWRCOAAUSVI01,2032,0.0
GLOBAL,PWRCOAAUSVI01,2033,0.0
GLOBAL,PWRCOAAUSVI01,2034,0.0
GLOBAL,PWRCOAAUSVI01,2035,0.0
GLOBAL,PWRCOAAUSVI01,2036,0.0
GLOBAL,PWRCOAAUSVI01,2037,0.0
GLOBAL,PWRCOAAUSVI01,2038,0.0
GLOBAL,PWRCOAAUSVI01,2039,0.0
GLOBAL,PWRCOAAUSVI01,2040,0.0
GLOBAL,PWRCOAAUSVI01,2041,0.0
GLOBAL,PWRCOAAUSVI01,2042,0.0
GLOBAL,PWRCOAAUSVI01,2043,0.0
GLOBAL,PWRCOAAUSVI01,2044,0.0
GLOBAL,PWRCOAAUSVI01,2045,0.0
GLOBAL,PWRCOAAUSVI01,2046,0.0
GLOBAL,PWRCOAAUSVI01,2047,0.0
GLOBAL,PWRCOAAUSVI01,2048,0.0
GLOBAL,PWRCOAAUSVI01,2049,0.0
GLOBAL,PWRCOAAUSVI01,2050,0.0
GLOBAL,PWRHYDAUSVI01,2021,0.873
GLOBAL,PWRHYDAUSVI01,2022,0.873
GLOBAL,PWRHYDAUSVI01,2023,0.873
GLOBAL,PWRHYDAUSVI01,2024,0.873
GLOBAL,PWRHYDAUSVI01,2025,0.873
GLOBAL,PWRHYDAUSVI01,2026,0.873
GLOBAL,PWRHYDAUSVI01,2027,0.873
GLOBAL,PWRHYDAUSVI01,2028,0.873
GLOBAL,PWRHYDAUSVI01,2029,0.873
GLOBAL,PWRHYDAUSVI01,2030,0.873
GLOBAL,PWRHYDAUSVI01,2031,0.873
GLOBAL,PWRHYDAUSVI01,2032,0.873
GLOBAL,PWRHYDAUSVI01,2033,0.873
GLOBAL,PWRHYDAUSVI01,2034,0.873
GLOBAL,PWRHYDAUSVI01,2035,0.873
GLOBAL,PWRHYDAUSVI01,2036,0.873
GLOBAL,PWRHYDAUSVI01,2037,0.873
GLOBAL,PWRHYDAUSVI01,2038,0.873
GLOBAL,PWRHYDAUSVI01,2039,0.873
GLOBAL,PWRHYDAUSVI01,2040,0.873
GLOBAL,PWRHYDAUSVI01,2041,0.873
GLOBAL,PWRHYDAUSVI01,2042,0.873
GLOBAL,PWRHYDAUSVI01,2043,0.873
GLOBAL,PWRHYDAUSVI01,2044,0.873
GLOBAL,PWRHYDAUSVI01,2045,0.873
GLOBAL,PWRHYDAUSVI01,2046,0.873
GLOBAL,PWRHYDAUSVI01,2047,0.873
GLOBAL,PWRHYDAUSVI01,2048,0.873
GLOBAL,PWRHYDAUSVI01,2049,0.873
GLOBAL,PWRHYDAUSVI01,2050,0.873
GLOBAL,PWROCGAUSVI00,2021,0.135
GLOBAL,PWROCGAUSVI00,2022,0.135
GLOBAL,PWROCGAUSVI00,2023,0.135
GLOBAL,PWROCGAUSVI00,2024,0.135
GLOBAL,PWROCGAUSVI00,2025,0.0
GLOBAL,PWROCGAUSVI00,2026,0.0
GLOBAL,PWROCGAUSVI00,2027,0.0
GLOBAL,PWROCGAUSVI00,2028,0.0
GLOBAL,PWROCGAUSVI00,2029,0.0
GLOBAL,PWROCGAUSVI00,2030,0.0
GLOBAL,PWROCGAUSVI00,2031,0.0
GLOBAL,PWROCGAUSVI00,2032,0.0
GLOBAL,PWROCGAUSVI00,2033,0.0
GLOBAL,PWROCGAUSVI00,2034,0.0
GLOBAL,PWROCGAUSVI00,2035,0.0
GLOBAL,PWROCGAUSVI00,2036,0.0
GLOBAL,PWROCGAUSVI00,2037,0.0
GLOBAL,PWROCGAUSVI00,2038,0.0
GLOBAL,PWROCGAUSVI00,2039,0.0
GLOBAL,PWROCGAUSVI00,2040,0.0
GLOBAL,PWROCGAUSVI00,2041,0.0
GLOBAL,PWROCGAUSVI00,2042,0.0
GLOBAL,PWROCGAUSVI00,2043,0.0
GLOBAL,PWROCGAUSVI00,2044,0.0
GLOBAL,PWROCGAUSVI00,2045,0.0
GLOBAL,PWROCGAUSVI00,2046,0.0
GLOBAL,PWROCGAUSVI00,2047,0.0
GLOBAL,PWROCGAUSVI00,2048,0.0
GLOBAL,PWROCGAUSVI00,2049,0.0
GLOBAL,PWROCGAUSVI00,2050,0.0
GLOBAL,PWRWASAUSVI01,2021,0.068
GLOBAL,PWRWASAUSVI01,2022,0.068
GLOBAL,PWRWASAUSVI01,2023,0.068
GLOBAL,PWRWASAUSVI01,2024,0.068
GLOBAL,PWRWASAUSVI01,2025,0.068
GLOBAL,PWRWASAUSVI01,2026,0.068
GLOBAL,PWRWASAUSVI01,2027,0.068
GLOBAL,PWRWASAUSVI01,2028,0.068
GLOBAL,PWRWASAUSVI01,2029,0.068
GLOBAL,PWRWASAUSVI01,2030,0.068
GLOBAL,PWRWASAUSVI01,2031,0.068
GLOBAL,PWRWASAUSVI01,2032,0.0
GLOBAL,PWRWASAUSVI01,2033,0.0
GLOBAL,PWRWASAUSVI01,2034,0.0
GLOBAL,PWRWASAUSVI01,2035,0.0
GLOBAL,PWRWASAUSVI01,2036,0.0
GLOBAL,PWRWASAUSVI01,2037,0.0
GLOBAL,PWRWASAUSVI01,2038,0.0
GLOBAL,PWRWASAUSVI01,2039,0.0
GLOBAL,PWRWASAUSVI01,2040,0.0
GLOBAL,PWRWASAUSVI01,2041,0.0
GLOBAL,PWRWASAUSVI01,2042,0.0
GLOBAL,PWRWASAUSVI01,2043,0.0
GLOBAL,PWRWASAUSVI01,2044,0.0
GLOBAL,PWRWASAUSVI01,2045,0.0
GLOBAL,PWRWASAUSVI01,2046,0.0
GLOBAL,PWRWASAUSVI01,2047,0.0
GLOBAL,PWRWASAUSVI01,2048,0.0
GLOBAL,PWRWASAUSVI01,2049,0.0
GLOBAL,PWRWASAUSVI01,2050,0.0
GLOBAL,PWRWONAUSVI01,2021,1.146
GLOBAL,PWRWONAUSVI01,2022,1.146
GLOBAL,PWRWONAUSVI01,2023,1.146
GLOBAL,PWRWONAUSVI01,2024,1.146
GLOBAL,PWRWONAUSVI01,2025,1.146
GLOBAL,PWRWONAUSVI01,2026,1.146
GLOBAL,PWRWONAUSVI01,2027,1.146
GLOBAL,PWRWONAUSVI01,2028,1.146
GLOBAL,PWRWONAUSVI01,2029,1.146
GLOBAL,PWRWONAUSVI01,2030,1.146
GLOBAL,PWRWONAUSVI01,2031,1.146
GLOBAL,PWRWONAUSVI01,2032,1.146
GLOBAL,PWRWONAUSVI01,2033,1.146
GLOBAL,PWRWONAUSVI01,2034,1.146
GLOBAL,PWRWONAUSVI01,2035,1.146
GLOBAL,PWRWONAUSVI01,2036,1.146
GLOBAL,PWRWONAUSVI01,2037,1.146
GLOBAL,PWRWONAUSVI01,2038,1.146
GLOBAL,PWRWONAUSVI01,2039,1.146
GLOBAL,PWRWONAUSVI01,2040,0.0
GLOBAL,PWRWONAUSVI01,2041,0.0
GLOBAL,PWRWONAUSVI01,2042,0.0
GLOBAL,PWRWONAUSVI01,2043,0.0
GLOBAL,PWRWONAUSVI01,2044,0.0
GLOBAL,PWRWONAUSVI01,2045,0.0
GLOBAL,PWRWONAUSVI01,2046,0.0
GLOBAL,PWRWONAUSVI01,2047,0.0
GLOBAL,PWRWONAUSVI01,2048,0.0
GLOBAL,PWRWONAUSVI01,2049,0.0
GLOBAL,PWRWONAUSVI01,2050,0.0
GLOBAL,PWRBIOAUSWA01,2021,0.001
GLOBAL,PWRBIOAUSWA01,2022,0.001
GLOBAL,PWRBIOAUSWA01,2023,0.001
GLOBAL,PWRBIOAUSWA01,2024,0.001
GLOBAL,PWRBIOAUSWA01,2025,0.001
GLOBAL,PWRBIOAUSWA01,2026,0.001
GLOBAL,PWRBIOAUSWA01,2027,0.001
GLOBAL,PWRBIOAUSWA01,2028,0.001
GLOBAL,PWRBIOAUSWA01,2029,0.001
GLOBAL,PWRBIOAUSWA01,2030,0.001
GLOBAL,PWRBIOAUSWA01,2031,0.001
GLOBAL,PWRBIOAUSWA01,2032,0.0
GLOBAL,PWRBIOAUSWA01,2033,0.0
GLOBAL,PWRBIOAUSWA01,2034,0.0
GLOBAL,PWRBIOAUSWA01,2035,0.0
GLOBAL,PWRBIOAUSWA01,2036,0.0
GLOBAL,PWRBIOAUSWA01,2037,0.0
GLOBAL,PWRBIOAUSWA01,2038,0.0
GLOBAL,PWRBIOAUSWA01,2039,0.0
GLOBAL,PWRBIOAUSWA01,2040,0.0
GLOBAL,PWRBIOAUSWA01,2041,0.0
GLOBAL,PWRBIOAUSWA01,2042,0.0
GLOBAL,PWRBIOAUSWA01,2043,0.0
GLOBAL,PWRBIOAUSWA01,2044,0.0
GLOBAL,PWRBIOAUSWA01,2045,0.0
GLOBAL,PWRBIOAUSWA01,2046,0.0
GLOBAL,PWRBIOAUSWA01,2047,0.0
GLOBAL,PWRBIOAUSWA01,2048,0.0
GLOBAL,PWRBIOAUSWA01,2049,0.0
GLOBAL,PWRBIOAUSWA01,2050,0.0
GLOBAL,PWRCCGAUSWA00,2021,4.101
GLOBAL,PWRCCGAUSWA00,2022,4.101
GLOBAL,PWRCCGAUSWA00,2023,4.101
GLOBAL,PWRCCGAUSWA00,2024,4.101
GLOBAL,PWRCCGAUSWA00,2025,0.0
GLOBAL,PWRCCGAUSWA00,2026,0.0
GLOBAL,PWRCCGAUSWA00,2027,0.0
GLOBAL,PWRCCGAUSWA00,2028,0.0
GLOBAL,PWRCCGAUSWA00,2029,0.0
GLOBAL,PWRCCGAUSWA00,2030,0.0
GLOBAL,PWRCCGAUSWA00,2031,0.0
GLOBAL,PWRCCGAUSWA00,2032,0.0
GLOBAL,PWRCCGAUSWA00,2033,0.0
GLOBAL,PWRCCGAUSWA00,2034,0.0
GLOBAL,PWRCCGAUSWA00,2035,0.0
GLOBAL,PWRCCGAUSWA00,2036,0.0
GLOBAL,PWRCCGAUSWA00,2037,0.0
GLOBAL,PWRCCGAUSWA00,2038,0.0
GLOBAL,PWRCCGAUSWA00,2039,0.0
GLOBAL,PWRCCGAUSWA00,2040,0.0
GLOBAL,PWRCCGAUSWA00,2041,0.0
GLOBAL,PWRCCGAUSWA00,2042,0.0
GLOBAL,PWRCCGAUSWA00,2043,0.0
GLOBAL,PWRCCGAUSWA00,2044,0.0
GLOBAL,PWRCCGAUSWA00,2045,0.0
GLOBAL,PWRCCGAUSWA00,2046,0.0
GLOBAL,PWRCCGAUSWA00,2047,0.0
GLOBAL,PWRCCGAUSWA00,2048,0.0
GLOBAL,PWRCCGAUSWA00,2049,0.0
GLOBAL,PWRCCGAUSWA00,2050,0.0
GLOBAL,PWRCOAAUSWA01,2021,2.394
GLOBAL,PWRCOAAUSWA01,2022,2.394
GLOBAL,PWRCOAAUSWA01,2023,2.394
GLOBAL,PWRCOAAUSWA01,2024,2.394
GLOBAL,PWRCOAAUSWA01,2025,2.394
GLOBAL,PWRCOAAUSWA01,2026,2.394
GLOBAL,PWRCOAAUSWA01,2027,2.394
GLOBAL,PWRCOAAUSWA01,2028,0.0
GLOBAL,PWRCOAAUSWA01,2029,0.0
GLOBAL,PWRCOAAUSWA01,2030,0.0
GLOBAL,PWRCOAAUSWA01,2031,0.0
GLOBAL,PWRCOAAUSWA01,2032,0.0
GLOBAL,PWRCOAAUSWA01,2033,0.0
GLOBAL,PWRCOAAUSWA01,2034,0.0
GLOBAL,PWRCOAAUSWA01,2035,0.0
GLOBAL,PWRCOAAUSWA01,2036,0.0
GLOBAL,PWRCOAAUSWA01,2037,0.0
GLOBAL,PWRCOAAUSWA01,2038,0.0
GLOBAL,PWRCOAAUSWA01,2039,0.0
GLOBAL,PWRCOAAUSWA01,2040,0.0
GLOBAL,PWRCOAAUSWA01,2041,0.0
GLOBAL,PWRCOAAUSWA01,2042,0.0
GLOBAL,PWRCOAAUSWA01,2043,0.0
GLOBAL,PWRCOAAUSWA01,2044,0.0
GLOBAL,PWRCOAAUSWA01,2045,0.0
GLOBAL,PWRCOAAUSWA01,2046,0.0
GLOBAL,PWRCOAAUSWA01,2047,0.0
GLOBAL,PWRCOAAUSWA01,2048,0.0
GLOBAL,PWRCOAAUSWA01,2049,0.0
GLOBAL,PWRCOAAUSWA01,2050,0.0
GLOBAL,PWRHYDAUSWA01,2021,0.03
GLOBAL,PWRHYDAUSWA01,2022,0.03
GLOBAL,PWRHYDAUSWA01,2023,0.03
GLOBAL,PWRHYDAUSWA01,2024,0.03
GLOBAL,PWRHYDAUSWA01,2025,0.03
GLOBAL,PWRHYDAUSWA01,2026,0.03
GLOBAL,PWRHYDAUSWA01,2027,0.03
GLOBAL,PWRHYDAUSWA01,2028,0.03
GLOBAL,PWRHYDAUSWA01,2029,0.03
GLOBAL,PWRHYDAUSWA01,2030,0.03
GLOBAL,PWRHYDAUSWA01,2031,0.03
GLOBAL,PWRHYDAUSWA01,2032,0.03
GLOBAL,PWRHYDAUSWA01,2033,0.03
GLOBAL,PWRHYDAUSWA01,2034,0.03
GLOBAL,PWRHYDAUSWA01,2035,0.03
GLOBAL,PWRHYDAUSWA01,2036,0.03
GLOBAL,PWRHYDAUSWA01,2037,0.03
GLOBAL,PWRHYDAUSWA01,2038,0.03
GLOBAL,PWRHYDAUSWA01,2039,0.03
GLOBAL,PWRHYDAUSWA01,2040,0.03
GLOBAL,PWRHYDAUSWA01,2041,0.03
GLOBAL,PWRHYDAUSWA01,2042,0.03
GLOBAL,PWRHYDAUSWA01,2043,0.03
GLOBAL,PWRHYDAUSWA01,2044,0.03
GLOBAL,PWRHYDAUSWA01,2045,0.03
GLOBAL,PWRHYDAUSWA01,2046,0.03
GLOBAL,PWRHYDAUSWA01,2047,0.03
GLOBAL,PWRHYDAUSWA01,2048,0.03
GLOBAL,PWRHYDAUSWA01,2049,0.03
GLOBAL,PWRHYDAUSWA01,2050,0.03
GLOBAL,PWROCGAUSWA00,2021,2.268
GLOBAL,PWROCGAUSWA00,2022,2.268
GLOBAL,PWROCGAUSWA00,2023,2.268
GLOBAL,PWROCGAUSWA00,2024,2.268
GLOBAL,PWROCGAUSWA00,2025,0.0
GLOBAL,PWROCGAUSWA00,2026,0.0
GLOBAL,PWROCGAUSWA00,2027,0.0
GLOBAL,PWROCGAUSWA00,2028,0.0
GLOBAL,PWROCGAUSWA00,2029,0.0
GLOBAL,PWROCGAUSWA00,2030,0.0
GLOBAL,PWROCGAUSWA00,2031,0.0
GLOBAL,PWROCGAUSWA00,2032,0.0
GLOBAL,PWROCGAUSWA00,2033,0.0
GLOBAL,PWROCGAUSWA00,2034,0.0
GLOBAL,PWROCGAUSWA00,2035,0.0
GLOBAL,PWROCGAUSWA00,2036,0.0
GLOBAL,PWROCGAUSWA00,2037,0.0
GLOBAL,PWROCGAUSWA00,2038,0.0
GLOBAL,PWROCGAUSWA00,2039,0.0
GLOBAL,PWROCGAUSWA00,2040,0.0
GLOBAL,PWROCGAUSWA00,2041,0.0
GLOBAL,PWROCGAUSWA00,2042,0.0
GLOBAL,PWROCGAUSWA00,2043,0.0
GLOBAL,PWROCGAUSWA00,2044,0.0
GLOBAL,PWROCGAUSWA00,2045,0.0
GLOBAL,PWROCGAUSWA00,2046,0.0
GLOBAL,PWROCGAUSWA00,2047,0.0
GLOBAL,PWROCGAUSWA00,2048,0.0
GLOBAL,PWROCGAUSWA00,2049,0.0
GLOBAL,PWROCGAUSWA00,2050,0.0
GLOBAL,PWROILAUSWA01,2021,0.7201
GLOBAL,PWROILAUSWA01,2022,0.7201
GLOBAL,PWROILAUSWA01,2023,0.7201
GLOBAL,PWROILAUSWA01,2024,0.7201
GLOBAL,PWROILAUSWA01,2025,0.7201
GLOBAL,PWROILAUSWA01,2026,0.7201
GLOBAL,PWROILAUSWA01,2027,0.0
GLOBAL,PWROILAUSWA01,2028,0.0
GLOBAL,PWROILAUSWA01,2029,0.0
GLOBAL,PWROILAUSWA01,2030,0.0
GLOBAL,PWROILAUSWA01,2031,0.0
GLOBAL,PWROILAUSWA01,2032,0.0
GLOBAL,PWROILAUSWA01,2033,0.0
GLOBAL,PWROILAUSWA01,2034,0.0
GLOBAL,PWROILAUSWA01,2035,0.0
GLOBAL,PWROILAUSWA01,2036,0.0
GLOBAL,PWROILAUSWA01,2037,0.0
GLOBAL,PWROILAUSWA01,2038,0.0
GLOBAL,PWROILAUSWA01,2039,0.0
GLOBAL,PWROILAUSWA01,2040,0.0
GLOBAL,PWROILAUSWA01,2041,0.0
GLOBAL,PWROILAUSWA01,2042,0.0
GLOBAL,PWROILAUSWA01,2043,0.0
GLOBAL,PWROILAUSWA01,2044,0.0
GLOBAL,PWROILAUSWA01,2045,0.0
GLOBAL,PWROILAUSWA01,2046,0.0
GLOBAL,PWROILAUSWA01,2047,0.0
GLOBAL,PWROILAUSWA01,2048,0.0
GLOBAL,PWROILAUSWA01,2049,0.0
GLOBAL,PWROILAUSWA01,2050,0.0
GLOBAL,PWRSPVAUSWA01,2021,0.1421
GLOBAL,PWRSPVAUSWA01,2022,0.1421
GLOBAL,PWRSPVAUSWA01,2023,0.1421
GLOBAL,PWRSPVAUSWA01,2024,0.1421
GLOBAL,PWRSPVAUSWA01,2025,0.1421
GLOBAL,PWRSPVAUSWA01,2026,0.1421
GLOBAL,PWRSPVAUSWA01,2027,0.1421
GLOBAL,PWRSPVAUSWA01,2028,0.1421
GLOBAL,PWRSPVAUSWA01,2029,0.1421
GLOBAL,PWRSPVAUSWA01,2030,0.1421
GLOBAL,PWRSPVAUSWA01,2031,0.1421
GLOBAL,PWRSPVAUSWA01,2032,0.1421
GLOBAL,PWRSPVAUSWA01,2033,0.1421
GLOBAL,PWRSPVAUSWA01,2034,0.1421
GLOBAL,PWRSPVAUSWA01,2035,0.1421
GLOBAL,PWRSPVAUSWA01,2036,0.1421
GLOBAL,PWRSPVAUSWA01,2037,0.1421
GLOBAL,PWRSPVAUSWA01,2038,0.1421
GLOBAL,PWRSPVAUSWA01,2039,0.1421
GLOBAL,PWRSPVAUSWA01,2040,0.1421
GLOBAL,PWRSPVAUSWA01,2041,0.1421
GLOBAL,PWRSPVAUSWA01,2042,0.1421
GLOBAL,PWRSPVAUSWA01,2043,0.1421
GLOBAL,PWRSPVAUSWA01,2044,0.1421
GLOBAL,PWRSPVAUSWA01,2045,0.0
GLOBAL,PWRSPVAUSWA01,2046,0.0
GLOBAL,PWRSPVAUSWA01,2047,0.0
GLOBAL,PWRSPVAUSWA01,2048,0.0
GLOBAL,PWRSPVAUSWA01,2049,0.0
GLOBAL,PWRSPVAUSWA01,2050,0.0
GLOBAL,PWRWASAUSWA01,2021,0.027
GLOBAL,PWRWASAUSWA01,2022,0.027
GLOBAL,PWRWASAUSWA01,2023,0.027
GLOBAL,PWRWASAUSWA01,2024,0.027
GLOBAL,PWRWASAUSWA01,2025,0.027
GLOBAL,PWRWASAUSWA01,2026,0.027
GLOBAL,PWRWASAUSWA01,2027,0.027
GLOBAL,PWRWASAUSWA01,2028,0.027
GLOBAL,PWRWASAUSWA01,2029,0.027
GLOBAL,PWRWASAUSWA01,2030,0.027
GLOBAL,PWRWASAUSWA01,2031,0.027
GLOBAL,PWRWASAUSWA01,2032,0.0
GLOBAL,PWRWASAUSWA01,2033,0.0
GLOBAL,PWRWASAUSWA01,2034,0.0
GLOBAL,PWRWASAUSWA01,2035,0.0
GLOBAL,PWRWASAUSWA01,2036,0.0
GLOBAL,PWRWASAUSWA01,2037,0.0
GLOBAL,PWRWASAUSWA01,2038,0.0
GLOBAL,PWRWASAUSWA01,2039,0.0
GLOBAL,PWRWASAUSWA01,2040,0.0
GLOBAL,PWRWASAUSWA01,2041,0.0
GLOBAL,PWRWASAUSWA01,2042,0.0
GLOBAL,PWRWASAUSWA01,2043,0.0
GLOBAL,PWRWASAUSWA01,2044,0.0
GLOBAL,PWRWASAUSWA01,2045,0.0
GLOBAL,PWRWASAUSWA01,2046,0.0
GLOBAL,PWRWASAUSWA01,2047,0.0
GLOBAL,PWRWASAUSWA01,2048,0.0
GLOBAL,PWRWASAUSWA01,2049,0.0
GLOBAL,PWRWASAUSWA01,2050,0.0
GLOBAL,PWRWONAUSWA01,2021,0.475
GLOBAL,PWRWONAUSWA01,2022,0.475
GLOBAL,PWRWONAUSWA01,2023,0.475
GLOBAL,PWRWONAUSWA01,2024,0.475
GLOBAL,PWRWONAUSWA01,2025,0.475
GLOBAL,PWRWONAUSWA01,2026,0.475
GLOBAL,PWRWONAUSWA01,2027,0.475
GLOBAL,PWRWONAUSWA01,2028,0.475
GLOBAL,PWRWONAUSWA01,2029,0.475
GLOBAL,PWRWONAUSWA01,2030,0.475
GLOBAL,PWRWONAUSWA01,2031,0.475
GLOBAL,PWRWONAUSWA01,2032,0.475
GLOBAL,PWRWONAUSWA01,2033,0.475
GLOBAL,PWRWONAUSWA01,2034,0.475
GLOBAL,PWRWONAUSWA01,2035,0.475
GLOBAL,PWRWONAUSWA01,2036,0.475
GLOBAL,PWRWONAUSWA01,2037,0.475
GLOBAL,PWRWONAUSWA01,2038,0.475
GLOBAL,PWRWONAUSWA01,2039,0.475
GLOBAL,PWRWONAUSWA01,2040,0.0
GLOBAL,PWRWONAUSWA01,2041,0.0
GLOBAL,PWRWONAUSWA01,2042,0.0
GLOBAL,PWRWONAUSWA01,2043,0.0
GLOBAL,PWRWONAUSWA01,2044,0.0
GLOBAL,PWRWONAUSWA01,2045,0.0
GLOBAL,PWRWONAUSWA01,2046,0.0
GLOBAL,PWRWONAUSWA01,2047,0.0
GLOBAL,PWRWONAUSWA01,2048,0.0
GLOBAL,PWRWONAUSWA01,2049,0.0
GLOBAL,PWRWONAUSWA01,2050,0.0
GLOBAL,PWRBIOAUTXX01,2021,2.238
GLOBAL,PWRBIOAUTXX01,2022,2.238
GLOBAL,PWRBIOAUTXX01,2023,2.238
GLOBAL,PWRBIOAUTXX01,2024,2.238
GLOBAL,PWRBIOAUTXX01,2025,2.238
GLOBAL,PWRBIOAUTXX01,2026,2.238
GLOBAL,PWRBIOAUTXX01,2027,2.238
GLOBAL,PWRBIOAUTXX01,2028,2.238
GLOBAL,PWRBIOAUTXX01,2029,2.238
GLOBAL,PWRBIOAUTXX01,2030,2.238
GLOBAL,PWRBIOAUTXX01,2031,2.238
GLOBAL,PWRBIOAUTXX01,2032,0.0
GLOBAL,PWRBIOAUTXX01,2033,0.0
GLOBAL,PWRBIOAUTXX01,2034,0.0
GLOBAL,PWRBIOAUTXX01,2035,0.0
GLOBAL,PWRBIOAUTXX01,2036,0.0
GLOBAL,PWRBIOAUTXX01,2037,0.0
GLOBAL,PWRBIOAUTXX01,2038,0.0
GLOBAL,PWRBIOAUTXX01,2039,0.0
GLOBAL,PWRBIOAUTXX01,2040,0.0
GLOBAL,PWRBIOAUTXX01,2041,0.0
GLOBAL,PWRBIOAUTXX01,2042,0.0
GLOBAL,PWRBIOAUTXX01,2043,0.0
GLOBAL,PWRBIOAUTXX01,2044,0.0
GLOBAL,PWRBIOAUTXX01,2045,0.0
GLOBAL,PWRBIOAUTXX01,2046,0.0
GLOBAL,PWRBIOAUTXX01,2047,0.0
GLOBAL,PWRBIOAUTXX01,2048,0.0
GLOBAL,PWRBIOAUTXX01,2049,0.0
GLOBAL,PWRBIOAUTXX01,2050,0.0
GLOBAL,PWRCCGAUTXX00,2021,4.501
GLOBAL,PWRCCGAUTXX00,2022,4.501
GLOBAL,PWRCCGAUTXX00,2023,4.501
GLOBAL,PWRCCGAUTXX00,2024,4.501
GLOBAL,PWRCCGAUTXX00,2025,2.067
GLOBAL,PWRCCGAUTXX00,2026,2.067
GLOBAL,PWRCCGAUTXX00,2027,2.067
GLOBAL,PWRCCGAUTXX00,2028,2.067
GLOBAL,PWRCCGAUTXX00,2029,2.067
GLOBAL,PWRCCGAUTXX00,2030,2.067
GLOBAL,PWRCCGAUTXX00,2031,2.067
GLOBAL,PWRCCGAUTXX00,2032,1.672
GLOBAL,PWRCCGAUTXX00,2033,1.672
GLOBAL,PWRCCGAUTXX00,2034,1.672
GLOBAL,PWRCCGAUTXX00,2035,1.672
GLOBAL,PWRCCGAUTXX00,2036,1.672
GLOBAL,PWRCCGAUTXX00,2037,1.672
GLOBAL,PWRCCGAUTXX00,2038,1.672
GLOBAL,PWRCCGAUTXX00,2039,1.272
GLOBAL,PWRCCGAUTXX00,2040,0.0
GLOBAL,PWRCCGAUTXX00,2041,0.0
GLOBAL,PWRCCGAUTXX00,2042,0.0
GLOBAL,PWRCCGAUTXX00,2043,0.0
GLOBAL,PWRCCGAUTXX00,2044,0.0
GLOBAL,PWRCCGAUTXX00,2045,0.0
GLOBAL,PWRCCGAUTXX00,2046,0.0
GLOBAL,PWRCCGAUTXX00,2047,0.0
GLOBAL,PWRCCGAUTXX00,2048,0.0
GLOBAL,PWRCCGAUTXX00,2049,0.0
GLOBAL,PWRCCGAUTXX00,2050,0.0
GLOBAL,PWRCOAAUTXX01,2021,1.171
GLOBAL,PWRCOAAUTXX01,2022,1.171
GLOBAL,PWRCOAAUTXX01,2023,1.171
GLOBAL,PWRCOAAUTXX01,2024,1.171
GLOBAL,PWRCOAAUTXX01,2025,1.171
GLOBAL,PWRCOAAUTXX01,2026,1.171
GLOBAL,PWRCOAAUTXX01,2027,1.171
GLOBAL,PWRCOAAUTXX01,2028,0.0
GLOBAL,PWRCOAAUTXX01,2029,0.0
GLOBAL,PWRCOAAUTXX01,2030,0.0
GLOBAL,PWRCOAAUTXX01,2031,0.0
GLOBAL,PWRCOAAUTXX01,2032,0.0
GLOBAL,PWRCOAAUTXX01,2033,0.0
GLOBAL,PWRCOAAUTXX01,2034,0.0
GLOBAL,PWRCOAAUTXX01,2035,0.0
GLOBAL,PWRCOAAUTXX01,2036,0.0
GLOBAL,PWRCOAAUTXX01,2037,0.0
GLOBAL,PWRCOAAUTXX01,2038,0.0
GLOBAL,PWRCOAAUTXX01,2039,0.0
GLOBAL,PWRCOAAUTXX01,2040,0.0
GLOBAL,PWRCOAAUTXX01,2041,0.0
GLOBAL,PWRCOAAUTXX01,2042,0.0
GLOBAL,PWRCOAAUTXX01,2043,0.0
GLOBAL,PWRCOAAUTXX01,2044,0.0
GLOBAL,PWRCOAAUTXX01,2045,0.0
GLOBAL,PWRCOAAUTXX01,2046,0.0
GLOBAL,PWRCOAAUTXX01,2047,0.0
GLOBAL,PWRCOAAUTXX01,2048,0.0
GLOBAL,PWRCOAAUTXX01,2049,0.0
GLOBAL,PWRCOAAUTXX01,2050,0.0
GLOBAL,PWRHYDAUTXX01,2021,9.073
GLOBAL,PWRHYDAUTXX01,2022,9.073
GLOBAL,PWRHYDAUTXX01,2023,9.073
GLOBAL,PWRHYDAUTXX01,2024,9.073
GLOBAL,PWRHYDAUTXX01,2025,9.073
GLOBAL,PWRHYDAUTXX01,2026,9.043
GLOBAL,PWRHYDAUTXX01,2027,8.95
GLOBAL,PWRHYDAUTXX01,2028,8.95
GLOBAL,PWRHYDAUTXX01,2029,8.95
GLOBAL,PWRHYDAUTXX01,2030,8.95
GLOBAL,PWRHYDAUTXX01,2031,8.949
GLOBAL,PWRHYDAUTXX01,2032,8.931
GLOBAL,PWRHYDAUTXX01,2033,8.931
GLOBAL,PWRHYDAUTXX01,2034,8.931
GLOBAL,PWRHYDAUTXX01,2035,8.931
GLOBAL,PWRHYDAUTXX01,2036,8.931
GLOBAL,PWRHYDAUTXX01,2037,8.931
GLOBAL,PWRHYDAUTXX01,2038,8.931
GLOBAL,PWRHYDAUTXX01,2039,8.931
GLOBAL,PWRHYDAUTXX01,2040,8.931
GLOBAL,PWRHYDAUTXX01,2041,8.931
GLOBAL,PWRHYDAUTXX01,2042,8.931
GLOBAL,PWRHYDAUTXX01,2043,8.931
GLOBAL,PWRHYDAUTXX01,2044,8.75
GLOBAL,PWRHYDAUTXX01,2045,8.75
GLOBAL,PWRHYDAUTXX01,2046,8.75
GLOBAL,PWRHYDAUTXX01,2047,8.707
GLOBAL,PWRHYDAUTXX01,2048,8.706
GLOBAL,PWRHYDAUTXX01,2049,8.706
GLOBAL,PWRHYDAUTXX01,2050,8.45
GLOBAL,PWROILAUTXX01,2021,0.178
GLOBAL,PWROILAUTXX01,2022,0.178
GLOBAL,PWROILAUTXX01,2023,0.178
GLOBAL,PWROILAUTXX01,2024,0.178
GLOBAL,PWROILAUTXX01,2025,0.178
GLOBAL,PWROILAUTXX01,2026,0.178
GLOBAL,PWROILAUTXX01,2027,0.0
GLOBAL,PWROILAUTXX01,2028,0.0
GLOBAL,PWROILAUTXX01,2029,0.0
GLOBAL,PWROILAUTXX01,2030,0.0
GLOBAL,PWROILAUTXX01,2031,0.0
GLOBAL,PWROILAUTXX01,2032,0.0
GLOBAL,PWROILAUTXX01,2033,0.0
GLOBAL,PWROILAUTXX01,2034,0.0
GLOBAL,PWROILAUTXX01,2035,0.0
GLOBAL,PWROILAUTXX01,2036,0.0
GLOBAL,PWROILAUTXX01,2037,0.0
GLOBAL,PWROILAUTXX01,2038,0.0
GLOBAL,PWROILAUTXX01,2039,0.0
GLOBAL,PWROILAUTXX01,2040,0.0
GLOBAL,PWROILAUTXX01,2041,0.0
GLOBAL,PWROILAUTXX01,2042,0.0
GLOBAL,PWROILAUTXX01,2043,0.0
GLOBAL,PWROILAUTXX01,2044,0.0
GLOBAL,PWROILAUTXX01,2045,0.0
GLOBAL,PWROILAUTXX01,2046,0.0
GLOBAL,PWROILAUTXX01,2047,0.0
GLOBAL,PWROILAUTXX01,2048,0.0
GLOBAL,PWROILAUTXX01,2049,0.0
GLOBAL,PWROILAUTXX01,2050,0.0
GLOBAL,PWRSPVAUTXX01,2021,0.937
GLOBAL,PWRSPVAUTXX01,2022,0.937
GLOBAL,PWRSPVAUTXX01,2023,0.937
GLOBAL,PWRSPVAUTXX01,2024,0.937
GLOBAL,PWRSPVAUTXX01,2025,0.937
GLOBAL,PWRSPVAUTXX01,2026,0.937
GLOBAL,PWRSPVAUTXX01,2027,0.937
GLOBAL,PWRSPVAUTXX01,2028,0.937
GLOBAL,PWRSPVAUTXX01,2029,0.937
GLOBAL,PWRSPVAUTXX01,2030,0.937
GLOBAL,PWRSPVAUTXX01,2031,0.937
GLOBAL,PWRSPVAUTXX01,2032,0.937
GLOBAL,PWRSPVAUTXX01,2033,0.937
GLOBAL,PWRSPVAUTXX01,2034,0.937
GLOBAL,PWRSPVAUTXX01,2035,0.937
GLOBAL,PWRSPVAUTXX01,2036,0.937
GLOBAL,PWRSPVAUTXX01,2037,0.937
GLOBAL,PWRSPVAUTXX01,2038,0.937
GLOBAL,PWRSPVAUTXX01,2039,0.937
GLOBAL,PWRSPVAUTXX01,2040,0.937
GLOBAL,PWRSPVAUTXX01,2041,0.937
GLOBAL,PWRSPVAUTXX01,2042,0.937
GLOBAL,PWRSPVAUTXX01,2043,0.937
GLOBAL,PWRSPVAUTXX01,2044,0.937
GLOBAL,PWRSPVAUTXX01,2045,0.0
GLOBAL,PWRSPVAUTXX01,2046,0.0
GLOBAL,PWRSPVAUTXX01,2047,0.0
GLOBAL,PWRSPVAUTXX01,2048,0.0
GLOBAL,PWRSPVAUTXX01,2049,0.0
GLOBAL,PWRSPVAUTXX01,2050,0.0
GLOBAL,PWRWONAUTXX01,2021,2.489
GLOBAL,PWRWONAUTXX01,2022,2.489
GLOBAL,PWRWONAUTXX01,2023,2.489
GLOBAL,PWRWONAUTXX01,2024,2.489
GLOBAL,PWRWONAUTXX01,2025,2.489
GLOBAL,PWRWONAUTXX01,2026,2.489
GLOBAL,PWRWONAUTXX01,2027,2.489
GLOBAL,PWRWONAUTXX01,2028,2.489
GLOBAL,PWRWONAUTXX01,2029,2.489
GLOBAL,PWRWONAUTXX01,2030,2.489
GLOBAL,PWRWONAUTXX01,2031,2.48
GLOBAL,PWRWONAUTXX01,2032,2.48
GLOBAL,PWRWONAUTXX01,2033,2.48
GLOBAL,PWRWONAUTXX01,2034,2.48
GLOBAL,PWRWONAUTXX01,2035,2.48
GLOBAL,PWRWONAUTXX01,2036,2.48
GLOBAL,PWRWONAUTXX01,2037,2.48
GLOBAL,PWRWONAUTXX01,2038,2.48
GLOBAL,PWRWONAUTXX01,2039,2.48
GLOBAL,PWRWONAUTXX01,2040,0.058
GLOBAL,PWRWONAUTXX01,2041,0.058
GLOBAL,PWRWONAUTXX01,2042,0.058
GLOBAL,PWRWONAUTXX01,2043,0.058
GLOBAL,PWRWONAUTXX01,2044,0.058
GLOBAL,PWRWONAUTXX01,2045,0.021
GLOBAL,PWRWONAUTXX01,2046,0.0
GLOBAL,PWRWONAUTXX01,2047,0.0
GLOBAL,PWRWONAUTXX01,2048,0.0
GLOBAL,PWRWONAUTXX01,2049,0.0
GLOBAL,PWRWONAUTXX01,2050,0.0
GLOBAL,PWRBIOAZEXX01,2021,0.04
GLOBAL,PWRBIOAZEXX01,2022,0.04
GLOBAL,PWRBIOAZEXX01,2023,0.04
GLOBAL,PWRBIOAZEXX01,2024,0.04
GLOBAL,PWRBIOAZEXX01,2025,0.04
GLOBAL,PWRBIOAZEXX01,2026,0.04
GLOBAL,PWRBIOAZEXX01,2027,0.04
GLOBAL,PWRBIOAZEXX01,2028,0.04
GLOBAL,PWRBIOAZEXX01,2029,0.04
GLOBAL,PWRBIOAZEXX01,2030,0.04
GLOBAL,PWRBIOAZEXX01,2031,0.04
GLOBAL,PWRBIOAZEXX01,2032,0.0
GLOBAL,PWRBIOAZEXX01,2033,0.0
GLOBAL,PWRBIOAZEXX01,2034,0.0
GLOBAL,PWRBIOAZEXX01,2035,0.0
GLOBAL,PWRBIOAZEXX01,2036,0.0
GLOBAL,PWRBIOAZEXX01,2037,0.0
GLOBAL,PWRBIOAZEXX01,2038,0.0
GLOBAL,PWRBIOAZEXX01,2039,0.0
GLOBAL,PWRBIOAZEXX01,2040,0.0
GLOBAL,PWRBIOAZEXX01,2041,0.0
GLOBAL,PWRBIOAZEXX01,2042,0.0
GLOBAL,PWRBIOAZEXX01,2043,0.0
GLOBAL,PWRBIOAZEXX01,2044,0.0
GLOBAL,PWRBIOAZEXX01,2045,0.0
GLOBAL,PWRBIOAZEXX01,2046,0.0
GLOBAL,PWRBIOAZEXX01,2047,0.0
GLOBAL,PWRBIOAZEXX01,2048,0.0
GLOBAL,PWRBIOAZEXX01,2049,0.0
GLOBAL,PWRBIOAZEXX01,2050,0.0
GLOBAL,PWRCCGAZEXX00,2021,2.7435
GLOBAL,PWRCCGAZEXX00,2022,2.7435
GLOBAL,PWRCCGAZEXX00,2023,2.7435
GLOBAL,PWRCCGAZEXX00,2024,2.7435
GLOBAL,PWRCCGAZEXX00,2025,2.005
GLOBAL,PWRCCGAZEXX00,2026,2.005
GLOBAL,PWRCCGAZEXX00,2027,2.005
GLOBAL,PWRCCGAZEXX00,2028,2.005
GLOBAL,PWRCCGAZEXX00,2029,2.005
GLOBAL,PWRCCGAZEXX00,2030,2.005
GLOBAL,PWRCCGAZEXX00,2031,2.005
GLOBAL,PWRCCGAZEXX00,2032,2.005
GLOBAL,PWRCCGAZEXX00,2033,1.605
GLOBAL,PWRCCGAZEXX00,2034,1.605
GLOBAL,PWRCCGAZEXX00,2035,1.605
GLOBAL,PWRCCGAZEXX00,2036,1.605
GLOBAL,PWRCCGAZEXX00,2037,1.605
GLOBAL,PWRCCGAZEXX00,2038,1.605
GLOBAL,PWRCCGAZEXX00,2039,1.306
GLOBAL,PWRCCGAZEXX00,2040,0.78
GLOBAL,PWRCCGAZEXX00,2041,0.78
GLOBAL,PWRCCGAZEXX00,2042,0.78
GLOBAL,PWRCCGAZEXX00,2043,0.78
GLOBAL,PWRCCGAZEXX00,2044,0.0
GLOBAL,PWRCCGAZEXX00,2045,0.0
GLOBAL,PWRCCGAZEXX00,2046,0.0
GLOBAL,PWRCCGAZEXX00,2047,0.0
GLOBAL,PWRCCGAZEXX00,2048,0.0
GLOBAL,PWRCCGAZEXX00,2049,0.0
GLOBAL,PWRCCGAZEXX00,2050,0.0
GLOBAL,PWRHYDAZEXX01,2021,1.082
GLOBAL,PWRHYDAZEXX01,2022,1.082
GLOBAL,PWRHYDAZEXX01,2023,1.082
GLOBAL,PWRHYDAZEXX01,2024,1.082
GLOBAL,PWRHYDAZEXX01,2025,1.082
GLOBAL,PWRHYDAZEXX01,2026,1.082
GLOBAL,PWRHYDAZEXX01,2027,1.082
GLOBAL,PWRHYDAZEXX01,2028,1.082
GLOBAL,PWRHYDAZEXX01,2029,1.082
GLOBAL,PWRHYDAZEXX01,2030,1.082
GLOBAL,PWRHYDAZEXX01,2031,1.082
GLOBAL,PWRHYDAZEXX01,2032,1.082
GLOBAL,PWRHYDAZEXX01,2033,1.082
GLOBAL,PWRHYDAZEXX01,2034,1.082
GLOBAL,PWRHYDAZEXX01,2035,1.082
GLOBAL,PWRHYDAZEXX01,2036,1.082
GLOBAL,PWRHYDAZEXX01,2037,1.082
GLOBAL,PWRHYDAZEXX01,2038,1.082
GLOBAL,PWRHYDAZEXX01,2039,1.082
GLOBAL,PWRHYDAZEXX01,2040,1.082
GLOBAL,PWRHYDAZEXX01,2041,1.082
GLOBAL,PWRHYDAZEXX01,2042,1.082
GLOBAL,PWRHYDAZEXX01,2043,1.082
GLOBAL,PWRHYDAZEXX01,2044,1.082
GLOBAL,PWRHYDAZEXX01,2045,1.082
GLOBAL,PWRHYDAZEXX01,2046,1.082
GLOBAL,PWRHYDAZEXX01,2047,1.082
GLOBAL,PWRHYDAZEXX01,2048,1.082
GLOBAL,PWRHYDAZEXX01,2049,1.082
GLOBAL,PWRHYDAZEXX01,2050,1.082
GLOBAL,PWROCGAZEXX00,2021,0.386
GLOBAL,PWROCGAZEXX00,2022,0.386
GLOBAL,PWROCGAZEXX00,2023,0.386
GLOBAL,PWROCGAZEXX00,2024,0.386
GLOBAL,PWROCGAZEXX00,2025,0.386
GLOBAL,PWROCGAZEXX00,2026,0.386
GLOBAL,PWROCGAZEXX00,2027,0.386
GLOBAL,PWROCGAZEXX00,2028,0.386
GLOBAL,PWROCGAZEXX00,2029,0.386
GLOBAL,PWROCGAZEXX00,2030,0.386
GLOBAL,PWROCGAZEXX00,2031,0.279
GLOBAL,PWROCGAZEXX00,2032,0.279
GLOBAL,PWROCGAZEXX00,2033,0.279
GLOBAL,PWROCGAZEXX00,2034,0.279
GLOBAL,PWROCGAZEXX00,2035,0.279
GLOBAL,PWROCGAZEXX00,2036,0.279
GLOBAL,PWROCGAZEXX00,2037,0.105
GLOBAL,PWROCGAZEXX00,2038,0.0
GLOBAL,PWROCGAZEXX00,2039,0.0
GLOBAL,PWROCGAZEXX00,2040,0.0
GLOBAL,PWROCGAZEXX00,2041,0.0
GLOBAL,PWROCGAZEXX00,2042,0.0
GLOBAL,PWROCGAZEXX00,2043,0.0
GLOBAL,PWROCGAZEXX00,2044,0.0
GLOBAL,PWROCGAZEXX00,2045,0.0
GLOBAL,PWROCGAZEXX00,2046,0.0
GLOBAL,PWROCGAZEXX00,2047,0.0
GLOBAL,PWROCGAZEXX00,2048,0.0
GLOBAL,PWROCGAZEXX00,2049,0.0
GLOBAL,PWROCGAZEXX00,2050,0.0
GLOBAL,PWROILAZEXX01,2021,3.1415
GLOBAL,PWROILAZEXX01,2022,3.1415
GLOBAL,PWROILAZEXX01,2023,3.1415
GLOBAL,PWROILAZEXX01,2024,3.1415
GLOBAL,PWROILAZEXX01,2025,3.1415
GLOBAL,PWROILAZEXX01,2026,3.1415
GLOBAL,PWROILAZEXX01,2027,0.0
GLOBAL,PWROILAZEXX01,2028,0.0
GLOBAL,PWROILAZEXX01,2029,0.0
GLOBAL,PWROILAZEXX01,2030,0.0
GLOBAL,PWROILAZEXX01,2031,0.0
GLOBAL,PWROILAZEXX01,2032,0.0
GLOBAL,PWROILAZEXX01,2033,0.0
GLOBAL,PWROILAZEXX01,2034,0.0
GLOBAL,PWROILAZEXX01,2035,0.0
GLOBAL,PWROILAZEXX01,2036,0.0
GLOBAL,PWROILAZEXX01,2037,0.0
GLOBAL,PWROILAZEXX01,2038,0.0
GLOBAL,PWROILAZEXX01,2039,0.0
GLOBAL,PWROILAZEXX01,2040,0.0
GLOBAL,PWROILAZEXX01,2041,0.0
GLOBAL,PWROILAZEXX01,2042,0.0
GLOBAL,PWROILAZEXX01,2043,0.0
GLOBAL,PWROILAZEXX01,2044,0.0
GLOBAL,PWROILAZEXX01,2045,0.0
GLOBAL,PWROILAZEXX01,2046,0.0
GLOBAL,PWROILAZEXX01,2047,0.0
GLOBAL,PWROILAZEXX01,2048,0.0
GLOBAL,PWROILAZEXX01,2049,0.0
GLOBAL,PWROILAZEXX01,2050,0.0
GLOBAL,PWRSPVAZEXX01,2021,0.024
GLOBAL,PWRSPVAZEXX01,2022,0.024
GLOBAL,PWRSPVAZEXX01,2023,0.024
GLOBAL,PWRSPVAZEXX01,2024,0.024
GLOBAL,PWRSPVAZEXX01,2025,0.024
GLOBAL,PWRSPVAZEXX01,2026,0.024
GLOBAL,PWRSPVAZEXX01,2027,0.024
GLOBAL,PWRSPVAZEXX01,2028,0.024
GLOBAL,PWRSPVAZEXX01,2029,0.024
GLOBAL,PWRSPVAZEXX01,2030,0.024
GLOBAL,PWRSPVAZEXX01,2031,0.024
GLOBAL,PWRSPVAZEXX01,2032,0.024
GLOBAL,PWRSPVAZEXX01,2033,0.024
GLOBAL,PWRSPVAZEXX01,2034,0.024
GLOBAL,PWRSPVAZEXX01,2035,0.024
GLOBAL,PWRSPVAZEXX01,2036,0.024
GLOBAL,PWRSPVAZEXX01,2037,0.024
GLOBAL,PWRSPVAZEXX01,2038,0.024
GLOBAL,PWRSPVAZEXX01,2039,0.024
GLOBAL,PWRSPVAZEXX01,2040,0.024
GLOBAL,PWRSPVAZEXX01,2041,0.024
GLOBAL,PWRSPVAZEXX01,2042,0.024
GLOBAL,PWRSPVAZEXX01,2043,0.024
GLOBAL,PWRSPVAZEXX01,2044,0.024
GLOBAL,PWRSPVAZEXX01,2045,0.0
GLOBAL,PWRSPVAZEXX01,2046,0.0
GLOBAL,PWRSPVAZEXX01,2047,0.0
GLOBAL,PWRSPVAZEXX01,2048,0.0
GLOBAL,PWRSPVAZEXX01,2049,0.0
GLOBAL,PWRSPVAZEXX01,2050,0.0
GLOBAL,PWRHYDBDIXX01,2021,0.049
GLOBAL,PWRHYDBDIXX01,2022,0.049
GLOBAL,PWRHYDBDIXX01,2023,0.049
GLOBAL,PWRHYDBDIXX01,2024,0.049
GLOBAL,PWRHYDBDIXX01,2025,0.049
GLOBAL,PWRHYDBDIXX01,2026,0.049
GLOBAL,PWRHYDBDIXX01,2027,0.049
GLOBAL,PWRHYDBDIXX01,2028,0.049
GLOBAL,PWRHYDBDIXX01,2029,0.049
GLOBAL,PWRHYDBDIXX01,2030,0.049
GLOBAL,PWRHYDBDIXX01,2031,0.049
GLOBAL,PWRHYDBDIXX01,2032,0.049
GLOBAL,PWRHYDBDIXX01,2033,0.049
GLOBAL,PWRHYDBDIXX01,2034,0.049
GLOBAL,PWRHYDBDIXX01,2035,0.049
GLOBAL,PWRHYDBDIXX01,2036,0.049
GLOBAL,PWRHYDBDIXX01,2037,0.049
GLOBAL,PWRHYDBDIXX01,2038,0.049
GLOBAL,PWRHYDBDIXX01,2039,0.049
GLOBAL,PWRHYDBDIXX01,2040,0.049
GLOBAL,PWRHYDBDIXX01,2041,0.049
GLOBAL,PWRHYDBDIXX01,2042,0.049
GLOBAL,PWRHYDBDIXX01,2043,0.049
GLOBAL,PWRHYDBDIXX01,2044,0.049
GLOBAL,PWRHYDBDIXX01,2045,0.049
GLOBAL,PWRHYDBDIXX01,2046,0.049
GLOBAL,PWRHYDBDIXX01,2047,0.049
GLOBAL,PWRHYDBDIXX01,2048,0.049
GLOBAL,PWRHYDBDIXX01,2049,0.049
GLOBAL,PWRHYDBDIXX01,2050,0.049
GLOBAL,PWRBIOBELXX01,2021,0.9166
GLOBAL,PWRBIOBELXX01,2022,0.9166
GLOBAL,PWRBIOBELXX01,2023,0.9166
GLOBAL,PWRBIOBELXX01,2024,0.9166
GLOBAL,PWRBIOBELXX01,2025,0.9166
GLOBAL,PWRBIOBELXX01,2026,0.9166
GLOBAL,PWRBIOBELXX01,2027,0.9166
GLOBAL,PWRBIOBELXX01,2028,0.9166
GLOBAL,PWRBIOBELXX01,2029,0.9166
GLOBAL,PWRBIOBELXX01,2030,0.9166
GLOBAL,PWRBIOBELXX01,2031,0.9166
GLOBAL,PWRBIOBELXX01,2032,0.095
GLOBAL,PWRBIOBELXX01,2033,0.095
GLOBAL,PWRBIOBELXX01,2034,0.095
GLOBAL,PWRBIOBELXX01,2035,0.095
GLOBAL,PWRBIOBELXX01,2036,0.0
GLOBAL,PWRBIOBELXX01,2037,0.0
GLOBAL,PWRBIOBELXX01,2038,0.0
GLOBAL,PWRBIOBELXX01,2039,0.0
GLOBAL,PWRBIOBELXX01,2040,0.0
GLOBAL,PWRBIOBELXX01,2041,0.0
GLOBAL,PWRBIOBELXX01,2042,0.0
GLOBAL,PWRBIOBELXX01,2043,0.0
GLOBAL,PWRBIOBELXX01,2044,0.0
GLOBAL,PWRBIOBELXX01,2045,0.0
GLOBAL,PWRBIOBELXX01,2046,0.0
GLOBAL,PWRBIOBELXX01,2047,0.0
GLOBAL,PWRBIOBELXX01,2048,0.0
GLOBAL,PWRBIOBELXX01,2049,0.0
GLOBAL,PWRBIOBELXX01,2050,0.0
GLOBAL,PWRCCGBELXX00,2021,5.6592
GLOBAL,PWRCCGBELXX00,2022,5.6592
GLOBAL,PWRCCGBELXX00,2023,5.6592
GLOBAL,PWRCCGBELXX00,2024,5.6592
GLOBAL,PWRCCGBELXX00,2025,2.316
GLOBAL,PWRCCGBELXX00,2026,2.316
GLOBAL,PWRCCGBELXX00,2027,2.316
GLOBAL,PWRCCGBELXX00,2028,2.316
GLOBAL,PWRCCGBELXX00,2029,1.493
GLOBAL,PWRCCGBELXX00,2030,1.493
GLOBAL,PWRCCGBELXX00,2031,1.143
GLOBAL,PWRCCGBELXX00,2032,1.143
GLOBAL,PWRCCGBELXX00,2033,1.143
GLOBAL,PWRCCGBELXX00,2034,1.143
GLOBAL,PWRCCGBELXX00,2035,1.143
GLOBAL,PWRCCGBELXX00,2036,1.143
GLOBAL,PWRCCGBELXX00,2037,1.143
GLOBAL,PWRCCGBELXX00,2038,1.143
GLOBAL,PWRCCGBELXX00,2039,1.143
GLOBAL,PWRCCGBELXX00,2040,1.143
GLOBAL,PWRCCGBELXX00,2041,0.828
GLOBAL,PWRCCGBELXX00,2042,0.0
GLOBAL,PWRCCGBELXX00,2043,0.0
GLOBAL,PWRCCGBELXX00,2044,0.0
GLOBAL,PWRCCGBELXX00,2045,0.0
GLOBAL,PWRCCGBELXX00,2046,0.0
GLOBAL,PWRCCGBELXX00,2047,0.0
GLOBAL,PWRCCGBELXX00,2048,0.0
GLOBAL,PWRCCGBELXX00,2049,0.0
GLOBAL,PWRCCGBELXX00,2050,0.0
GLOBAL,PWRCOABELXX01,2021,0.47
GLOBAL,PWRCOABELXX01,2022,0.47
GLOBAL,PWRCOABELXX01,2023,0.47
GLOBAL,PWRCOABELXX01,2024,0.47
GLOBAL,PWRCOABELXX01,2025,0.47
GLOBAL,PWRCOABELXX01,2026,0.47
GLOBAL,PWRCOABELXX01,2027,0.47
GLOBAL,PWRCOABELXX01,2028,0.47
GLOBAL,PWRCOABELXX01,2029,0.0
GLOBAL,PWRCOABELXX01,2030,0.0
GLOBAL,PWRCOABELXX01,2031,0.0
GLOBAL,PWRCOABELXX01,2032,0.0
GLOBAL,PWRCOABELXX01,2033,0.0
GLOBAL,PWRCOABELXX01,2034,0.0
GLOBAL,PWRCOABELXX01,2035,0.0
GLOBAL,PWRCOABELXX01,2036,0.0
GLOBAL,PWRCOABELXX01,2037,0.0
GLOBAL,PWRCOABELXX01,2038,0.0
GLOBAL,PWRCOABELXX01,2039,0.0
GLOBAL,PWRCOABELXX01,2040,0.0
GLOBAL,PWRCOABELXX01,2041,0.0
GLOBAL,PWRCOABELXX01,2042,0.0
GLOBAL,PWRCOABELXX01,2043,0.0
GLOBAL,PWRCOABELXX01,2044,0.0
GLOBAL,PWRCOABELXX01,2045,0.0
GLOBAL,PWRCOABELXX01,2046,0.0
GLOBAL,PWRCOABELXX01,2047,0.0
GLOBAL,PWRCOABELXX01,2048,0.0
GLOBAL,PWRCOABELXX01,2049,0.0
GLOBAL,PWRCOABELXX01,2050,0.0
GLOBAL,PWRHYDBELXX01,2021,1.394
GLOBAL,PWRHYDBELXX01,2022,1.394
GLOBAL,PWRHYDBELXX01,2023,1.394
GLOBAL,PWRHYDBELXX01,2024,1.394
GLOBAL,PWRHYDBELXX01,2025,1.394
GLOBAL,PWRHYDBELXX01,2026,1.394
GLOBAL,PWRHYDBELXX01,2027,1.394
GLOBAL,PWRHYDBELXX01,2028,1.394
GLOBAL,PWRHYDBELXX01,2029,1.394
GLOBAL,PWRHYDBELXX01,2030,1.394
GLOBAL,PWRHYDBELXX01,2031,1.394
GLOBAL,PWRHYDBELXX01,2032,1.394
GLOBAL,PWRHYDBELXX01,2033,1.394
GLOBAL,PWRHYDBELXX01,2034,1.394
GLOBAL,PWRHYDBELXX01,2035,1.394
GLOBAL,PWRHYDBELXX01,2036,1.394
GLOBAL,PWRHYDBELXX01,2037,1.394
GLOBAL,PWRHYDBELXX01,2038,1.394
GLOBAL,PWRHYDBELXX01,2039,1.394
GLOBAL,PWRHYDBELXX01,2040,1.394
GLOBAL,PWRHYDBELXX01,2041,1.394
GLOBAL,PWRHYDBELXX01,2042,1.394
GLOBAL,PWRHYDBELXX01,2043,1.394
GLOBAL,PWRHYDBELXX01,2044,1.394
GLOBAL,PWRHYDBELXX01,2045,1.394
GLOBAL,PWRHYDBELXX01,2046,1.394
GLOBAL,PWRHYDBELXX01,2047,1.394
GLOBAL,PWRHYDBELXX01,2048,1.394
GLOBAL,PWRHYDBELXX01,2049,1.394
GLOBAL,PWRHYDBELXX01,2050,1.394
GLOBAL,PWROCGBELXX00,2021,0.488
GLOBAL,PWROCGBELXX00,2022,0.488
GLOBAL,PWROCGBELXX00,2023,0.488
GLOBAL,PWROCGBELXX00,2024,0.488
GLOBAL,PWROCGBELXX00,2025,0.052
GLOBAL,PWROCGBELXX00,2026,0.052
GLOBAL,PWROCGBELXX00,2027,0.052
GLOBAL,PWROCGBELXX00,2028,0.052
GLOBAL,PWROCGBELXX00,2029,0.052
GLOBAL,PWROCGBELXX00,2030,0.052
GLOBAL,PWROCGBELXX00,2031,0.052
GLOBAL,PWROCGBELXX00,2032,0.052
GLOBAL,PWROCGBELXX00,2033,0.052
GLOBAL,PWROCGBELXX00,2034,0.052
GLOBAL,PWROCGBELXX00,2035,0.052
GLOBAL,PWROCGBELXX00,2036,0.052
GLOBAL,PWROCGBELXX00,2037,0.0
GLOBAL,PWROCGBELXX00,2038,0.0
GLOBAL,PWROCGBELXX00,2039,0.0
GLOBAL,PWROCGBELXX00,2040,0.0
GLOBAL,PWROCGBELXX00,2041,0.0
GLOBAL,PWROCGBELXX00,2042,0.0
GLOBAL,PWROCGBELXX00,2043,0.0
GLOBAL,PWROCGBELXX00,2044,0.0
GLOBAL,PWROCGBELXX00,2045,0.0
GLOBAL,PWROCGBELXX00,2046,0.0
GLOBAL,PWROCGBELXX00,2047,0.0
GLOBAL,PWROCGBELXX00,2048,0.0
GLOBAL,PWROCGBELXX00,2049,0.0
GLOBAL,PWROCGBELXX00,2050,0.0
GLOBAL,PWROILBELXX01,2021,0.185
GLOBAL,PWROILBELXX01,2022,0.185
GLOBAL,PWROILBELXX01,2023,0.185
GLOBAL,PWROILBELXX01,2024,0.185
GLOBAL,PWROILBELXX01,2025,0.185
GLOBAL,PWROILBELXX01,2026,0.185
GLOBAL,PWROILBELXX01,2027,0.0
GLOBAL,PWROILBELXX01,2028,0.0
GLOBAL,PWROILBELXX01,2029,0.0
GLOBAL,PWROILBELXX01,2030,0.0
GLOBAL,PWROILBELXX01,2031,0.0
GLOBAL,PWROILBELXX01,2032,0.0
GLOBAL,PWROILBELXX01,2033,0.0
GLOBAL,PWROILBELXX01,2034,0.0
GLOBAL,PWROILBELXX01,2035,0.0
GLOBAL,PWROILBELXX01,2036,0.0
GLOBAL,PWROILBELXX01,2037,0.0
GLOBAL,PWROILBELXX01,2038,0.0
GLOBAL,PWROILBELXX01,2039,0.0
GLOBAL,PWROILBELXX01,2040,0.0
GLOBAL,PWROILBELXX01,2041,0.0
GLOBAL,PWROILBELXX01,2042,0.0
GLOBAL,PWROILBELXX01,2043,0.0
GLOBAL,PWROILBELXX01,2044,0.0
GLOBAL,PWROILBELXX01,2045,0.0
GLOBAL,PWROILBELXX01,2046,0.0
GLOBAL,PWROILBELXX01,2047,0.0
GLOBAL,PWROILBELXX01,2048,0.0
GLOBAL,PWROILBELXX01,2049,0.0
GLOBAL,PWROILBELXX01,2050,0.0
GLOBAL,PWRSPVBELXX01,2021,3.122
GLOBAL,PWRSPVBELXX01,2022,3.122
GLOBAL,PWRSPVBELXX01,2023,3.122
GLOBAL,PWRSPVBELXX01,2024,3.122
GLOBAL,PWRSPVBELXX01,2025,3.122
GLOBAL,PWRSPVBELXX01,2026,3.122
GLOBAL,PWRSPVBELXX01,2027,3.122
GLOBAL,PWRSPVBELXX01,2028,3.122
GLOBAL,PWRSPVBELXX01,2029,3.122
GLOBAL,PWRSPVBELXX01,2030,3.122
GLOBAL,PWRSPVBELXX01,2031,3.122
GLOBAL,PWRSPVBELXX01,2032,3.122
GLOBAL,PWRSPVBELXX01,2033,3.122
GLOBAL,PWRSPVBELXX01,2034,3.122
GLOBAL,PWRSPVBELXX01,2035,3.122
GLOBAL,PWRSPVBELXX01,2036,3.122
GLOBAL,PWRSPVBELXX01,2037,3.122
GLOBAL,PWRSPVBELXX01,2038,3.122
GLOBAL,PWRSPVBELXX01,2039,3.122
GLOBAL,PWRSPVBELXX01,2040,3.122
GLOBAL,PWRSPVBELXX01,2041,3.122
GLOBAL,PWRSPVBELXX01,2042,3.122
GLOBAL,PWRSPVBELXX01,2043,3.122
GLOBAL,PWRSPVBELXX01,2044,3.122
GLOBAL,PWRSPVBELXX01,2045,0.0
GLOBAL,PWRSPVBELXX01,2046,0.0
GLOBAL,PWRSPVBELXX01,2047,0.0
GLOBAL,PWRSPVBELXX01,2048,0.0
GLOBAL,PWRSPVBELXX01,2049,0.0
GLOBAL,PWRSPVBELXX01,2050,0.0
GLOBAL,PWRURNBELXX01,2021,5.924
GLOBAL,PWRURNBELXX01,2022,5.924
GLOBAL,PWRURNBELXX01,2023,5.924
GLOBAL,PWRURNBELXX01,2024,5.924
GLOBAL,PWRURNBELXX01,2025,5.924
GLOBAL,PWRURNBELXX01,2026,5.924
GLOBAL,PWRURNBELXX01,2027,5.924
GLOBAL,PWRURNBELXX01,2028,5.924
GLOBAL,PWRURNBELXX01,2029,5.924
GLOBAL,PWRURNBELXX01,2030,5.924
GLOBAL,PWRURNBELXX01,2031,5.924
GLOBAL,PWRURNBELXX01,2032,5.924
GLOBAL,PWRURNBELXX01,2033,5.924
GLOBAL,PWRURNBELXX01,2034,5.924
GLOBAL,PWRURNBELXX01,2035,5.924
GLOBAL,PWRURNBELXX01,2036,4.962
GLOBAL,PWRURNBELXX01,2037,4.962
GLOBAL,PWRURNBELXX01,2038,4.962
GLOBAL,PWRURNBELXX01,2039,4.962
GLOBAL,PWRURNBELXX01,2040,4.962
GLOBAL,PWRURNBELXX01,2041,4.962
GLOBAL,PWRURNBELXX01,2042,4.962
GLOBAL,PWRURNBELXX01,2043,4.962
GLOBAL,PWRURNBELXX01,2044,4.962
GLOBAL,PWRURNBELXX01,2045,4.962
GLOBAL,PWRURNBELXX01,2046,0.0
GLOBAL,PWRURNBELXX01,2047,0.0
GLOBAL,PWRURNBELXX01,2048,0.0
GLOBAL,PWRURNBELXX01,2049,0.0
GLOBAL,PWRURNBELXX01,2050,0.0
GLOBAL,PWRWASBELXX01,2021,0.224
GLOBAL,PWRWASBELXX01,2022,0.224
GLOBAL,PWRWASBELXX01,2023,0.224
GLOBAL,PWRWASBELXX01,2024,0.224
GLOBAL,PWRWASBELXX01,2025,0.224
GLOBAL,PWRWASBELXX01,2026,0.224
GLOBAL,PWRWASBELXX01,2027,0.224
GLOBAL,PWRWASBELXX01,2028,0.224
GLOBAL,PWRWASBELXX01,2029,0.224
GLOBAL,PWRWASBELXX01,2030,0.224
GLOBAL,PWRWASBELXX01,2031,0.224
GLOBAL,PWRWASBELXX01,2032,0.0
GLOBAL,PWRWASBELXX01,2033,0.0
GLOBAL,PWRWASBELXX01,2034,0.0
GLOBAL,PWRWASBELXX01,2035,0.0
GLOBAL,PWRWASBELXX01,2036,0.0
GLOBAL,PWRWASBELXX01,2037,0.0
GLOBAL,PWRWASBELXX01,2038,0.0
GLOBAL,PWRWASBELXX01,2039,0.0
GLOBAL,PWRWASBELXX01,2040,0.0
GLOBAL,PWRWASBELXX01,2041,0.0
GLOBAL,PWRWASBELXX01,2042,0.0
GLOBAL,PWRWASBELXX01,2043,0.0
GLOBAL,PWRWASBELXX01,2044,0.0
GLOBAL,PWRWASBELXX01,2045,0.0
GLOBAL,PWRWASBELXX01,2046,0.0
GLOBAL,PWRWASBELXX01,2047,0.0
GLOBAL,PWRWASBELXX01,2048,0.0
GLOBAL,PWRWASBELXX01,2049,0.0
GLOBAL,PWRWASBELXX01,2050,0.0
GLOBAL,PWRWOFBELXX01,2021,1.4252
GLOBAL,PWRWOFBELXX01,2022,1.4252
GLOBAL,PWRWOFBELXX01,2023,1.4252
GLOBAL,PWRWOFBELXX01,2024,1.4252
GLOBAL,PWRWOFBELXX01,2025,1.4252
GLOBAL,PWRWOFBELXX01,2026,1.4252
GLOBAL,PWRWOFBELXX01,2027,1.4252
GLOBAL,PWRWOFBELXX01,2028,1.4252
GLOBAL,PWRWOFBELXX01,2029,1.4252
GLOBAL,PWRWOFBELXX01,2030,1.4252
GLOBAL,PWRWOFBELXX01,2031,1.4252
GLOBAL,PWRWOFBELXX01,2032,1.4252
GLOBAL,PWRWOFBELXX01,2033,1.4252
GLOBAL,PWRWOFBELXX01,2034,1.4252
GLOBAL,PWRWOFBELXX01,2035,1.4252
GLOBAL,PWRWOFBELXX01,2036,1.4252
GLOBAL,PWRWOFBELXX01,2037,1.4252
GLOBAL,PWRWOFBELXX01,2038,1.4252
GLOBAL,PWRWOFBELXX01,2039,1.4252
GLOBAL,PWRWOFBELXX01,2040,1.4252
GLOBAL,PWRWOFBELXX01,2041,0.394
GLOBAL,PWRWOFBELXX01,2042,0.394
GLOBAL,PWRWOFBELXX01,2043,0.394
GLOBAL,PWRWOFBELXX01,2044,0.0
GLOBAL,PWRWOFBELXX01,2045,0.0
GLOBAL,PWRWOFBELXX01,2046,0.0
GLOBAL,PWRWOFBELXX01,2047,0.0
GLOBAL,PWRWOFBELXX01,2048,0.0
GLOBAL,PWRWOFBELXX01,2049,0.0
GLOBAL,PWRWOFBELXX01,2050,0.0
GLOBAL,PWRWONBELXX01,2021,1.4647
GLOBAL,PWRWONBELXX01,2022,1.4647
GLOBAL,PWRWONBELXX01,2023,1.4647
GLOBAL,PWRWONBELXX01,2024,1.4647
GLOBAL,PWRWONBELXX01,2025,1.4647
GLOBAL,PWRWONBELXX01,2026,1.4647
GLOBAL,PWRWONBELXX01,2027,1.4647
GLOBAL,PWRWONBELXX01,2028,1.4647
GLOBAL,PWRWONBELXX01,2029,1.4647
GLOBAL,PWRWONBELXX01,2030,1.4647
GLOBAL,PWRWONBELXX01,2031,1.4647
GLOBAL,PWRWONBELXX01,2032,1.4647
GLOBAL,PWRWONBELXX01,2033,1.4647
GLOBAL,PWRWONBELXX01,2034,1.4647
GLOBAL,PWRWONBELXX01,2035,1.4647
GLOBAL,PWRWONBELXX01,2036,1.4647
GLOBAL,PWRWONBELXX01,2037,1.4647
GLOBAL,PWRWONBELXX01,2038,1.4647
GLOBAL,PWRWONBELXX01,2039,1.4647
GLOBAL,PWRWONBELXX01,2040,0.0
GLOBAL,PWRWONBELXX01,2041,0.0
GLOBAL,PWRWONBELXX01,2042,0.0
GLOBAL,PWRWONBELXX01,2043,0.0
GLOBAL,PWRWONBELXX01,2044,0.0
GLOBAL,PWRWONBELXX01,2045,0.0
GLOBAL,PWRWONBELXX01,2046,0.0
GLOBAL,PWRWONBELXX01,2047,0.0
GLOBAL,PWRWONBELXX01,2048,0.0
GLOBAL,PWRWONBELXX01,2049,0.0
GLOBAL,PWRWONBELXX01,2050,0.0
GLOBAL,PWROCGBENXX00,2021,0.1391
GLOBAL,PWROCGBENXX00,2022,0.1391
GLOBAL,PWROCGBENXX00,2023,0.1391
GLOBAL,PWROCGBENXX00,2024,0.1391
GLOBAL,PWROCGBENXX00,2025,0.0
GLOBAL,PWROCGBENXX00,2026,0.0
GLOBAL,PWROCGBENXX00,2027,0.0
GLOBAL,PWROCGBENXX00,2028,0.0
GLOBAL,PWROCGBENXX00,2029,0.0
GLOBAL,PWROCGBENXX00,2030,0.0
GLOBAL,PWROCGBENXX00,2031,0.0
GLOBAL,PWROCGBENXX00,2032,0.0
GLOBAL,PWROCGBENXX00,2033,0.0
GLOBAL,PWROCGBENXX00,2034,0.0
GLOBAL,PWROCGBENXX00,2035,0.0
GLOBAL,PWROCGBENXX00,2036,0.0
GLOBAL,PWROCGBENXX00,2037,0.0
GLOBAL,PWROCGBENXX00,2038,0.0
GLOBAL,PWROCGBENXX00,2039,0.0
GLOBAL,PWROCGBENXX00,2040,0.0
GLOBAL,PWROCGBENXX00,2041,0.0
GLOBAL,PWROCGBENXX00,2042,0.0
GLOBAL,PWROCGBENXX00,2043,0.0
GLOBAL,PWROCGBENXX00,2044,0.0
GLOBAL,PWROCGBENXX00,2045,0.0
GLOBAL,PWROCGBENXX00,2046,0.0
GLOBAL,PWROCGBENXX00,2047,0.0
GLOBAL,PWROCGBENXX00,2048,0.0
GLOBAL,PWROCGBENXX00,2049,0.0
GLOBAL,PWROCGBENXX00,2050,0.0
GLOBAL,PWROILBENXX01,2021,0.02
GLOBAL,PWROILBENXX01,2022,0.02
GLOBAL,PWROILBENXX01,2023,0.02
GLOBAL,PWROILBENXX01,2024,0.02
GLOBAL,PWROILBENXX01,2025,0.02
GLOBAL,PWROILBENXX01,2026,0.02
GLOBAL,PWROILBENXX01,2027,0.0
GLOBAL,PWROILBENXX01,2028,0.0
GLOBAL,PWROILBENXX01,2029,0.0
GLOBAL,PWROILBENXX01,2030,0.0
GLOBAL,PWROILBENXX01,2031,0.0
GLOBAL,PWROILBENXX01,2032,0.0
GLOBAL,PWROILBENXX01,2033,0.0
GLOBAL,PWROILBENXX01,2034,0.0
GLOBAL,PWROILBENXX01,2035,0.0
GLOBAL,PWROILBENXX01,2036,0.0
GLOBAL,PWROILBENXX01,2037,0.0
GLOBAL,PWROILBENXX01,2038,0.0
GLOBAL,PWROILBENXX01,2039,0.0
GLOBAL,PWROILBENXX01,2040,0.0
GLOBAL,PWROILBENXX01,2041,0.0
GLOBAL,PWROILBENXX01,2042,0.0
GLOBAL,PWROILBENXX01,2043,0.0
GLOBAL,PWROILBENXX01,2044,0.0
GLOBAL,PWROILBENXX01,2045,0.0
GLOBAL,PWROILBENXX01,2046,0.0
GLOBAL,PWROILBENXX01,2047,0.0
GLOBAL,PWROILBENXX01,2048,0.0
GLOBAL,PWROILBENXX01,2049,0.0
GLOBAL,PWROILBENXX01,2050,0.0
GLOBAL,PWRHYDBFAXX01,2021,0.03
GLOBAL,PWRHYDBFAXX01,2022,0.03
GLOBAL,PWRHYDBFAXX01,2023,0.03
GLOBAL,PWRHYDBFAXX01,2024,0.03
GLOBAL,PWRHYDBFAXX01,2025,0.03
GLOBAL,PWRHYDBFAXX01,2026,0.03
GLOBAL,PWRHYDBFAXX01,2027,0.03
GLOBAL,PWRHYDBFAXX01,2028,0.03
GLOBAL,PWRHYDBFAXX01,2029,0.03
GLOBAL,PWRHYDBFAXX01,2030,0.03
GLOBAL,PWRHYDBFAXX01,2031,0.03
GLOBAL,PWRHYDBFAXX01,2032,0.03
GLOBAL,PWRHYDBFAXX01,2033,0.03
GLOBAL,PWRHYDBFAXX01,2034,0.03
GLOBAL,PWRHYDBFAXX01,2035,0.03
GLOBAL,PWRHYDBFAXX01,2036,0.03
GLOBAL,PWRHYDBFAXX01,2037,0.03
GLOBAL,PWRHYDBFAXX01,2038,0.03
GLOBAL,PWRHYDBFAXX01,2039,0.03
GLOBAL,PWRHYDBFAXX01,2040,0.03
GLOBAL,PWRHYDBFAXX01,2041,0.03
GLOBAL,PWRHYDBFAXX01,2042,0.03
GLOBAL,PWRHYDBFAXX01,2043,0.03
GLOBAL,PWRHYDBFAXX01,2044,0.03
GLOBAL,PWRHYDBFAXX01,2045,0.03
GLOBAL,PWRHYDBFAXX01,2046,0.03
GLOBAL,PWRHYDBFAXX01,2047,0.03
GLOBAL,PWRHYDBFAXX01,2048,0.03
GLOBAL,PWRHYDBFAXX01,2049,0.03
GLOBAL,PWRHYDBFAXX01,2050,0.03
GLOBAL,PWROILBFAXX01,2021,0.2666
GLOBAL,PWROILBFAXX01,2022,0.2666
GLOBAL,PWROILBFAXX01,2023,0.2666
GLOBAL,PWROILBFAXX01,2024,0.2666
GLOBAL,PWROILBFAXX01,2025,0.2666
GLOBAL,PWROILBFAXX01,2026,0.2666
GLOBAL,PWROILBFAXX01,2027,0.0
GLOBAL,PWROILBFAXX01,2028,0.0
GLOBAL,PWROILBFAXX01,2029,0.0
GLOBAL,PWROILBFAXX01,2030,0.0
GLOBAL,PWROILBFAXX01,2031,0.0
GLOBAL,PWROILBFAXX01,2032,0.0
GLOBAL,PWROILBFAXX01,2033,0.0
GLOBAL,PWROILBFAXX01,2034,0.0
GLOBAL,PWROILBFAXX01,2035,0.0
GLOBAL,PWROILBFAXX01,2036,0.0
GLOBAL,PWROILBFAXX01,2037,0.0
GLOBAL,PWROILBFAXX01,2038,0.0
GLOBAL,PWROILBFAXX01,2039,0.0
GLOBAL,PWROILBFAXX01,2040,0.0
GLOBAL,PWROILBFAXX01,2041,0.0
GLOBAL,PWROILBFAXX01,2042,0.0
GLOBAL,PWROILBFAXX01,2043,0.0
GLOBAL,PWROILBFAXX01,2044,0.0
GLOBAL,PWROILBFAXX01,2045,0.0
GLOBAL,PWROILBFAXX01,2046,0.0
GLOBAL,PWROILBFAXX01,2047,0.0
GLOBAL,PWROILBFAXX01,2048,0.0
GLOBAL,PWROILBFAXX01,2049,0.0
GLOBAL,PWROILBFAXX01,2050,0.0
GLOBAL,PWRCCGBGDXX00,2021,8.16
GLOBAL,PWRCCGBGDXX00,2022,8.16
GLOBAL,PWRCCGBGDXX00,2023,8.16
GLOBAL,PWRCCGBGDXX00,2024,8.16
GLOBAL,PWRCCGBGDXX00,2025,3.321
GLOBAL,PWRCCGBGDXX00,2026,3.321
GLOBAL,PWRCCGBGDXX00,2027,3.321
GLOBAL,PWRCCGBGDXX00,2028,3.321
GLOBAL,PWRCCGBGDXX00,2029,3.321
GLOBAL,PWRCCGBGDXX00,2030,3.098
GLOBAL,PWRCCGBGDXX00,2031,3.098
GLOBAL,PWRCCGBGDXX00,2032,3.098
GLOBAL,PWRCCGBGDXX00,2033,2.243
GLOBAL,PWRCCGBGDXX00,2034,1.382
GLOBAL,PWRCCGBGDXX00,2035,1.382
GLOBAL,PWRCCGBGDXX00,2036,1.382
GLOBAL,PWRCCGBGDXX00,2037,1.382
GLOBAL,PWRCCGBGDXX00,2038,1.382
GLOBAL,PWRCCGBGDXX00,2039,0.437
GLOBAL,PWRCCGBGDXX00,2040,0.21
GLOBAL,PWRCCGBGDXX00,2041,0.21
GLOBAL,PWRCCGBGDXX00,2042,0.21
GLOBAL,PWRCCGBGDXX00,2043,0.0
GLOBAL,PWRCCGBGDXX00,2044,0.0
GLOBAL,PWRCCGBGDXX00,2045,0.0
GLOBAL,PWRCCGBGDXX00,2046,0.0
GLOBAL,PWRCCGBGDXX00,2047,0.0
GLOBAL,PWRCCGBGDXX00,2048,0.0
GLOBAL,PWRCCGBGDXX00,2049,0.0
GLOBAL,PWRCCGBGDXX00,2050,0.0
GLOBAL,PWRCOABGDXX01,2021,0.25
GLOBAL,PWRCOABGDXX01,2022,0.25
GLOBAL,PWRCOABGDXX01,2023,0.25
GLOBAL,PWRCOABGDXX01,2024,0.25
GLOBAL,PWRCOABGDXX01,2025,0.25
GLOBAL,PWRCOABGDXX01,2026,0.25
GLOBAL,PWRCOABGDXX01,2027,0.25
GLOBAL,PWRCOABGDXX01,2028,0.0
GLOBAL,PWRCOABGDXX01,2029,0.0
GLOBAL,PWRCOABGDXX01,2030,0.0
GLOBAL,PWRCOABGDXX01,2031,0.0
GLOBAL,PWRCOABGDXX01,2032,0.0
GLOBAL,PWRCOABGDXX01,2033,0.0
GLOBAL,PWRCOABGDXX01,2034,0.0
GLOBAL,PWRCOABGDXX01,2035,0.0
GLOBAL,PWRCOABGDXX01,2036,0.0
GLOBAL,PWRCOABGDXX01,2037,0.0
GLOBAL,PWRCOABGDXX01,2038,0.0
GLOBAL,PWRCOABGDXX01,2039,0.0
GLOBAL,PWRCOABGDXX01,2040,0.0
GLOBAL,PWRCOABGDXX01,2041,0.0
GLOBAL,PWRCOABGDXX01,2042,0.0
GLOBAL,PWRCOABGDXX01,2043,0.0
GLOBAL,PWRCOABGDXX01,2044,0.0
GLOBAL,PWRCOABGDXX01,2045,0.0
GLOBAL,PWRCOABGDXX01,2046,0.0
GLOBAL,PWRCOABGDXX01,2047,0.0
GLOBAL,PWRCOABGDXX01,2048,0.0
GLOBAL,PWRCOABGDXX01,2049,0.0
GLOBAL,PWRCOABGDXX01,2050,0.0
GLOBAL,PWRHYDBGDXX01,2021,0.23
GLOBAL,PWRHYDBGDXX01,2022,0.23
GLOBAL,PWRHYDBGDXX01,2023,0.23
GLOBAL,PWRHYDBGDXX01,2024,0.23
GLOBAL,PWRHYDBGDXX01,2025,0.23
GLOBAL,PWRHYDBGDXX01,2026,0.23
GLOBAL,PWRHYDBGDXX01,2027,0.23
GLOBAL,PWRHYDBGDXX01,2028,0.23
GLOBAL,PWRHYDBGDXX01,2029,0.23
GLOBAL,PWRHYDBGDXX01,2030,0.23
GLOBAL,PWRHYDBGDXX01,2031,0.23
GLOBAL,PWRHYDBGDXX01,2032,0.23
GLOBAL,PWRHYDBGDXX01,2033,0.23
GLOBAL,PWRHYDBGDXX01,2034,0.23
GLOBAL,PWRHYDBGDXX01,2035,0.23
GLOBAL,PWRHYDBGDXX01,2036,0.23
GLOBAL,PWRHYDBGDXX01,2037,0.23
GLOBAL,PWRHYDBGDXX01,2038,0.23
GLOBAL,PWRHYDBGDXX01,2039,0.23
GLOBAL,PWRHYDBGDXX01,2040,0.23
GLOBAL,PWRHYDBGDXX01,2041,0.23
GLOBAL,PWRHYDBGDXX01,2042,0.23
GLOBAL,PWRHYDBGDXX01,2043,0.23
GLOBAL,PWRHYDBGDXX01,2044,0.23
GLOBAL,PWRHYDBGDXX01,2045,0.23
GLOBAL,PWRHYDBGDXX01,2046,0.23
GLOBAL,PWRHYDBGDXX01,2047,0.23
GLOBAL,PWRHYDBGDXX01,2048,0.23
GLOBAL,PWRHYDBGDXX01,2049,0.23
GLOBAL,PWRHYDBGDXX01,2050,0.23
GLOBAL,PWROCGBGDXX00,2021,0.608
GLOBAL,PWROCGBGDXX00,2022,0.608
GLOBAL,PWROCGBGDXX00,2023,0.608
GLOBAL,PWROCGBGDXX00,2024,0.608
GLOBAL,PWROCGBGDXX00,2025,0.211
GLOBAL,PWROCGBGDXX00,2026,0.211
GLOBAL,PWROCGBGDXX00,2027,0.211
GLOBAL,PWROCGBGDXX00,2028,0.211
GLOBAL,PWROCGBGDXX00,2029,0.211
GLOBAL,PWROCGBGDXX00,2030,0.211
GLOBAL,PWROCGBGDXX00,2031,0.211
GLOBAL,PWROCGBGDXX00,2032,0.211
GLOBAL,PWROCGBGDXX00,2033,0.211
GLOBAL,PWROCGBGDXX00,2034,0.171
GLOBAL,PWROCGBGDXX00,2035,0.171
GLOBAL,PWROCGBGDXX00,2036,0.171
GLOBAL,PWROCGBGDXX00,2037,0.171
GLOBAL,PWROCGBGDXX00,2038,0.171
GLOBAL,PWROCGBGDXX00,2039,0.171
GLOBAL,PWROCGBGDXX00,2040,0.0
GLOBAL,PWROCGBGDXX00,2041,0.0
GLOBAL,PWROCGBGDXX00,2042,0.0
GLOBAL,PWROCGBGDXX00,2043,0.0
GLOBAL,PWROCGBGDXX00,2044,0.0
GLOBAL,PWROCGBGDXX00,2045,0.0
GLOBAL,PWROCGBGDXX00,2046,0.0
GLOBAL,PWROCGBGDXX00,2047,0.0
GLOBAL,PWROCGBGDXX00,2048,0.0
GLOBAL,PWROCGBGDXX00,2049,0.0
GLOBAL,PWROCGBGDXX00,2050,0.0
GLOBAL,PWROILBGDXX01,2021,2.56
GLOBAL,PWROILBGDXX01,2022,2.56
GLOBAL,PWROILBGDXX01,2023,2.56
GLOBAL,PWROILBGDXX01,2024,2.56
GLOBAL,PWROILBGDXX01,2025,2.56
GLOBAL,PWROILBGDXX01,2026,2.56
GLOBAL,PWROILBGDXX01,2027,1.061
GLOBAL,PWROILBGDXX01,2028,1.061
GLOBAL,PWROILBGDXX01,2029,0.501
GLOBAL,PWROILBGDXX01,2030,0.501
GLOBAL,PWROILBGDXX01,2031,0.501
GLOBAL,PWROILBGDXX01,2032,0.501
GLOBAL,PWROILBGDXX01,2033,0.501
GLOBAL,PWROILBGDXX01,2034,0.481
GLOBAL,PWROILBGDXX01,2035,0.481
GLOBAL,PWROILBGDXX01,2036,0.481
GLOBAL,PWROILBGDXX01,2037,0.481
GLOBAL,PWROILBGDXX01,2038,0.481
GLOBAL,PWROILBGDXX01,2039,0.481
GLOBAL,PWROILBGDXX01,2040,0.481
GLOBAL,PWROILBGDXX01,2041,0.481
GLOBAL,PWROILBGDXX01,2042,0.32
GLOBAL,PWROILBGDXX01,2043,0.022
GLOBAL,PWROILBGDXX01,2044,0.022
GLOBAL,PWROILBGDXX01,2045,0.022
GLOBAL,PWROILBGDXX01,2046,0.022
GLOBAL,PWROILBGDXX01,2047,0.0
GLOBAL,PWROILBGDXX01,2048,0.0
GLOBAL,PWROILBGDXX01,2049,0.0
GLOBAL,PWROILBGDXX01,2050,0.0
GLOBAL,PWRSPVBGDXX01,2021,0.17
GLOBAL,PWRSPVBGDXX01,2022,0.17
GLOBAL,PWRSPVBGDXX01,2023,0.17
GLOBAL,PWRSPVBGDXX01,2024,0.17
GLOBAL,PWRSPVBGDXX01,2025,0.17
GLOBAL,PWRSPVBGDXX01,2026,0.17
GLOBAL,PWRSPVBGDXX01,2027,0.17
GLOBAL,PWRSPVBGDXX01,2028,0.17
GLOBAL,PWRSPVBGDXX01,2029,0.17
GLOBAL,PWRSPVBGDXX01,2030,0.17
GLOBAL,PWRSPVBGDXX01,2031,0.17
GLOBAL,PWRSPVBGDXX01,2032,0.17
GLOBAL,PWRSPVBGDXX01,2033,0.17
GLOBAL,PWRSPVBGDXX01,2034,0.17
GLOBAL,PWRSPVBGDXX01,2035,0.17
GLOBAL,PWRSPVBGDXX01,2036,0.17
GLOBAL,PWRSPVBGDXX01,2037,0.17
GLOBAL,PWRSPVBGDXX01,2038,0.17
GLOBAL,PWRSPVBGDXX01,2039,0.17
GLOBAL,PWRSPVBGDXX01,2040,0.17
GLOBAL,PWRSPVBGDXX01,2041,0.17
GLOBAL,PWRSPVBGDXX01,2042,0.17
GLOBAL,PWRSPVBGDXX01,2043,0.17
GLOBAL,PWRSPVBGDXX01,2044,0.17
GLOBAL,PWRSPVBGDXX01,2045,0.0
GLOBAL,PWRSPVBGDXX01,2046,0.0
GLOBAL,PWRSPVBGDXX01,2047,0.0
GLOBAL,PWRSPVBGDXX01,2048,0.0
GLOBAL,PWRSPVBGDXX01,2049,0.0
GLOBAL,PWRSPVBGDXX01,2050,0.0
GLOBAL,PWRBIOBGRXX01,2021,0.05
GLOBAL,PWRBIOBGRXX01,2022,0.05
GLOBAL,PWRBIOBGRXX01,2023,0.05
GLOBAL,PWRBIOBGRXX01,2024,0.05
GLOBAL,PWRBIOBGRXX01,2025,0.05
GLOBAL,PWRBIOBGRXX01,2026,0.05
GLOBAL,PWRBIOBGRXX01,2027,0.05
GLOBAL,PWRBIOBGRXX01,2028,0.05
GLOBAL,PWRBIOBGRXX01,2029,0.05
GLOBAL,PWRBIOBGRXX01,2030,0.05
GLOBAL,PWRBIOBGRXX01,2031,0.05
GLOBAL,PWRBIOBGRXX01,2032,0.0
GLOBAL,PWRBIOBGRXX01,2033,0.0
GLOBAL,PWRBIOBGRXX01,2034,0.0
GLOBAL,PWRBIOBGRXX01,2035,0.0
GLOBAL,PWRBIOBGRXX01,2036,0.0
GLOBAL,PWRBIOBGRXX01,2037,0.0
GLOBAL,PWRBIOBGRXX01,2038,0.0
GLOBAL,PWRBIOBGRXX01,2039,0.0
GLOBAL,PWRBIOBGRXX01,2040,0.0
GLOBAL,PWRBIOBGRXX01,2041,0.0
GLOBAL,PWRBIOBGRXX01,2042,0.0
GLOBAL,PWRBIOBGRXX01,2043,0.0
GLOBAL,PWRBIOBGRXX01,2044,0.0
GLOBAL,PWRBIOBGRXX01,2045,0.0
GLOBAL,PWRBIOBGRXX01,2046,0.0
GLOBAL,PWRBIOBGRXX01,2047,0.0
GLOBAL,PWRBIOBGRXX01,2048,0.0
GLOBAL,PWRBIOBGRXX01,2049,0.0
GLOBAL,PWRBIOBGRXX01,2050,0.0
GLOBAL,PWRCOABGRXX01,2021,5.647
GLOBAL,PWRCOABGRXX01,2022,5.647
GLOBAL,PWRCOABGRXX01,2023,5.647
GLOBAL,PWRCOABGRXX01,2024,5.647
GLOBAL,PWRCOABGRXX01,2025,5.647
GLOBAL,PWRCOABGRXX01,2026,5.647
GLOBAL,PWRCOABGRXX01,2027,5.647
GLOBAL,PWRCOABGRXX01,2028,4.568
GLOBAL,PWRCOABGRXX01,2029,3.353
GLOBAL,PWRCOABGRXX01,2030,3.353
GLOBAL,PWRCOABGRXX01,2031,3.353
GLOBAL,PWRCOABGRXX01,2032,3.353
GLOBAL,PWRCOABGRXX01,2033,3.353
GLOBAL,PWRCOABGRXX01,2034,0.843
GLOBAL,PWRCOABGRXX01,2035,0.843
GLOBAL,PWRCOABGRXX01,2036,0.843
GLOBAL,PWRCOABGRXX01,2037,0.843
GLOBAL,PWRCOABGRXX01,2038,0.843
GLOBAL,PWRCOABGRXX01,2039,0.843
GLOBAL,PWRCOABGRXX01,2040,0.669
GLOBAL,PWRCOABGRXX01,2041,0.669
GLOBAL,PWRCOABGRXX01,2042,0.0
GLOBAL,PWRCOABGRXX01,2043,0.0
GLOBAL,PWRCOABGRXX01,2044,0.0
GLOBAL,PWRCOABGRXX01,2045,0.0
GLOBAL,PWRCOABGRXX01,2046,0.0
GLOBAL,PWRCOABGRXX01,2047,0.0
GLOBAL,PWRCOABGRXX01,2048,0.0
GLOBAL,PWRCOABGRXX01,2049,0.0
GLOBAL,PWRCOABGRXX01,2050,0.0
GLOBAL,PWRHYDBGRXX01,2021,2.206
GLOBAL,PWRHYDBGRXX01,2022,2.206
GLOBAL,PWRHYDBGRXX01,2023,2.206
GLOBAL,PWRHYDBGRXX01,2024,2.206
GLOBAL,PWRHYDBGRXX01,2025,2.206
GLOBAL,PWRHYDBGRXX01,2026,2.206
GLOBAL,PWRHYDBGRXX01,2027,2.206
GLOBAL,PWRHYDBGRXX01,2028,2.206
GLOBAL,PWRHYDBGRXX01,2029,2.206
GLOBAL,PWRHYDBGRXX01,2030,2.206
GLOBAL,PWRHYDBGRXX01,2031,2.206
GLOBAL,PWRHYDBGRXX01,2032,2.206
GLOBAL,PWRHYDBGRXX01,2033,2.206
GLOBAL,PWRHYDBGRXX01,2034,2.206
GLOBAL,PWRHYDBGRXX01,2035,2.206
GLOBAL,PWRHYDBGRXX01,2036,2.206
GLOBAL,PWRHYDBGRXX01,2037,2.206
GLOBAL,PWRHYDBGRXX01,2038,2.206
GLOBAL,PWRHYDBGRXX01,2039,2.206
GLOBAL,PWRHYDBGRXX01,2040,2.206
GLOBAL,PWRHYDBGRXX01,2041,2.206
GLOBAL,PWRHYDBGRXX01,2042,2.206
GLOBAL,PWRHYDBGRXX01,2043,2.206
GLOBAL,PWRHYDBGRXX01,2044,2.206
GLOBAL,PWRHYDBGRXX01,2045,2.206
GLOBAL,PWRHYDBGRXX01,2046,2.206
GLOBAL,PWRHYDBGRXX01,2047,2.206
GLOBAL,PWRHYDBGRXX01,2048,2.206
GLOBAL,PWRHYDBGRXX01,2049,2.206
GLOBAL,PWRHYDBGRXX01,2050,2.206
GLOBAL,PWRSPVBGRXX01,2021,1.029
GLOBAL,PWRSPVBGRXX01,2022,1.029
GLOBAL,PWRSPVBGRXX01,2023,1.029
GLOBAL,PWRSPVBGRXX01,2024,1.029
GLOBAL,PWRSPVBGRXX01,2025,1.029
GLOBAL,PWRSPVBGRXX01,2026,1.029
GLOBAL,PWRSPVBGRXX01,2027,1.029
GLOBAL,PWRSPVBGRXX01,2028,1.029
GLOBAL,PWRSPVBGRXX01,2029,1.029
GLOBAL,PWRSPVBGRXX01,2030,1.029
GLOBAL,PWRSPVBGRXX01,2031,1.029
GLOBAL,PWRSPVBGRXX01,2032,1.029
GLOBAL,PWRSPVBGRXX01,2033,1.029
GLOBAL,PWRSPVBGRXX01,2034,1.029
GLOBAL,PWRSPVBGRXX01,2035,1.029
GLOBAL,PWRSPVBGRXX01,2036,1.029
GLOBAL,PWRSPVBGRXX01,2037,1.029
GLOBAL,PWRSPVBGRXX01,2038,1.029
GLOBAL,PWRSPVBGRXX01,2039,1.029
GLOBAL,PWRSPVBGRXX01,2040,1.029
GLOBAL,PWRSPVBGRXX01,2041,1.029
GLOBAL,PWRSPVBGRXX01,2042,1.029
GLOBAL,PWRSPVBGRXX01,2043,1.029
GLOBAL,PWRSPVBGRXX01,2044,1.029
GLOBAL,PWRSPVBGRXX01,2045,0.0
GLOBAL,PWRSPVBGRXX01,2046,0.0
GLOBAL,PWRSPVBGRXX01,2047,0.0
GLOBAL,PWRSPVBGRXX01,2048,0.0
GLOBAL,PWRSPVBGRXX01,2049,0.0
GLOBAL,PWRSPVBGRXX01,2050,0.0
GLOBAL,PWRURNBGRXX01,2021,2.0
GLOBAL,PWRURNBGRXX01,2022,2.0
GLOBAL,PWRURNBGRXX01,2023,2.0
GLOBAL,PWRURNBGRXX01,2024,2.0
GLOBAL,PWRURNBGRXX01,2025,2.0
GLOBAL,PWRURNBGRXX01,2026,2.0
GLOBAL,PWRURNBGRXX01,2027,2.0
GLOBAL,PWRURNBGRXX01,2028,2.0
GLOBAL,PWRURNBGRXX01,2029,2.0
GLOBAL,PWRURNBGRXX01,2030,2.0
GLOBAL,PWRURNBGRXX01,2031,2.0
GLOBAL,PWRURNBGRXX01,2032,2.0
GLOBAL,PWRURNBGRXX01,2033,2.0
GLOBAL,PWRURNBGRXX01,2034,2.0
GLOBAL,PWRURNBGRXX01,2035,2.0
GLOBAL,PWRURNBGRXX01,2036,2.0
GLOBAL,PWRURNBGRXX01,2037,2.0
GLOBAL,PWRURNBGRXX01,2038,2.0
GLOBAL,PWRURNBGRXX01,2039,2.0
GLOBAL,PWRURNBGRXX01,2040,2.0
GLOBAL,PWRURNBGRXX01,2041,2.0
GLOBAL,PWRURNBGRXX01,2042,2.0
GLOBAL,PWRURNBGRXX01,2043,2.0
GLOBAL,PWRURNBGRXX01,2044,2.0
GLOBAL,PWRURNBGRXX01,2045,0.0
GLOBAL,PWRURNBGRXX01,2046,0.0
GLOBAL,PWRURNBGRXX01,2047,0.0
GLOBAL,PWRURNBGRXX01,2048,0.0
GLOBAL,PWRURNBGRXX01,2049,0.0
GLOBAL,PWRURNBGRXX01,2050,0.0
GLOBAL,PWRWONBGRXX01,2021,0.69
GLOBAL,PWRWONBGRXX01,2022,0.69
GLOBAL,PWRWONBGRXX01,2023,0.69
GLOBAL,PWRWONBGRXX01,2024,0.69
GLOBAL,PWRWONBGRXX01,2025,0.69
GLOBAL,PWRWONBGRXX01,2026,0.69
GLOBAL,PWRWONBGRXX01,2027,0.69
GLOBAL,PWRWONBGRXX01,2028,0.69
GLOBAL,PWRWONBGRXX01,2029,0.69
GLOBAL,PWRWONBGRXX01,2030,0.69
GLOBAL,PWRWONBGRXX01,2031,0.69
GLOBAL,PWRWONBGRXX01,2032,0.69
GLOBAL,PWRWONBGRXX01,2033,0.69
GLOBAL,PWRWONBGRXX01,2034,0.69
GLOBAL,PWRWONBGRXX01,2035,0.69
GLOBAL,PWRWONBGRXX01,2036,0.69
GLOBAL,PWRWONBGRXX01,2037,0.69
GLOBAL,PWRWONBGRXX01,2038,0.69
GLOBAL,PWRWONBGRXX01,2039,0.69
GLOBAL,PWRWONBGRXX01,2040,0.0
GLOBAL,PWRWONBGRXX01,2041,0.0
GLOBAL,PWRWONBGRXX01,2042,0.0
GLOBAL,PWRWONBGRXX01,2043,0.0
GLOBAL,PWRWONBGRXX01,2044,0.0
GLOBAL,PWRWONBGRXX01,2045,0.0
GLOBAL,PWRWONBGRXX01,2046,0.0
GLOBAL,PWRWONBGRXX01,2047,0.0
GLOBAL,PWRWONBGRXX01,2048,0.0
GLOBAL,PWRWONBGRXX01,2049,0.0
GLOBAL,PWRWONBGRXX01,2050,0.0
GLOBAL,PWRCCGBHRXX00,2021,7.572
GLOBAL,PWRCCGBHRXX00,2022,7.572
GLOBAL,PWRCCGBHRXX00,2023,7.572
GLOBAL,PWRCCGBHRXX00,2024,7.572
GLOBAL,PWRCCGBHRXX00,2025,3.466
GLOBAL,PWRCCGBHRXX00,2026,3.466
GLOBAL,PWRCCGBHRXX00,2027,3.466
GLOBAL,PWRCCGBHRXX00,2028,3.466
GLOBAL,PWRCCGBHRXX00,2029,3.466
GLOBAL,PWRCCGBHRXX00,2030,2.503
GLOBAL,PWRCCGBHRXX00,2031,2.503
GLOBAL,PWRCCGBHRXX00,2032,2.503
GLOBAL,PWRCCGBHRXX00,2033,2.503
GLOBAL,PWRCCGBHRXX00,2034,2.503
GLOBAL,PWRCCGBHRXX00,2035,2.503
GLOBAL,PWRCCGBHRXX00,2036,2.503
GLOBAL,PWRCCGBHRXX00,2037,2.503
GLOBAL,PWRCCGBHRXX00,2038,1.54
GLOBAL,PWRCCGBHRXX00,2039,1.54
GLOBAL,PWRCCGBHRXX00,2040,1.54
GLOBAL,PWRCCGBHRXX00,2041,1.54
GLOBAL,PWRCCGBHRXX00,2042,1.54
GLOBAL,PWRCCGBHRXX00,2043,0.0
GLOBAL,PWRCCGBHRXX00,2044,0.0
GLOBAL,PWRCCGBHRXX00,2045,0.0
GLOBAL,PWRCCGBHRXX00,2046,0.0
GLOBAL,PWRCCGBHRXX00,2047,0.0
GLOBAL,PWRCCGBHRXX00,2048,0.0
GLOBAL,PWRCCGBHRXX00,2049,0.0
GLOBAL,PWRCCGBHRXX00,2050,0.0
GLOBAL,PWROILBHRXX01,2021,0.007
GLOBAL,PWROILBHRXX01,2022,0.007
GLOBAL,PWROILBHRXX01,2023,0.007
GLOBAL,PWROILBHRXX01,2024,0.007
GLOBAL,PWROILBHRXX01,2025,0.007
GLOBAL,PWROILBHRXX01,2026,0.007
GLOBAL,PWROILBHRXX01,2027,0.007
GLOBAL,PWROILBHRXX01,2028,0.007
GLOBAL,PWROILBHRXX01,2029,0.007
GLOBAL,PWROILBHRXX01,2030,0.007
GLOBAL,PWROILBHRXX01,2031,0.007
GLOBAL,PWROILBHRXX01,2032,0.007
GLOBAL,PWROILBHRXX01,2033,0.007
GLOBAL,PWROILBHRXX01,2034,0.0
GLOBAL,PWROILBHRXX01,2035,0.0
GLOBAL,PWROILBHRXX01,2036,0.0
GLOBAL,PWROILBHRXX01,2037,0.0
GLOBAL,PWROILBHRXX01,2038,0.0
GLOBAL,PWROILBHRXX01,2039,0.0
GLOBAL,PWROILBHRXX01,2040,0.0
GLOBAL,PWROILBHRXX01,2041,0.0
GLOBAL,PWROILBHRXX01,2042,0.0
GLOBAL,PWROILBHRXX01,2043,0.0
GLOBAL,PWROILBHRXX01,2044,0.0
GLOBAL,PWROILBHRXX01,2045,0.0
GLOBAL,PWROILBHRXX01,2046,0.0
GLOBAL,PWROILBHRXX01,2047,0.0
GLOBAL,PWROILBHRXX01,2048,0.0
GLOBAL,PWROILBHRXX01,2049,0.0
GLOBAL,PWROILBHRXX01,2050,0.0
GLOBAL,PWRCOABIHXX01,2021,1.779
GLOBAL,PWRCOABIHXX01,2022,1.779
GLOBAL,PWRCOABIHXX01,2023,1.779
GLOBAL,PWRCOABIHXX01,2024,1.779
GLOBAL,PWRCOABIHXX01,2025,1.779
GLOBAL,PWRCOABIHXX01,2026,1.779
GLOBAL,PWRCOABIHXX01,2027,1.779
GLOBAL,PWRCOABIHXX01,2028,0.0
GLOBAL,PWRCOABIHXX01,2029,0.0
GLOBAL,PWRCOABIHXX01,2030,0.0
GLOBAL,PWRCOABIHXX01,2031,0.0
GLOBAL,PWRCOABIHXX01,2032,0.0
GLOBAL,PWRCOABIHXX01,2033,0.0
GLOBAL,PWRCOABIHXX01,2034,0.0
GLOBAL,PWRCOABIHXX01,2035,0.0
GLOBAL,PWRCOABIHXX01,2036,0.0
GLOBAL,PWRCOABIHXX01,2037,0.0
GLOBAL,PWRCOABIHXX01,2038,0.0
GLOBAL,PWRCOABIHXX01,2039,0.0
GLOBAL,PWRCOABIHXX01,2040,0.0
GLOBAL,PWRCOABIHXX01,2041,0.0
GLOBAL,PWRCOABIHXX01,2042,0.0
GLOBAL,PWRCOABIHXX01,2043,0.0
GLOBAL,PWRCOABIHXX01,2044,0.0
GLOBAL,PWRCOABIHXX01,2045,0.0
GLOBAL,PWRCOABIHXX01,2046,0.0
GLOBAL,PWRCOABIHXX01,2047,0.0
GLOBAL,PWRCOABIHXX01,2048,0.0
GLOBAL,PWRCOABIHXX01,2049,0.0
GLOBAL,PWRCOABIHXX01,2050,0.0
GLOBAL,PWRHYDBIHXX01,2021,2.206
GLOBAL,PWRHYDBIHXX01,2022,2.206
GLOBAL,PWRHYDBIHXX01,2023,2.206
GLOBAL,PWRHYDBIHXX01,2024,2.206
GLOBAL,PWRHYDBIHXX01,2025,2.206
GLOBAL,PWRHYDBIHXX01,2026,2.206
GLOBAL,PWRHYDBIHXX01,2027,2.206
GLOBAL,PWRHYDBIHXX01,2028,2.206
GLOBAL,PWRHYDBIHXX01,2029,2.206
GLOBAL,PWRHYDBIHXX01,2030,2.206
GLOBAL,PWRHYDBIHXX01,2031,2.206
GLOBAL,PWRHYDBIHXX01,2032,2.206
GLOBAL,PWRHYDBIHXX01,2033,2.206
GLOBAL,PWRHYDBIHXX01,2034,2.206
GLOBAL,PWRHYDBIHXX01,2035,2.206
GLOBAL,PWRHYDBIHXX01,2036,2.206
GLOBAL,PWRHYDBIHXX01,2037,2.206
GLOBAL,PWRHYDBIHXX01,2038,2.206
GLOBAL,PWRHYDBIHXX01,2039,2.206
GLOBAL,PWRHYDBIHXX01,2040,2.206
GLOBAL,PWRHYDBIHXX01,2041,2.206
GLOBAL,PWRHYDBIHXX01,2042,2.206
GLOBAL,PWRHYDBIHXX01,2043,2.206
GLOBAL,PWRHYDBIHXX01,2044,2.206
GLOBAL,PWRHYDBIHXX01,2045,2.206
GLOBAL,PWRHYDBIHXX01,2046,2.206
GLOBAL,PWRHYDBIHXX01,2047,2.206
GLOBAL,PWRHYDBIHXX01,2048,2.206
GLOBAL,PWRHYDBIHXX01,2049,2.206
GLOBAL,PWRHYDBIHXX01,2050,2.206
GLOBAL,PWRBIOBLRXX01,2021,0.039
GLOBAL,PWRBIOBLRXX01,2022,0.039
GLOBAL,PWRBIOBLRXX01,2023,0.039
GLOBAL,PWRBIOBLRXX01,2024,0.039
GLOBAL,PWRBIOBLRXX01,2025,0.039
GLOBAL,PWRBIOBLRXX01,2026,0.039
GLOBAL,PWRBIOBLRXX01,2027,0.039
GLOBAL,PWRBIOBLRXX01,2028,0.039
GLOBAL,PWRBIOBLRXX01,2029,0.039
GLOBAL,PWRBIOBLRXX01,2030,0.039
GLOBAL,PWRBIOBLRXX01,2031,0.039
GLOBAL,PWRBIOBLRXX01,2032,0.0
GLOBAL,PWRBIOBLRXX01,2033,0.0
GLOBAL,PWRBIOBLRXX01,2034,0.0
GLOBAL,PWRBIOBLRXX01,2035,0.0
GLOBAL,PWRBIOBLRXX01,2036,0.0
GLOBAL,PWRBIOBLRXX01,2037,0.0
GLOBAL,PWRBIOBLRXX01,2038,0.0
GLOBAL,PWRBIOBLRXX01,2039,0.0
GLOBAL,PWRBIOBLRXX01,2040,0.0
GLOBAL,PWRBIOBLRXX01,2041,0.0
GLOBAL,PWRBIOBLRXX01,2042,0.0
GLOBAL,PWRBIOBLRXX01,2043,0.0
GLOBAL,PWRBIOBLRXX01,2044,0.0
GLOBAL,PWRBIOBLRXX01,2045,0.0
GLOBAL,PWRBIOBLRXX01,2046,0.0
GLOBAL,PWRBIOBLRXX01,2047,0.0
GLOBAL,PWRBIOBLRXX01,2048,0.0
GLOBAL,PWRBIOBLRXX01,2049,0.0
GLOBAL,PWRBIOBLRXX01,2050,0.0
GLOBAL,PWRCCGBLRXX00,2021,9.748
GLOBAL,PWRCCGBLRXX00,2022,9.748
GLOBAL,PWRCCGBLRXX00,2023,9.748
GLOBAL,PWRCCGBLRXX00,2024,9.748
GLOBAL,PWRCCGBLRXX00,2025,0.0
GLOBAL,PWRCCGBLRXX00,2026,0.0
GLOBAL,PWRCCGBLRXX00,2027,0.0
GLOBAL,PWRCCGBLRXX00,2028,0.0
GLOBAL,PWRCCGBLRXX00,2029,0.0
GLOBAL,PWRCCGBLRXX00,2030,0.0
GLOBAL,PWRCCGBLRXX00,2031,0.0
GLOBAL,PWRCCGBLRXX00,2032,0.0
GLOBAL,PWRCCGBLRXX00,2033,0.0
GLOBAL,PWRCCGBLRXX00,2034,0.0
GLOBAL,PWRCCGBLRXX00,2035,0.0
GLOBAL,PWRCCGBLRXX00,2036,0.0
GLOBAL,PWRCCGBLRXX00,2037,0.0
GLOBAL,PWRCCGBLRXX00,2038,0.0
GLOBAL,PWRCCGBLRXX00,2039,0.0
GLOBAL,PWRCCGBLRXX00,2040,0.0
GLOBAL,PWRCCGBLRXX00,2041,0.0
GLOBAL,PWRCCGBLRXX00,2042,0.0
GLOBAL,PWRCCGBLRXX00,2043,0.0
GLOBAL,PWRCCGBLRXX00,2044,0.0
GLOBAL,PWRCCGBLRXX00,2045,0.0
GLOBAL,PWRCCGBLRXX00,2046,0.0
GLOBAL,PWRCCGBLRXX00,2047,0.0
GLOBAL,PWRCCGBLRXX00,2048,0.0
GLOBAL,PWRCCGBLRXX00,2049,0.0
GLOBAL,PWRCCGBLRXX00,2050,0.0
GLOBAL,PWRHYDBLRXX01,2021,0.036
GLOBAL,PWRHYDBLRXX01,2022,0.036
GLOBAL,PWRHYDBLRXX01,2023,0.036
GLOBAL,PWRHYDBLRXX01,2024,0.036
GLOBAL,PWRHYDBLRXX01,2025,0.036
GLOBAL,PWRHYDBLRXX01,2026,0.036
GLOBAL,PWRHYDBLRXX01,2027,0.036
GLOBAL,PWRHYDBLRXX01,2028,0.036
GLOBAL,PWRHYDBLRXX01,2029,0.036
GLOBAL,PWRHYDBLRXX01,2030,0.036
GLOBAL,PWRHYDBLRXX01,2031,0.036
GLOBAL,PWRHYDBLRXX01,2032,0.036
GLOBAL,PWRHYDBLRXX01,2033,0.036
GLOBAL,PWRHYDBLRXX01,2034,0.036
GLOBAL,PWRHYDBLRXX01,2035,0.036
GLOBAL,PWRHYDBLRXX01,2036,0.036
GLOBAL,PWRHYDBLRXX01,2037,0.036
GLOBAL,PWRHYDBLRXX01,2038,0.036
GLOBAL,PWRHYDBLRXX01,2039,0.036
GLOBAL,PWRHYDBLRXX01,2040,0.036
GLOBAL,PWRHYDBLRXX01,2041,0.036
GLOBAL,PWRHYDBLRXX01,2042,0.036
GLOBAL,PWRHYDBLRXX01,2043,0.036
GLOBAL,PWRHYDBLRXX01,2044,0.036
GLOBAL,PWRHYDBLRXX01,2045,0.036
GLOBAL,PWRHYDBLRXX01,2046,0.036
GLOBAL,PWRHYDBLRXX01,2047,0.036
GLOBAL,PWRHYDBLRXX01,2048,0.036
GLOBAL,PWRHYDBLRXX01,2049,0.036
GLOBAL,PWRHYDBLRXX01,2050,0.036
GLOBAL,PWROCGBLRXX00,2021,0.251
GLOBAL,PWROCGBLRXX00,2022,0.251
GLOBAL,PWROCGBLRXX00,2023,0.251
GLOBAL,PWROCGBLRXX00,2024,0.251
GLOBAL,PWROCGBLRXX00,2025,0.0
GLOBAL,PWROCGBLRXX00,2026,0.0
GLOBAL,PWROCGBLRXX00,2027,0.0
GLOBAL,PWROCGBLRXX00,2028,0.0
GLOBAL,PWROCGBLRXX00,2029,0.0
GLOBAL,PWROCGBLRXX00,2030,0.0
GLOBAL,PWROCGBLRXX00,2031,0.0
GLOBAL,PWROCGBLRXX00,2032,0.0
GLOBAL,PWROCGBLRXX00,2033,0.0
GLOBAL,PWROCGBLRXX00,2034,0.0
GLOBAL,PWROCGBLRXX00,2035,0.0
GLOBAL,PWROCGBLRXX00,2036,0.0
GLOBAL,PWROCGBLRXX00,2037,0.0
GLOBAL,PWROCGBLRXX00,2038,0.0
GLOBAL,PWROCGBLRXX00,2039,0.0
GLOBAL,PWROCGBLRXX00,2040,0.0
GLOBAL,PWROCGBLRXX00,2041,0.0
GLOBAL,PWROCGBLRXX00,2042,0.0
GLOBAL,PWROCGBLRXX00,2043,0.0
GLOBAL,PWROCGBLRXX00,2044,0.0
GLOBAL,PWROCGBLRXX00,2045,0.0
GLOBAL,PWROCGBLRXX00,2046,0.0
GLOBAL,PWROCGBLRXX00,2047,0.0
GLOBAL,PWROCGBLRXX00,2048,0.0
GLOBAL,PWROCGBLRXX00,2049,0.0
GLOBAL,PWROCGBLRXX00,2050,0.0
GLOBAL,PWRBIOBOLXX01,2021,0.15
GLOBAL,PWRBIOBOLXX01,2022,0.15
GLOBAL,PWRBIOBOLXX01,2023,0.15
GLOBAL,PWRBIOBOLXX01,2024,0.15
GLOBAL,PWRBIOBOLXX01,2025,0.15
GLOBAL,PWRBIOBOLXX01,2026,0.15
GLOBAL,PWRBIOBOLXX01,2027,0.15
GLOBAL,PWRBIOBOLXX01,2028,0.15
GLOBAL,PWRBIOBOLXX01,2029,0.15
GLOBAL,PWRBIOBOLXX01,2030,0.15
GLOBAL,PWRBIOBOLXX01,2031,0.15
GLOBAL,PWRBIOBOLXX01,2032,0.0
GLOBAL,PWRBIOBOLXX01,2033,0.0
GLOBAL,PWRBIOBOLXX01,2034,0.0
GLOBAL,PWRBIOBOLXX01,2035,0.0
GLOBAL,PWRBIOBOLXX01,2036,0.0
GLOBAL,PWRBIOBOLXX01,2037,0.0
GLOBAL,PWRBIOBOLXX01,2038,0.0
GLOBAL,PWRBIOBOLXX01,2039,0.0
GLOBAL,PWRBIOBOLXX01,2040,0.0
GLOBAL,PWRBIOBOLXX01,2041,0.0
GLOBAL,PWRBIOBOLXX01,2042,0.0
GLOBAL,PWRBIOBOLXX01,2043,0.0
GLOBAL,PWRBIOBOLXX01,2044,0.0
GLOBAL,PWRBIOBOLXX01,2045,0.0
GLOBAL,PWRBIOBOLXX01,2046,0.0
GLOBAL,PWRBIOBOLXX01,2047,0.0
GLOBAL,PWRBIOBOLXX01,2048,0.0
GLOBAL,PWRBIOBOLXX01,2049,0.0
GLOBAL,PWRBIOBOLXX01,2050,0.0
GLOBAL,PWRCCGBOLXX00,2021,1.3156
GLOBAL,PWRCCGBOLXX00,2022,1.3156
GLOBAL,PWRCCGBOLXX00,2023,1.3156
GLOBAL,PWRCCGBOLXX00,2024,1.3156
GLOBAL,PWRCCGBOLXX00,2025,0.0
GLOBAL,PWRCCGBOLXX00,2026,0.0
GLOBAL,PWRCCGBOLXX00,2027,0.0
GLOBAL,PWRCCGBOLXX00,2028,0.0
GLOBAL,PWRCCGBOLXX00,2029,0.0
GLOBAL,PWRCCGBOLXX00,2030,0.0
GLOBAL,PWRCCGBOLXX00,2031,0.0
GLOBAL,PWRCCGBOLXX00,2032,0.0
GLOBAL,PWRCCGBOLXX00,2033,0.0
GLOBAL,PWRCCGBOLXX00,2034,0.0
GLOBAL,PWRCCGBOLXX00,2035,0.0
GLOBAL,PWRCCGBOLXX00,2036,0.0
GLOBAL,PWRCCGBOLXX00,2037,0.0
GLOBAL,PWRCCGBOLXX00,2038,0.0
GLOBAL,PWRCCGBOLXX00,2039,0.0
GLOBAL,PWRCCGBOLXX00,2040,0.0
GLOBAL,PWRCCGBOLXX00,2041,0.0
GLOBAL,PWRCCGBOLXX00,2042,0.0
GLOBAL,PWRCCGBOLXX00,2043,0.0
GLOBAL,PWRCCGBOLXX00,2044,0.0
GLOBAL,PWRCCGBOLXX00,2045,0.0
GLOBAL,PWRCCGBOLXX00,2046,0.0
GLOBAL,PWRCCGBOLXX00,2047,0.0
GLOBAL,PWRCCGBOLXX00,2048,0.0
GLOBAL,PWRCCGBOLXX00,2049,0.0
GLOBAL,PWRCCGBOLXX00,2050,0.0
GLOBAL,PWRHYDBOLXX01,2021,0.4969
GLOBAL,PWRHYDBOLXX01,2022,0.4969
GLOBAL,PWRHYDBOLXX01,2023,0.4969
GLOBAL,PWRHYDBOLXX01,2024,0.4969
GLOBAL,PWRHYDBOLXX01,2025,0.4969
GLOBAL,PWRHYDBOLXX01,2026,0.4969
GLOBAL,PWRHYDBOLXX01,2027,0.4969
GLOBAL,PWRHYDBOLXX01,2028,0.4969
GLOBAL,PWRHYDBOLXX01,2029,0.4969
GLOBAL,PWRHYDBOLXX01,2030,0.4969
GLOBAL,PWRHYDBOLXX01,2031,0.4969
GLOBAL,PWRHYDBOLXX01,2032,0.4969
GLOBAL,PWRHYDBOLXX01,2033,0.4969
GLOBAL,PWRHYDBOLXX01,2034,0.4969
GLOBAL,PWRHYDBOLXX01,2035,0.4969
GLOBAL,PWRHYDBOLXX01,2036,0.4969
GLOBAL,PWRHYDBOLXX01,2037,0.4969
GLOBAL,PWRHYDBOLXX01,2038,0.4969
GLOBAL,PWRHYDBOLXX01,2039,0.4969
GLOBAL,PWRHYDBOLXX01,2040,0.4969
GLOBAL,PWRHYDBOLXX01,2041,0.4969
GLOBAL,PWRHYDBOLXX01,2042,0.4969
GLOBAL,PWRHYDBOLXX01,2043,0.4969
GLOBAL,PWRHYDBOLXX01,2044,0.4969
GLOBAL,PWRHYDBOLXX01,2045,0.4969
GLOBAL,PWRHYDBOLXX01,2046,0.4969
GLOBAL,PWRHYDBOLXX01,2047,0.4969
GLOBAL,PWRHYDBOLXX01,2048,0.4969
GLOBAL,PWRHYDBOLXX01,2049,0.4969
GLOBAL,PWRHYDBOLXX01,2050,0.4969
GLOBAL,PWROCGBOLXX00,2021,0.383
GLOBAL,PWROCGBOLXX00,2022,0.383
GLOBAL,PWROCGBOLXX00,2023,0.383
GLOBAL,PWROCGBOLXX00,2024,0.383
GLOBAL,PWROCGBOLXX00,2025,0.0
GLOBAL,PWROCGBOLXX00,2026,0.0
GLOBAL,PWROCGBOLXX00,2027,0.0
GLOBAL,PWROCGBOLXX00,2028,0.0
GLOBAL,PWROCGBOLXX00,2029,0.0
GLOBAL,PWROCGBOLXX00,2030,0.0
GLOBAL,PWROCGBOLXX00,2031,0.0
GLOBAL,PWROCGBOLXX00,2032,0.0
GLOBAL,PWROCGBOLXX00,2033,0.0
GLOBAL,PWROCGBOLXX00,2034,0.0
GLOBAL,PWROCGBOLXX00,2035,0.0
GLOBAL,PWROCGBOLXX00,2036,0.0
GLOBAL,PWROCGBOLXX00,2037,0.0
GLOBAL,PWROCGBOLXX00,2038,0.0
GLOBAL,PWROCGBOLXX00,2039,0.0
GLOBAL,PWROCGBOLXX00,2040,0.0
GLOBAL,PWROCGBOLXX00,2041,0.0
GLOBAL,PWROCGBOLXX00,2042,0.0
GLOBAL,PWROCGBOLXX00,2043,0.0
GLOBAL,PWROCGBOLXX00,2044,0.0
GLOBAL,PWROCGBOLXX00,2045,0.0
GLOBAL,PWROCGBOLXX00,2046,0.0
GLOBAL,PWROCGBOLXX00,2047,0.0
GLOBAL,PWROCGBOLXX00,2048,0.0
GLOBAL,PWROCGBOLXX00,2049,0.0
GLOBAL,PWROCGBOLXX00,2050,0.0
GLOBAL,PWRSPVBOLXX01,2021,0.013
GLOBAL,PWRSPVBOLXX01,2022,0.013
GLOBAL,PWRSPVBOLXX01,2023,0.013
GLOBAL,PWRSPVBOLXX01,2024,0.013
GLOBAL,PWRSPVBOLXX01,2025,0.013
GLOBAL,PWRSPVBOLXX01,2026,0.013
GLOBAL,PWRSPVBOLXX01,2027,0.013
GLOBAL,PWRSPVBOLXX01,2028,0.013
GLOBAL,PWRSPVBOLXX01,2029,0.013
GLOBAL,PWRSPVBOLXX01,2030,0.013
GLOBAL,PWRSPVBOLXX01,2031,0.013
GLOBAL,PWRSPVBOLXX01,2032,0.013
GLOBAL,PWRSPVBOLXX01,2033,0.013
GLOBAL,PWRSPVBOLXX01,2034,0.013
GLOBAL,PWRSPVBOLXX01,2035,0.013
GLOBAL,PWRSPVBOLXX01,2036,0.013
GLOBAL,PWRSPVBOLXX01,2037,0.013
GLOBAL,PWRSPVBOLXX01,2038,0.013
GLOBAL,PWRSPVBOLXX01,2039,0.013
GLOBAL,PWRSPVBOLXX01,2040,0.013
GLOBAL,PWRSPVBOLXX01,2041,0.013
GLOBAL,PWRSPVBOLXX01,2042,0.013
GLOBAL,PWRSPVBOLXX01,2043,0.013
GLOBAL,PWRSPVBOLXX01,2044,0.013
GLOBAL,PWRSPVBOLXX01,2045,0.0
GLOBAL,PWRSPVBOLXX01,2046,0.0
GLOBAL,PWRSPVBOLXX01,2047,0.0
GLOBAL,PWRSPVBOLXX01,2048,0.0
GLOBAL,PWRSPVBOLXX01,2049,0.0
GLOBAL,PWRSPVBOLXX01,2050,0.0
GLOBAL,PWRBIOBRACN01,2021,0.3921
GLOBAL,PWRBIOBRACN01,2022,0.3921
GLOBAL,PWRBIOBRACN01,2023,0.3921
GLOBAL,PWRBIOBRACN01,2024,0.3921
GLOBAL,PWRBIOBRACN01,2025,0.3921
GLOBAL,PWRBIOBRACN01,2026,0.3921
GLOBAL,PWRBIOBRACN01,2027,0.3921
GLOBAL,PWRBIOBRACN01,2028,0.3921
GLOBAL,PWRBIOBRACN01,2029,0.3901
GLOBAL,PWRBIOBRACN01,2030,0.3901
GLOBAL,PWRBIOBRACN01,2031,0.3891
GLOBAL,PWRBIOBRACN01,2032,0.359
GLOBAL,PWRBIOBRACN01,2033,0.359
GLOBAL,PWRBIOBRACN01,2034,0.351
GLOBAL,PWRBIOBRACN01,2035,0.351
GLOBAL,PWRBIOBRACN01,2036,0.351
GLOBAL,PWRBIOBRACN01,2037,0.351
GLOBAL,PWRBIOBRACN01,2038,0.351
GLOBAL,PWRBIOBRACN01,2039,0.334
GLOBAL,PWRBIOBRACN01,2040,0.334
GLOBAL,PWRBIOBRACN01,2041,0.334
GLOBAL,PWRBIOBRACN01,2042,0.334
GLOBAL,PWRBIOBRACN01,2043,0.334
GLOBAL,PWRBIOBRACN01,2044,0.254
GLOBAL,PWRBIOBRACN01,2045,0.0
GLOBAL,PWRBIOBRACN01,2046,0.0
GLOBAL,PWRBIOBRACN01,2047,0.0
GLOBAL,PWRBIOBRACN01,2048,0.0
GLOBAL,PWRBIOBRACN01,2049,0.0
GLOBAL,PWRBIOBRACN01,2050,0.0
GLOBAL,PWRCCGBRACN00,2021,0.8923
GLOBAL,PWRCCGBRACN00,2022,0.8923
GLOBAL,PWRCCGBRACN00,2023,0.8923
GLOBAL,PWRCCGBRACN00,2024,0.8923
GLOBAL,PWRCCGBRACN00,2025,0.694
GLOBAL,PWRCCGBRACN00,2026,0.694
GLOBAL,PWRCCGBRACN00,2027,0.694
GLOBAL,PWRCCGBRACN00,2028,0.694
GLOBAL,PWRCCGBRACN00,2029,0.694
GLOBAL,PWRCCGBRACN00,2030,0.694
GLOBAL,PWRCCGBRACN00,2031,0.694
GLOBAL,PWRCCGBRACN00,2032,0.694
GLOBAL,PWRCCGBRACN00,2033,0.694
GLOBAL,PWRCCGBRACN00,2034,0.694
GLOBAL,PWRCCGBRACN00,2035,0.694
GLOBAL,PWRCCGBRACN00,2036,0.694
GLOBAL,PWRCCGBRACN00,2037,0.694
GLOBAL,PWRCCGBRACN00,2038,0.694
GLOBAL,PWRCCGBRACN00,2039,0.694
GLOBAL,PWRCCGBRACN00,2040,0.694
GLOBAL,PWRCCGBRACN00,2041,0.694
GLOBAL,PWRCCGBRACN00,2042,0.694
GLOBAL,PWRCCGBRACN00,2043,0.694
GLOBAL,PWRCCGBRACN00,2044,0.518
GLOBAL,PWRCCGBRACN00,2045,0.518
GLOBAL,PWRCCGBRACN00,2046,0.518
GLOBAL,PWRCCGBRACN00,2047,0.0
GLOBAL,PWRCCGBRACN00,2048,0.0
GLOBAL,PWRCCGBRACN00,2049,0.0
GLOBAL,PWRCCGBRACN00,2050,0.0
GLOBAL,PWRCOABRACN01,2021,1.0197
GLOBAL,PWRCOABRACN01,2022,1.0197
GLOBAL,PWRCOABRACN01,2023,1.0197
GLOBAL,PWRCOABRACN01,2024,1.0197
GLOBAL,PWRCOABRACN01,2025,1.0197
GLOBAL,PWRCOABRACN01,2026,1.0197
GLOBAL,PWRCOABRACN01,2027,1.0197
GLOBAL,PWRCOABRACN01,2028,0.553
GLOBAL,PWRCOABRACN01,2029,0.553
GLOBAL,PWRCOABRACN01,2030,0.553
GLOBAL,PWRCOABRACN01,2031,0.539
GLOBAL,PWRCOABRACN01,2032,0.539
GLOBAL,PWRCOABRACN01,2033,0.539
GLOBAL,PWRCOABRACN01,2034,0.539
GLOBAL,PWRCOABRACN01,2035,0.539
GLOBAL,PWRCOABRACN01,2036,0.539
GLOBAL,PWRCOABRACN01,2037,0.539
GLOBAL,PWRCOABRACN01,2038,0.435
GLOBAL,PWRCOABRACN01,2039,0.435
GLOBAL,PWRCOABRACN01,2040,0.36
GLOBAL,PWRCOABRACN01,2041,0.36
GLOBAL,PWRCOABRACN01,2042,0.36
GLOBAL,PWRCOABRACN01,2043,0.36
GLOBAL,PWRCOABRACN01,2044,0.0
GLOBAL,PWRCOABRACN01,2045,0.0
GLOBAL,PWRCOABRACN01,2046,0.0
GLOBAL,PWRCOABRACN01,2047,0.0
GLOBAL,PWRCOABRACN01,2048,0.0
GLOBAL,PWRCOABRACN01,2049,0.0
GLOBAL,PWRCOABRACN01,2050,0.0
GLOBAL,PWRHYDBRACN01,2021,15.102
GLOBAL,PWRHYDBRACN01,2022,15.102
GLOBAL,PWRHYDBRACN01,2023,15.102
GLOBAL,PWRHYDBRACN01,2024,15.102
GLOBAL,PWRHYDBRACN01,2025,15.102
GLOBAL,PWRHYDBRACN01,2026,15.102
GLOBAL,PWRHYDBRACN01,2027,15.102
GLOBAL,PWRHYDBRACN01,2028,15.102
GLOBAL,PWRHYDBRACN01,2029,15.102
GLOBAL,PWRHYDBRACN01,2030,15.102
GLOBAL,PWRHYDBRACN01,2031,15.102
GLOBAL,PWRHYDBRACN01,2032,15.102
GLOBAL,PWRHYDBRACN01,2033,15.102
GLOBAL,PWRHYDBRACN01,2034,15.102
GLOBAL,PWRHYDBRACN01,2035,15.102
GLOBAL,PWRHYDBRACN01,2036,15.102
GLOBAL,PWRHYDBRACN01,2037,15.102
GLOBAL,PWRHYDBRACN01,2038,15.102
GLOBAL,PWRHYDBRACN01,2039,15.102
GLOBAL,PWRHYDBRACN01,2040,15.102
GLOBAL,PWRHYDBRACN01,2041,15.102
GLOBAL,PWRHYDBRACN01,2042,15.102
GLOBAL,PWRHYDBRACN01,2043,15.102
GLOBAL,PWRHYDBRACN01,2044,15.102
GLOBAL,PWRHYDBRACN01,2045,15.102
GLOBAL,PWRHYDBRACN01,2046,15.102
GLOBAL,PWRHYDBRACN01,2047,15.102
GLOBAL,PWRHYDBRACN01,2048,15.102
GLOBAL,PWRHYDBRACN01,2049,15.102
GLOBAL,PWRHYDBRACN01,2050,15.102
GLOBAL,PWROCGBRACN00,2021,0.064
GLOBAL,PWROCGBRACN00,2022,0.064
GLOBAL,PWROCGBRACN00,2023,0.064
GLOBAL,PWROCGBRACN00,2024,0.064
GLOBAL,PWROCGBRACN00,2025,0.064
GLOBAL,PWROCGBRACN00,2026,0.064
GLOBAL,PWROCGBRACN00,2027,0.064
GLOBAL,PWROCGBRACN00,2028,0.064
GLOBAL,PWROCGBRACN00,2029,0.064
GLOBAL,PWROCGBRACN00,2030,0.064
GLOBAL,PWROCGBRACN00,2031,0.064
GLOBAL,PWROCGBRACN00,2032,0.064
GLOBAL,PWROCGBRACN00,2033,0.064
GLOBAL,PWROCGBRACN00,2034,0.064
GLOBAL,PWROCGBRACN00,2035,0.064
GLOBAL,PWROCGBRACN00,2036,0.064
GLOBAL,PWROCGBRACN00,2037,0.064
GLOBAL,PWROCGBRACN00,2038,0.064
GLOBAL,PWROCGBRACN00,2039,0.064
GLOBAL,PWROCGBRACN00,2040,0.064
GLOBAL,PWROCGBRACN00,2041,0.064
GLOBAL,PWROCGBRACN00,2042,0.064
GLOBAL,PWROCGBRACN00,2043,0.064
GLOBAL,PWROCGBRACN00,2044,0.008
GLOBAL,PWROCGBRACN00,2045,0.008
GLOBAL,PWROCGBRACN00,2046,0.0
GLOBAL,PWROCGBRACN00,2047,0.0
GLOBAL,PWROCGBRACN00,2048,0.0
GLOBAL,PWROCGBRACN00,2049,0.0
GLOBAL,PWROCGBRACN00,2050,0.0
GLOBAL,PWROILBRACN01,2021,0.9087
GLOBAL,PWROILBRACN01,2022,0.9087
GLOBAL,PWROILBRACN01,2023,0.9087
GLOBAL,PWROILBRACN01,2024,0.9087
GLOBAL,PWROILBRACN01,2025,0.9087
GLOBAL,PWROILBRACN01,2026,0.9087
GLOBAL,PWROILBRACN01,2027,0.484
GLOBAL,PWROILBRACN01,2028,0.484
GLOBAL,PWROILBRACN01,2029,0.459
GLOBAL,PWROILBRACN01,2030,0.459
GLOBAL,PWROILBRACN01,2031,0.459
GLOBAL,PWROILBRACN01,2032,0.459
GLOBAL,PWROILBRACN01,2033,0.459
GLOBAL,PWROILBRACN01,2034,0.444
GLOBAL,PWROILBRACN01,2035,0.443
GLOBAL,PWROILBRACN01,2036,0.443
GLOBAL,PWROILBRACN01,2037,0.443
GLOBAL,PWROILBRACN01,2038,0.442
GLOBAL,PWROILBRACN01,2039,0.441
GLOBAL,PWROILBRACN01,2040,0.437
GLOBAL,PWROILBRACN01,2041,0.038
GLOBAL,PWROILBRACN01,2042,0.038
GLOBAL,PWROILBRACN01,2043,0.034
GLOBAL,PWROILBRACN01,2044,0.025
GLOBAL,PWROILBRACN01,2045,0.002
GLOBAL,PWROILBRACN01,2046,0.0
GLOBAL,PWROILBRACN01,2047,0.0
GLOBAL,PWROILBRACN01,2048,0.0
GLOBAL,PWROILBRACN01,2049,0.0
GLOBAL,PWROILBRACN01,2050,0.0
GLOBAL,PWRBIOBRACW01,2021,3.0763
GLOBAL,PWRBIOBRACW01,2022,3.0763
GLOBAL,PWRBIOBRACW01,2023,3.0763
GLOBAL,PWRBIOBRACW01,2024,3.0763
GLOBAL,PWRBIOBRACW01,2025,3.0763
GLOBAL,PWRBIOBRACW01,2026,3.0763
GLOBAL,PWRBIOBRACW01,2027,3.0763
GLOBAL,PWRBIOBRACW01,2028,3.0743
GLOBAL,PWRBIOBRACW01,2029,3.0743
GLOBAL,PWRBIOBRACW01,2030,3.0743
GLOBAL,PWRBIOBRACW01,2031,3.0743
GLOBAL,PWRBIOBRACW01,2032,2.686
GLOBAL,PWRBIOBRACW01,2033,2.652
GLOBAL,PWRBIOBRACW01,2034,2.521
GLOBAL,PWRBIOBRACW01,2035,2.519
GLOBAL,PWRBIOBRACW01,2036,2.472
GLOBAL,PWRBIOBRACW01,2037,2.472
GLOBAL,PWRBIOBRACW01,2038,2.387
GLOBAL,PWRBIOBRACW01,2039,2.301
GLOBAL,PWRBIOBRACW01,2040,1.79
GLOBAL,PWRBIOBRACW01,2041,1.389
GLOBAL,PWRBIOBRACW01,2042,0.959
GLOBAL,PWRBIOBRACW01,2043,0.949
GLOBAL,PWRBIOBRACW01,2044,0.336
GLOBAL,PWRBIOBRACW01,2045,0.107
GLOBAL,PWRBIOBRACW01,2046,0.043
GLOBAL,PWRBIOBRACW01,2047,0.033
GLOBAL,PWRBIOBRACW01,2048,0.0
GLOBAL,PWRBIOBRACW01,2049,0.0
GLOBAL,PWRBIOBRACW01,2050,0.0
GLOBAL,PWRCCGBRACW00,2021,2.0545
GLOBAL,PWRCCGBRACW00,2022,2.0545
GLOBAL,PWRCCGBRACW00,2023,2.0545
GLOBAL,PWRCCGBRACW00,2024,2.0545
GLOBAL,PWRCCGBRACW00,2025,1.122
GLOBAL,PWRCCGBRACW00,2026,1.122
GLOBAL,PWRCCGBRACW00,2027,1.122
GLOBAL,PWRCCGBRACW00,2028,1.122
GLOBAL,PWRCCGBRACW00,2029,1.122
GLOBAL,PWRCCGBRACW00,2030,0.916
GLOBAL,PWRCCGBRACW00,2031,0.916
GLOBAL,PWRCCGBRACW00,2032,0.386
GLOBAL,PWRCCGBRACW00,2033,0.386
GLOBAL,PWRCCGBRACW00,2034,0.386
GLOBAL,PWRCCGBRACW00,2035,0.0
GLOBAL,PWRCCGBRACW00,2036,0.0
GLOBAL,PWRCCGBRACW00,2037,0.0
GLOBAL,PWRCCGBRACW00,2038,0.0
GLOBAL,PWRCCGBRACW00,2039,0.0
GLOBAL,PWRCCGBRACW00,2040,0.0
GLOBAL,PWRCCGBRACW00,2041,0.0
GLOBAL,PWRCCGBRACW00,2042,0.0
GLOBAL,PWRCCGBRACW00,2043,0.0
GLOBAL,PWRCCGBRACW00,2044,0.0
GLOBAL,PWRCCGBRACW00,2045,0.0
GLOBAL,PWRCCGBRACW00,2046,0.0
GLOBAL,PWRCCGBRACW00,2047,0.0
GLOBAL,PWRCCGBRACW00,2048,0.0
GLOBAL,PWRCCGBRACW00,2049,0.0
GLOBAL,PWRCCGBRACW00,2050,0.0
GLOBAL,PWRHYDBRACW01,2021,9.496
GLOBAL,PWRHYDBRACW01,2022,9.496
GLOBAL,PWRHYDBRACW01,2023,9.496
GLOBAL,PWRHYDBRACW01,2024,9.496
GLOBAL,PWRHYDBRACW01,2025,9.496
GLOBAL,PWRHYDBRACW01,2026,9.496
GLOBAL,PWRHYDBRACW01,2027,9.496
GLOBAL,PWRHYDBRACW01,2028,9.496
GLOBAL,PWRHYDBRACW01,2029,9.496
GLOBAL,PWRHYDBRACW01,2030,9.496
GLOBAL,PWRHYDBRACW01,2031,9.496
GLOBAL,PWRHYDBRACW01,2032,9.496
GLOBAL,PWRHYDBRACW01,2033,9.496
GLOBAL,PWRHYDBRACW01,2034,9.496
GLOBAL,PWRHYDBRACW01,2035,9.496
GLOBAL,PWRHYDBRACW01,2036,9.496
GLOBAL,PWRHYDBRACW01,2037,9.496
GLOBAL,PWRHYDBRACW01,2038,9.496
GLOBAL,PWRHYDBRACW01,2039,9.496
GLOBAL,PWRHYDBRACW01,2040,9.496
GLOBAL,PWRHYDBRACW01,2041,9.496
GLOBAL,PWRHYDBRACW01,2042,9.496
GLOBAL,PWRHYDBRACW01,2043,9.496
GLOBAL,PWRHYDBRACW01,2044,9.496
GLOBAL,PWRHYDBRACW01,2045,9.496
GLOBAL,PWRHYDBRACW01,2046,9.496
GLOBAL,PWRHYDBRACW01,2047,9.496
GLOBAL,PWRHYDBRACW01,2048,9.496
GLOBAL,PWRHYDBRACW01,2049,9.496
GLOBAL,PWRHYDBRACW01,2050,9.496
GLOBAL,PWROCGBRACW00,2021,0.006
GLOBAL,PWROCGBRACW00,2022,0.006
GLOBAL,PWROCGBRACW00,2023,0.006
GLOBAL,PWROCGBRACW00,2024,0.006
GLOBAL,PWROCGBRACW00,2025,0.006
GLOBAL,PWROCGBRACW00,2026,0.006
GLOBAL,PWROCGBRACW00,2027,0.006
GLOBAL,PWROCGBRACW00,2028,0.006
GLOBAL,PWROCGBRACW00,2029,0.006
GLOBAL,PWROCGBRACW00,2030,0.006
GLOBAL,PWROCGBRACW00,2031,0.006
GLOBAL,PWROCGBRACW00,2032,0.006
GLOBAL,PWROCGBRACW00,2033,0.006
GLOBAL,PWROCGBRACW00,2034,0.006
GLOBAL,PWROCGBRACW00,2035,0.006
GLOBAL,PWROCGBRACW00,2036,0.006
GLOBAL,PWROCGBRACW00,2037,0.006
GLOBAL,PWROCGBRACW00,2038,0.006
GLOBAL,PWROCGBRACW00,2039,0.001
GLOBAL,PWROCGBRACW00,2040,0.001
GLOBAL,PWROCGBRACW00,2041,0.001
GLOBAL,PWROCGBRACW00,2042,0.001
GLOBAL,PWROCGBRACW00,2043,0.0
GLOBAL,PWROCGBRACW00,2044,0.0
GLOBAL,PWROCGBRACW00,2045,0.0
GLOBAL,PWROCGBRACW00,2046,0.0
GLOBAL,PWROCGBRACW00,2047,0.0
GLOBAL,PWROCGBRACW00,2048,0.0
GLOBAL,PWROCGBRACW00,2049,0.0
GLOBAL,PWROCGBRACW00,2050,0.0
GLOBAL,PWROILBRACW01,2021,0.7035
GLOBAL,PWROILBRACW01,2022,0.7035
GLOBAL,PWROILBRACW01,2023,0.7035
GLOBAL,PWROILBRACW01,2024,0.7035
GLOBAL,PWROILBRACW01,2025,0.7035
GLOBAL,PWROILBRACW01,2026,0.7035
GLOBAL,PWROILBRACW01,2027,0.358
GLOBAL,PWROILBRACW01,2028,0.322
GLOBAL,PWROILBRACW01,2029,0.318
GLOBAL,PWROILBRACW01,2030,0.315
GLOBAL,PWROILBRACW01,2031,0.314
GLOBAL,PWROILBRACW01,2032,0.298
GLOBAL,PWROILBRACW01,2033,0.248
GLOBAL,PWROILBRACW01,2034,0.225
GLOBAL,PWROILBRACW01,2035,0.22
GLOBAL,PWROILBRACW01,2036,0.219
GLOBAL,PWROILBRACW01,2037,0.214
GLOBAL,PWROILBRACW01,2038,0.214
GLOBAL,PWROILBRACW01,2039,0.213
GLOBAL,PWROILBRACW01,2040,0.207
GLOBAL,PWROILBRACW01,2041,0.202
GLOBAL,PWROILBRACW01,2042,0.201
GLOBAL,PWROILBRACW01,2043,0.022
GLOBAL,PWROILBRACW01,2044,0.015
GLOBAL,PWROILBRACW01,2045,0.011
GLOBAL,PWROILBRACW01,2046,0.0
GLOBAL,PWROILBRACW01,2047,0.0
GLOBAL,PWROILBRACW01,2048,0.0
GLOBAL,PWROILBRACW01,2049,0.0
GLOBAL,PWROILBRACW01,2050,0.0
GLOBAL,PWRBIOBRANE01,2021,1.3686
GLOBAL,PWRBIOBRANE01,2022,1.3686
GLOBAL,PWRBIOBRANE01,2023,1.1546
GLOBAL,PWRBIOBRANE01,2024,1.1546
GLOBAL,PWRBIOBRANE01,2025,1.1546
GLOBAL,PWRBIOBRANE01,2026,1.1426
GLOBAL,PWRBIOBRANE01,2027,1.1426
GLOBAL,PWRBIOBRANE01,2028,1.1426
GLOBAL,PWRBIOBRANE01,2029,1.0556
GLOBAL,PWRBIOBRANE01,2030,1.0556
GLOBAL,PWRBIOBRANE01,2031,1.0456
GLOBAL,PWRBIOBRANE01,2032,0.654
GLOBAL,PWRBIOBRANE01,2033,0.649
GLOBAL,PWRBIOBRANE01,2034,0.583
GLOBAL,PWRBIOBRANE01,2035,0.568
GLOBAL,PWRBIOBRANE01,2036,0.566
GLOBAL,PWRBIOBRANE01,2037,0.392
GLOBAL,PWRBIOBRANE01,2038,0.344
GLOBAL,PWRBIOBRANE01,2039,0.311
GLOBAL,PWRBIOBRANE01,2040,0.284
GLOBAL,PWRBIOBRANE01,2041,0.24
GLOBAL,PWRBIOBRANE01,2042,0.167
GLOBAL,PWRBIOBRANE01,2043,0.163
GLOBAL,PWRBIOBRANE01,2044,0.11
GLOBAL,PWRBIOBRANE01,2045,0.025
GLOBAL,PWRBIOBRANE01,2046,0.0
GLOBAL,PWRBIOBRANE01,2047,0.0
GLOBAL,PWRBIOBRANE01,2048,0.0
GLOBAL,PWRBIOBRANE01,2049,0.0
GLOBAL,PWRBIOBRANE01,2050,0.0
GLOBAL,PWRCCGBRANE00,2021,4.119
GLOBAL,PWRCCGBRANE00,2022,4.119
GLOBAL,PWRCCGBRANE00,2023,4.119
GLOBAL,PWRCCGBRANE00,2024,4.119
GLOBAL,PWRCCGBRANE00,2025,2.203
GLOBAL,PWRCCGBRANE00,2026,2.203
GLOBAL,PWRCCGBRANE00,2027,1.725
GLOBAL,PWRCCGBRANE00,2028,1.725
GLOBAL,PWRCCGBRANE00,2029,1.725
GLOBAL,PWRCCGBRANE00,2030,1.725
GLOBAL,PWRCCGBRANE00,2031,1.725
GLOBAL,PWRCCGBRANE00,2032,1.725
GLOBAL,PWRCCGBRANE00,2033,1.506
GLOBAL,PWRCCGBRANE00,2034,1.041
GLOBAL,PWRCCGBRANE00,2035,0.323
GLOBAL,PWRCCGBRANE00,2036,0.323
GLOBAL,PWRCCGBRANE00,2037,0.323
GLOBAL,PWRCCGBRANE00,2038,0.323
GLOBAL,PWRCCGBRANE00,2039,0.0
GLOBAL,PWRCCGBRANE00,2040,0.0
GLOBAL,PWRCCGBRANE00,2041,0.0
GLOBAL,PWRCCGBRANE00,2042,0.0
GLOBAL,PWRCCGBRANE00,2043,0.0
GLOBAL,PWRCCGBRANE00,2044,0.0
GLOBAL,PWRCCGBRANE00,2045,0.0
GLOBAL,PWRCCGBRANE00,2046,0.0
GLOBAL,PWRCCGBRANE00,2047,0.0
GLOBAL,PWRCCGBRANE00,2048,0.0
GLOBAL,PWRCCGBRANE00,2049,0.0
GLOBAL,PWRCCGBRANE00,2050,0.0
GLOBAL,PWRCOABRANE01,2021,0.668
GLOBAL,PWRCOABRANE01,2022,0.668
GLOBAL,PWRCOABRANE01,2023,0.668
GLOBAL,PWRCOABRANE01,2024,0.668
GLOBAL,PWRCOABRANE01,2025,0.668
GLOBAL,PWRCOABRANE01,2026,0.668
GLOBAL,PWRCOABRANE01,2027,0.668
GLOBAL,PWRCOABRANE01,2028,0.366
GLOBAL,PWRCOABRANE01,2029,0.366
GLOBAL,PWRCOABRANE01,2030,0.366
GLOBAL,PWRCOABRANE01,2031,0.366
GLOBAL,PWRCOABRANE01,2032,0.366
GLOBAL,PWRCOABRANE01,2033,0.366
GLOBAL,PWRCOABRANE01,2034,0.366
GLOBAL,PWRCOABRANE01,2035,0.366
GLOBAL,PWRCOABRANE01,2036,0.366
GLOBAL,PWRCOABRANE01,2037,0.366
GLOBAL,PWRCOABRANE01,2038,0.366
GLOBAL,PWRCOABRANE01,2039,0.366
GLOBAL,PWRCOABRANE01,2040,0.366
GLOBAL,PWRCOABRANE01,2041,0.366
GLOBAL,PWRCOABRANE01,2042,0.366
GLOBAL,PWRCOABRANE01,2043,0.366
GLOBAL,PWRCOABRANE01,2044,0.0
GLOBAL,PWRCOABRANE01,2045,0.0
GLOBAL,PWRCOABRANE01,2046,0.0
GLOBAL,PWRCOABRANE01,2047,0.0
GLOBAL,PWRCOABRANE01,2048,0.0
GLOBAL,PWRCOABRANE01,2049,0.0
GLOBAL,PWRCOABRANE01,2050,0.0
GLOBAL,PWRHYDBRANE01,2021,10.763
GLOBAL,PWRHYDBRANE01,2022,10.763
GLOBAL,PWRHYDBRANE01,2023,10.763
GLOBAL,PWRHYDBRANE01,2024,10.763
GLOBAL,PWRHYDBRANE01,2025,10.763
GLOBAL,PWRHYDBRANE01,2026,10.763
GLOBAL,PWRHYDBRANE01,2027,10.763
GLOBAL,PWRHYDBRANE01,2028,10.763
GLOBAL,PWRHYDBRANE01,2029,10.763
GLOBAL,PWRHYDBRANE01,2030,10.763
GLOBAL,PWRHYDBRANE01,2031,10.763
GLOBAL,PWRHYDBRANE01,2032,10.763
GLOBAL,PWRHYDBRANE01,2033,10.763
GLOBAL,PWRHYDBRANE01,2034,10.763
GLOBAL,PWRHYDBRANE01,2035,10.763
GLOBAL,PWRHYDBRANE01,2036,10.763
GLOBAL,PWRHYDBRANE01,2037,10.763
GLOBAL,PWRHYDBRANE01,2038,10.763
GLOBAL,PWRHYDBRANE01,2039,10.763
GLOBAL,PWRHYDBRANE01,2040,10.762
GLOBAL,PWRHYDBRANE01,2041,10.762
GLOBAL,PWRHYDBRANE01,2042,10.762
GLOBAL,PWRHYDBRANE01,2043,10.762
GLOBAL,PWRHYDBRANE01,2044,10.762
GLOBAL,PWRHYDBRANE01,2045,10.762
GLOBAL,PWRHYDBRANE01,2046,10.762
GLOBAL,PWRHYDBRANE01,2047,10.762
GLOBAL,PWRHYDBRANE01,2048,10.762
GLOBAL,PWRHYDBRANE01,2049,10.762
GLOBAL,PWRHYDBRANE01,2050,10.762
GLOBAL,PWROCGBRANE00,2021,0.115
GLOBAL,PWROCGBRANE00,2022,0.115
GLOBAL,PWROCGBRANE00,2023,0.115
GLOBAL,PWROCGBRANE00,2024,0.115
GLOBAL,PWROCGBRANE00,2025,0.081
GLOBAL,PWROCGBRANE00,2026,0.081
GLOBAL,PWROCGBRANE00,2027,0.078
GLOBAL,PWROCGBRANE00,2028,0.078
GLOBAL,PWROCGBRANE00,2029,0.078
GLOBAL,PWROCGBRANE00,2030,0.078
GLOBAL,PWROCGBRANE00,2031,0.078
GLOBAL,PWROCGBRANE00,2032,0.078
GLOBAL,PWROCGBRANE00,2033,0.028
GLOBAL,PWROCGBRANE00,2034,0.025
GLOBAL,PWROCGBRANE00,2035,0.017
GLOBAL,PWROCGBRANE00,2036,0.013
GLOBAL,PWROCGBRANE00,2037,0.013
GLOBAL,PWROCGBRANE00,2038,0.013
GLOBAL,PWROCGBRANE00,2039,0.007
GLOBAL,PWROCGBRANE00,2040,0.004
GLOBAL,PWROCGBRANE00,2041,0.004
GLOBAL,PWROCGBRANE00,2042,0.004
GLOBAL,PWROCGBRANE00,2043,0.004
GLOBAL,PWROCGBRANE00,2044,0.004
GLOBAL,PWROCGBRANE00,2045,0.0
GLOBAL,PWROCGBRANE00,2046,0.0
GLOBAL,PWROCGBRANE00,2047,0.0
GLOBAL,PWROCGBRANE00,2048,0.0
GLOBAL,PWROCGBRANE00,2049,0.0
GLOBAL,PWROCGBRANE00,2050,0.0
GLOBAL,PWROILBRANE01,2021,4.7007
GLOBAL,PWROILBRANE01,2022,4.6997
GLOBAL,PWROILBRANE01,2023,4.6997
GLOBAL,PWROILBRANE01,2024,4.6997
GLOBAL,PWROILBRANE01,2025,4.6997
GLOBAL,PWROILBRANE01,2026,4.6997
GLOBAL,PWROILBRANE01,2027,2.542
GLOBAL,PWROILBRANE01,2028,2.542
GLOBAL,PWROILBRANE01,2029,2.539
GLOBAL,PWROILBRANE01,2030,2.539
GLOBAL,PWROILBRANE01,2031,2.539
GLOBAL,PWROILBRANE01,2032,2.532
GLOBAL,PWROILBRANE01,2033,2.209
GLOBAL,PWROILBRANE01,2034,2.196
GLOBAL,PWROILBRANE01,2035,2.196
GLOBAL,PWROILBRANE01,2036,2.193
GLOBAL,PWROILBRANE01,2037,2.193
GLOBAL,PWROILBRANE01,2038,2.188
GLOBAL,PWROILBRANE01,2039,2.181
GLOBAL,PWROILBRANE01,2040,1.668
GLOBAL,PWROILBRANE01,2041,0.873
GLOBAL,PWROILBRANE01,2042,0.699
GLOBAL,PWROILBRANE01,2043,0.678
GLOBAL,PWROILBRANE01,2044,0.08
GLOBAL,PWROILBRANE01,2045,0.07
GLOBAL,PWROILBRANE01,2046,0.0
GLOBAL,PWROILBRANE01,2047,0.0
GLOBAL,PWROILBRANE01,2048,0.0
GLOBAL,PWROILBRANE01,2049,0.0
GLOBAL,PWROILBRANE01,2050,0.0
GLOBAL,PWRSPVBRANE01,2021,0.001
GLOBAL,PWRSPVBRANE01,2022,0.001
GLOBAL,PWRSPVBRANE01,2023,0.001
GLOBAL,PWRSPVBRANE01,2024,0.001
GLOBAL,PWRSPVBRANE01,2025,0.001
GLOBAL,PWRSPVBRANE01,2026,0.001
GLOBAL,PWRSPVBRANE01,2027,0.001
GLOBAL,PWRSPVBRANE01,2028,0.001
GLOBAL,PWRSPVBRANE01,2029,0.001
GLOBAL,PWRSPVBRANE01,2030,0.001
GLOBAL,PWRSPVBRANE01,2031,0.001
GLOBAL,PWRSPVBRANE01,2032,0.001
GLOBAL,PWRSPVBRANE01,2033,0.001
GLOBAL,PWRSPVBRANE01,2034,0.001
GLOBAL,PWRSPVBRANE01,2035,0.001
GLOBAL,PWRSPVBRANE01,2036,0.001
GLOBAL,PWRSPVBRANE01,2037,0.001
GLOBAL,PWRSPVBRANE01,2038,0.001
GLOBAL,PWRSPVBRANE01,2039,0.001
GLOBAL,PWRSPVBRANE01,2040,0.001
GLOBAL,PWRSPVBRANE01,2041,0.001
GLOBAL,PWRSPVBRANE01,2042,0.0
GLOBAL,PWRSPVBRANE01,2043,0.0
GLOBAL,PWRSPVBRANE01,2044,0.0
GLOBAL,PWRSPVBRANE01,2045,0.0
GLOBAL,PWRSPVBRANE01,2046,0.0
GLOBAL,PWRSPVBRANE01,2047,0.0
GLOBAL,PWRSPVBRANE01,2048,0.0
GLOBAL,PWRSPVBRANE01,2049,0.0
GLOBAL,PWRSPVBRANE01,2050,0.0
GLOBAL,PWRWASBRANE01,2021,0.02
GLOBAL,PWRWASBRANE01,2022,0.02
GLOBAL,PWRWASBRANE01,2023,0.02
GLOBAL,PWRWASBRANE01,2024,0.02
GLOBAL,PWRWASBRANE01,2025,0.02
GLOBAL,PWRWASBRANE01,2026,0.02
GLOBAL,PWRWASBRANE01,2027,0.02
GLOBAL,PWRWASBRANE01,2028,0.02
GLOBAL,PWRWASBRANE01,2029,0.02
GLOBAL,PWRWASBRANE01,2030,0.02
GLOBAL,PWRWASBRANE01,2031,0.02
GLOBAL,PWRWASBRANE01,2032,0.02
GLOBAL,PWRWASBRANE01,2033,0.02
GLOBAL,PWRWASBRANE01,2034,0.02
GLOBAL,PWRWASBRANE01,2035,0.02
GLOBAL,PWRWASBRANE01,2036,0.02
GLOBAL,PWRWASBRANE01,2037,0.02
GLOBAL,PWRWASBRANE01,2038,0.02
GLOBAL,PWRWASBRANE01,2039,0.02
GLOBAL,PWRWASBRANE01,2040,0.02
GLOBAL,PWRWASBRANE01,2041,0.0
GLOBAL,PWRWASBRANE01,2042,0.0
GLOBAL,PWRWASBRANE01,2043,0.0
GLOBAL,PWRWASBRANE01,2044,0.0
GLOBAL,PWRWASBRANE01,2045,0.0
GLOBAL,PWRWASBRANE01,2046,0.0
GLOBAL,PWRWASBRANE01,2047,0.0
GLOBAL,PWRWASBRANE01,2048,0.0
GLOBAL,PWRWASBRANE01,2049,0.0
GLOBAL,PWRWASBRANE01,2050,0.0
GLOBAL,PWRWONBRANE01,2021,9.1836
GLOBAL,PWRWONBRANE01,2022,9.1586
GLOBAL,PWRWONBRANE01,2023,9.1586
GLOBAL,PWRWONBRANE01,2024,9.1586
GLOBAL,PWRWONBRANE01,2025,9.1586
GLOBAL,PWRWONBRANE01,2026,9.1586
GLOBAL,PWRWONBRANE01,2027,9.1586
GLOBAL,PWRWONBRANE01,2028,9.1586
GLOBAL,PWRWONBRANE01,2029,9.1536
GLOBAL,PWRWONBRANE01,2030,9.1486
GLOBAL,PWRWONBRANE01,2031,9.1486
GLOBAL,PWRWONBRANE01,2032,9.1486
GLOBAL,PWRWONBRANE01,2033,9.1116
GLOBAL,PWRWONBRANE01,2034,9.1116
GLOBAL,PWRWONBRANE01,2035,9.1016
GLOBAL,PWRWONBRANE01,2036,9.0716
GLOBAL,PWRWONBRANE01,2037,8.9656
GLOBAL,PWRWONBRANE01,2038,8.9656
GLOBAL,PWRWONBRANE01,2039,8.8686
GLOBAL,PWRWONBRANE01,2040,7.713
GLOBAL,PWRWONBRANE01,2041,7.449
GLOBAL,PWRWONBRANE01,2042,7.194
GLOBAL,PWRWONBRANE01,2043,7.005
GLOBAL,PWRWONBRANE01,2044,6.747
GLOBAL,PWRWONBRANE01,2045,4.225
GLOBAL,PWRWONBRANE01,2046,2.548
GLOBAL,PWRWONBRANE01,2047,0.181
GLOBAL,PWRWONBRANE01,2048,0.0
GLOBAL,PWRWONBRANE01,2049,0.0
GLOBAL,PWRWONBRANE01,2050,0.0
GLOBAL,PWRBIOBRANW01,2021,0.062
GLOBAL,PWRBIOBRANW01,2022,0.062
GLOBAL,PWRBIOBRANW01,2023,0.062
GLOBAL,PWRBIOBRANW01,2024,0.062
GLOBAL,PWRBIOBRANW01,2025,0.062
GLOBAL,PWRBIOBRANW01,2026,0.062
GLOBAL,PWRBIOBRANW01,2027,0.062
GLOBAL,PWRBIOBRANW01,2028,0.062
GLOBAL,PWRBIOBRANW01,2029,0.007
GLOBAL,PWRBIOBRANW01,2030,0.007
GLOBAL,PWRBIOBRANW01,2031,0.007
GLOBAL,PWRBIOBRANW01,2032,0.0
GLOBAL,PWRBIOBRANW01,2033,0.0
GLOBAL,PWRBIOBRANW01,2034,0.0
GLOBAL,PWRBIOBRANW01,2035,0.0
GLOBAL,PWRBIOBRANW01,2036,0.0
GLOBAL,PWRBIOBRANW01,2037,0.0
GLOBAL,PWRBIOBRANW01,2038,0.0
GLOBAL,PWRBIOBRANW01,2039,0.0
GLOBAL,PWRBIOBRANW01,2040,0.0
GLOBAL,PWRBIOBRANW01,2041,0.0
GLOBAL,PWRBIOBRANW01,2042,0.0
GLOBAL,PWRBIOBRANW01,2043,0.0
GLOBAL,PWRBIOBRANW01,2044,0.0
GLOBAL,PWRBIOBRANW01,2045,0.0
GLOBAL,PWRBIOBRANW01,2046,0.0
GLOBAL,PWRBIOBRANW01,2047,0.0
GLOBAL,PWRBIOBRANW01,2048,0.0
GLOBAL,PWRBIOBRANW01,2049,0.0
GLOBAL,PWRBIOBRANW01,2050,0.0
GLOBAL,PWRHYDBRANW01,2021,1.201
GLOBAL,PWRHYDBRANW01,2022,1.201
GLOBAL,PWRHYDBRANW01,2023,1.201
GLOBAL,PWRHYDBRANW01,2024,1.201
GLOBAL,PWRHYDBRANW01,2025,1.201
GLOBAL,PWRHYDBRANW01,2026,1.201
GLOBAL,PWRHYDBRANW01,2027,1.201
GLOBAL,PWRHYDBRANW01,2028,1.201
GLOBAL,PWRHYDBRANW01,2029,1.201
GLOBAL,PWRHYDBRANW01,2030,1.201
GLOBAL,PWRHYDBRANW01,2031,1.201
GLOBAL,PWRHYDBRANW01,2032,1.201
GLOBAL,PWRHYDBRANW01,2033,1.201
GLOBAL,PWRHYDBRANW01,2034,1.201
GLOBAL,PWRHYDBRANW01,2035,1.201
GLOBAL,PWRHYDBRANW01,2036,1.201
GLOBAL,PWRHYDBRANW01,2037,1.201
GLOBAL,PWRHYDBRANW01,2038,1.201
GLOBAL,PWRHYDBRANW01,2039,1.201
GLOBAL,PWRHYDBRANW01,2040,1.201
GLOBAL,PWRHYDBRANW01,2041,1.201
GLOBAL,PWRHYDBRANW01,2042,1.201
GLOBAL,PWRHYDBRANW01,2043,1.201
GLOBAL,PWRHYDBRANW01,2044,1.201
GLOBAL,PWRHYDBRANW01,2045,1.201
GLOBAL,PWRHYDBRANW01,2046,1.201
GLOBAL,PWRHYDBRANW01,2047,1.201
GLOBAL,PWRHYDBRANW01,2048,1.201
GLOBAL,PWRHYDBRANW01,2049,1.201
GLOBAL,PWRHYDBRANW01,2050,1.201
GLOBAL,PWROCGBRANW00,2021,0.1692
GLOBAL,PWROCGBRANW00,2022,0.1692
GLOBAL,PWROCGBRANW00,2023,0.1692
GLOBAL,PWROCGBRANW00,2024,0.1692
GLOBAL,PWROCGBRANW00,2025,0.084
GLOBAL,PWROCGBRANW00,2026,0.084
GLOBAL,PWROCGBRANW00,2027,0.084
GLOBAL,PWROCGBRANW00,2028,0.084
GLOBAL,PWROCGBRANW00,2029,0.084
GLOBAL,PWROCGBRANW00,2030,0.084
GLOBAL,PWROCGBRANW00,2031,0.084
GLOBAL,PWROCGBRANW00,2032,0.084
GLOBAL,PWROCGBRANW00,2033,0.084
GLOBAL,PWROCGBRANW00,2034,0.075
GLOBAL,PWROCGBRANW00,2035,0.075
GLOBAL,PWROCGBRANW00,2036,0.075
GLOBAL,PWROCGBRANW00,2037,0.0
GLOBAL,PWROCGBRANW00,2038,0.0
GLOBAL,PWROCGBRANW00,2039,0.0
GLOBAL,PWROCGBRANW00,2040,0.0
GLOBAL,PWROCGBRANW00,2041,0.0
GLOBAL,PWROCGBRANW00,2042,0.0
GLOBAL,PWROCGBRANW00,2043,0.0
GLOBAL,PWROCGBRANW00,2044,0.0
GLOBAL,PWROCGBRANW00,2045,0.0
GLOBAL,PWROCGBRANW00,2046,0.0
GLOBAL,PWROCGBRANW00,2047,0.0
GLOBAL,PWROCGBRANW00,2048,0.0
GLOBAL,PWROCGBRANW00,2049,0.0
GLOBAL,PWROCGBRANW00,2050,0.0
GLOBAL,PWROILBRANW01,2021,3.4967
GLOBAL,PWROILBRANW01,2022,3.4967
GLOBAL,PWROILBRANW01,2023,3.4967
GLOBAL,PWROILBRANW01,2024,3.4797
GLOBAL,PWROILBRANW01,2025,3.4687
GLOBAL,PWROILBRANW01,2026,3.4687
GLOBAL,PWROILBRANW01,2027,1.634
GLOBAL,PWROILBRANW01,2028,1.383
GLOBAL,PWROILBRANW01,2029,0.669
GLOBAL,PWROILBRANW01,2030,0.664
GLOBAL,PWROILBRANW01,2031,0.664
GLOBAL,PWROILBRANW01,2032,0.664
GLOBAL,PWROILBRANW01,2033,0.647
GLOBAL,PWROILBRANW01,2034,0.479
GLOBAL,PWROILBRANW01,2035,0.476
GLOBAL,PWROILBRANW01,2036,0.467
GLOBAL,PWROILBRANW01,2037,0.371
GLOBAL,PWROILBRANW01,2038,0.371
GLOBAL,PWROILBRANW01,2039,0.253
GLOBAL,PWROILBRANW01,2040,0.2
GLOBAL,PWROILBRANW01,2041,0.166
GLOBAL,PWROILBRANW01,2042,0.155
GLOBAL,PWROILBRANW01,2043,0.155
GLOBAL,PWROILBRANW01,2044,0.15
GLOBAL,PWROILBRANW01,2045,0.144
GLOBAL,PWROILBRANW01,2046,0.0
GLOBAL,PWROILBRANW01,2047,0.0
GLOBAL,PWROILBRANW01,2048,0.0
GLOBAL,PWROILBRANW01,2049,0.0
GLOBAL,PWROILBRANW01,2050,0.0
GLOBAL,PWRBIOBRASE01,2021,7.5513
GLOBAL,PWRBIOBRASE01,2022,7.5393
GLOBAL,PWRBIOBRASE01,2023,7.5393
GLOBAL,PWRBIOBRASE01,2024,7.5393
GLOBAL,PWRBIOBRASE01,2025,7.2063
GLOBAL,PWRBIOBRASE01,2026,7.2023
GLOBAL,PWRBIOBRASE01,2027,7.1123
GLOBAL,PWRBIOBRASE01,2028,7.0423
GLOBAL,PWRBIOBRASE01,2029,6.6533
GLOBAL,PWRBIOBRASE01,2030,6.5833
GLOBAL,PWRBIOBRASE01,2031,6.5313
GLOBAL,PWRBIOBRASE01,2032,5.205
GLOBAL,PWRBIOBRASE01,2033,4.702
GLOBAL,PWRBIOBRASE01,2034,4.041
GLOBAL,PWRBIOBRASE01,2035,4.001
GLOBAL,PWRBIOBRASE01,2036,3.937
GLOBAL,PWRBIOBRASE01,2037,3.583
GLOBAL,PWRBIOBRASE01,2038,3.508
GLOBAL,PWRBIOBRASE01,2039,3.225
GLOBAL,PWRBIOBRASE01,2040,2.673
GLOBAL,PWRBIOBRASE01,2041,1.539
GLOBAL,PWRBIOBRASE01,2042,1.332
GLOBAL,PWRBIOBRASE01,2043,0.737
GLOBAL,PWRBIOBRASE01,2044,0.469
GLOBAL,PWRBIOBRASE01,2045,0.213
GLOBAL,PWRBIOBRASE01,2046,0.095
GLOBAL,PWRBIOBRASE01,2047,0.0
GLOBAL,PWRBIOBRASE01,2048,0.0
GLOBAL,PWRBIOBRASE01,2049,0.0
GLOBAL,PWRBIOBRASE01,2050,0.0
GLOBAL,PWRCCGBRASE00,2021,8.4331
GLOBAL,PWRCCGBRASE00,2022,8.4331
GLOBAL,PWRCCGBRASE00,2023,8.4331
GLOBAL,PWRCCGBRASE00,2024,8.4331
GLOBAL,PWRCCGBRASE00,2025,4.377
GLOBAL,PWRCCGBRASE00,2026,4.377
GLOBAL,PWRCCGBRASE00,2027,4.377
GLOBAL,PWRCCGBRASE00,2028,4.377
GLOBAL,PWRCCGBRASE00,2029,4.377
GLOBAL,PWRCCGBRASE00,2030,4.377
GLOBAL,PWRCCGBRASE00,2031,4.377
GLOBAL,PWRCCGBRASE00,2032,4.002
GLOBAL,PWRCCGBRASE00,2033,3.776
GLOBAL,PWRCCGBRASE00,2034,3.637
GLOBAL,PWRCCGBRASE00,2035,1.322
GLOBAL,PWRCCGBRASE00,2036,1.322
GLOBAL,PWRCCGBRASE00,2037,1.322
GLOBAL,PWRCCGBRASE00,2038,1.322
GLOBAL,PWRCCGBRASE00,2039,1.322
GLOBAL,PWRCCGBRASE00,2040,1.072
GLOBAL,PWRCCGBRASE00,2041,0.868
GLOBAL,PWRCCGBRASE00,2042,0.868
GLOBAL,PWRCCGBRASE00,2043,0.868
GLOBAL,PWRCCGBRASE00,2044,0.53
GLOBAL,PWRCCGBRASE00,2045,0.0
GLOBAL,PWRCCGBRASE00,2046,0.0
GLOBAL,PWRCCGBRASE00,2047,0.0
GLOBAL,PWRCCGBRASE00,2048,0.0
GLOBAL,PWRCCGBRASE00,2049,0.0
GLOBAL,PWRCCGBRASE00,2050,0.0
GLOBAL,PWRCOABRASE01,2021,0.3233
GLOBAL,PWRCOABRASE01,2022,0.3233
GLOBAL,PWRCOABRASE01,2023,0.3233
GLOBAL,PWRCOABRASE01,2024,0.3233
GLOBAL,PWRCOABRASE01,2025,0.3233
GLOBAL,PWRCOABRASE01,2026,0.3233
GLOBAL,PWRCOABRASE01,2027,0.2993
GLOBAL,PWRCOABRASE01,2028,0.134
GLOBAL,PWRCOABRASE01,2029,0.134
GLOBAL,PWRCOABRASE01,2030,0.134
GLOBAL,PWRCOABRASE01,2031,0.134
GLOBAL,PWRCOABRASE01,2032,0.134
GLOBAL,PWRCOABRASE01,2033,0.031
GLOBAL,PWRCOABRASE01,2034,0.03
GLOBAL,PWRCOABRASE01,2035,0.03
GLOBAL,PWRCOABRASE01,2036,0.03
GLOBAL,PWRCOABRASE01,2037,0.03
GLOBAL,PWRCOABRASE01,2038,0.03
GLOBAL,PWRCOABRASE01,2039,0.03
GLOBAL,PWRCOABRASE01,2040,0.03
GLOBAL,PWRCOABRASE01,2041,0.021
GLOBAL,PWRCOABRASE01,2042,0.021
GLOBAL,PWRCOABRASE01,2043,0.021
GLOBAL,PWRCOABRASE01,2044,0.021
GLOBAL,PWRCOABRASE01,2045,0.021
GLOBAL,PWRCOABRASE01,2046,0.0
GLOBAL,PWRCOABRASE01,2047,0.0
GLOBAL,PWRCOABRASE01,2048,0.0
GLOBAL,PWRCOABRASE01,2049,0.0
GLOBAL,PWRCOABRASE01,2050,0.0
GLOBAL,PWRHYDBRASE01,2021,29.84
GLOBAL,PWRHYDBRASE01,2022,29.84
GLOBAL,PWRHYDBRASE01,2023,29.84
GLOBAL,PWRHYDBRASE01,2024,29.84
GLOBAL,PWRHYDBRASE01,2025,29.653
GLOBAL,PWRHYDBRASE01,2026,29.613
GLOBAL,PWRHYDBRASE01,2027,28.725
GLOBAL,PWRHYDBRASE01,2028,28.725
GLOBAL,PWRHYDBRASE01,2029,28.697
GLOBAL,PWRHYDBRASE01,2030,28.697
GLOBAL,PWRHYDBRASE01,2031,28.697
GLOBAL,PWRHYDBRASE01,2032,28.697
GLOBAL,PWRHYDBRASE01,2033,28.697
GLOBAL,PWRHYDBRASE01,2034,28.627
GLOBAL,PWRHYDBRASE01,2035,28.627
GLOBAL,PWRHYDBRASE01,2036,28.624
GLOBAL,PWRHYDBRASE01,2037,28.62
GLOBAL,PWRHYDBRASE01,2038,28.62
GLOBAL,PWRHYDBRASE01,2039,28.619
GLOBAL,PWRHYDBRASE01,2040,28.619
GLOBAL,PWRHYDBRASE01,2041,28.489
GLOBAL,PWRHYDBRASE01,2042,28.489
GLOBAL,PWRHYDBRASE01,2043,28.489
GLOBAL,PWRHYDBRASE01,2044,28.489
GLOBAL,PWRHYDBRASE01,2045,28.489
GLOBAL,PWRHYDBRASE01,2046,28.489
GLOBAL,PWRHYDBRASE01,2047,28.489
GLOBAL,PWRHYDBRASE01,2048,28.482
GLOBAL,PWRHYDBRASE01,2049,28.475
GLOBAL,PWRHYDBRASE01,2050,28.42
GLOBAL,PWROCGBRASE00,2021,0.525
GLOBAL,PWROCGBRASE00,2022,0.525
GLOBAL,PWROCGBRASE00,2023,0.525
GLOBAL,PWROCGBRASE00,2024,0.525
GLOBAL,PWROCGBRASE00,2025,0.449
GLOBAL,PWROCGBRASE00,2026,0.449
GLOBAL,PWROCGBRASE00,2027,0.449
GLOBAL,PWROCGBRASE00,2028,0.449
GLOBAL,PWROCGBRASE00,2029,0.304
GLOBAL,PWROCGBRASE00,2030,0.304
GLOBAL,PWROCGBRASE00,2031,0.296
GLOBAL,PWROCGBRASE00,2032,0.286
GLOBAL,PWROCGBRASE00,2033,0.196
GLOBAL,PWROCGBRASE00,2034,0.116
GLOBAL,PWROCGBRASE00,2035,0.113
GLOBAL,PWROCGBRASE00,2036,0.104
GLOBAL,PWROCGBRASE00,2037,0.085
GLOBAL,PWROCGBRASE00,2038,0.08
GLOBAL,PWROCGBRASE00,2039,0.075
GLOBAL,PWROCGBRASE00,2040,0.075
GLOBAL,PWROCGBRASE00,2041,0.075
GLOBAL,PWROCGBRASE00,2042,0.046
GLOBAL,PWROCGBRASE00,2043,0.038
GLOBAL,PWROCGBRASE00,2044,0.021
GLOBAL,PWROCGBRASE00,2045,0.002
GLOBAL,PWROCGBRASE00,2046,0.0
GLOBAL,PWROCGBRASE00,2047,0.0
GLOBAL,PWROCGBRASE00,2048,0.0
GLOBAL,PWROCGBRASE00,2049,0.0
GLOBAL,PWROCGBRASE00,2050,0.0
GLOBAL,PWROILBRASE01,2021,4.1282
GLOBAL,PWROILBRASE01,2022,4.1282
GLOBAL,PWROILBRASE01,2023,4.1282
GLOBAL,PWROILBRASE01,2024,4.1272
GLOBAL,PWROILBRASE01,2025,4.1272
GLOBAL,PWROILBRASE01,2026,4.1272
GLOBAL,PWROILBRASE01,2027,2.05
GLOBAL,PWROILBRASE01,2028,2.043
GLOBAL,PWROILBRASE01,2029,1.504
GLOBAL,PWROILBRASE01,2030,1.474
GLOBAL,PWROILBRASE01,2031,1.458
GLOBAL,PWROILBRASE01,2032,1.426
GLOBAL,PWROILBRASE01,2033,1.391
GLOBAL,PWROILBRASE01,2034,1.046
GLOBAL,PWROILBRASE01,2035,1.041
GLOBAL,PWROILBRASE01,2036,1.017
GLOBAL,PWROILBRASE01,2037,1.0
GLOBAL,PWROILBRASE01,2038,0.988
GLOBAL,PWROILBRASE01,2039,0.975
GLOBAL,PWROILBRASE01,2040,0.926
GLOBAL,PWROILBRASE01,2041,0.724
GLOBAL,PWROILBRASE01,2042,0.204
GLOBAL,PWROILBRASE01,2043,0.138
GLOBAL,PWROILBRASE01,2044,0.104
GLOBAL,PWROILBRASE01,2045,0.063
GLOBAL,PWROILBRASE01,2046,0.018
GLOBAL,PWROILBRASE01,2047,0.0
GLOBAL,PWROILBRASE01,2048,0.0
GLOBAL,PWROILBRASE01,2049,0.0
GLOBAL,PWROILBRASE01,2050,0.0
GLOBAL,PWROTHBRASE01,2021,0.147
GLOBAL,PWROTHBRASE01,2022,0.147
GLOBAL,PWROTHBRASE01,2023,0.147
GLOBAL,PWROTHBRASE01,2024,0.147
GLOBAL,PWROTHBRASE01,2025,0.147
GLOBAL,PWROTHBRASE01,2026,0.147
GLOBAL,PWROTHBRASE01,2027,0.147
GLOBAL,PWROTHBRASE01,2028,0.147
GLOBAL,PWROTHBRASE01,2029,0.147
GLOBAL,PWROTHBRASE01,2030,0.147
GLOBAL,PWROTHBRASE01,2031,0.147
GLOBAL,PWROTHBRASE01,2032,0.147
GLOBAL,PWROTHBRASE01,2033,0.147
GLOBAL,PWROTHBRASE01,2034,0.147
GLOBAL,PWROTHBRASE01,2035,0.147
GLOBAL,PWROTHBRASE01,2036,0.147
GLOBAL,PWROTHBRASE01,2037,0.147
GLOBAL,PWROTHBRASE01,2038,0.0
GLOBAL,PWROTHBRASE01,2039,0.0
GLOBAL,PWROTHBRASE01,2040,0.0
GLOBAL,PWROTHBRASE01,2041,0.0
GLOBAL,PWROTHBRASE01,2042,0.0
GLOBAL,PWROTHBRASE01,2043,0.0
GLOBAL,PWROTHBRASE01,2044,0.0
GLOBAL,PWROTHBRASE01,2045,0.0
GLOBAL,PWROTHBRASE01,2046,0.0
GLOBAL,PWROTHBRASE01,2047,0.0
GLOBAL,PWROTHBRASE01,2048,0.0
GLOBAL,PWROTHBRASE01,2049,0.0
GLOBAL,PWROTHBRASE01,2050,0.0
GLOBAL,PWRSPVBRASE01,2021,0.002
GLOBAL,PWRSPVBRASE01,2022,0.002
GLOBAL,PWRSPVBRASE01,2023,0.002
GLOBAL,PWRSPVBRASE01,2024,0.002
GLOBAL,PWRSPVBRASE01,2025,0.002
GLOBAL,PWRSPVBRASE01,2026,0.002
GLOBAL,PWRSPVBRASE01,2027,0.002
GLOBAL,PWRSPVBRASE01,2028,0.002
GLOBAL,PWRSPVBRASE01,2029,0.002
GLOBAL,PWRSPVBRASE01,2030,0.002
GLOBAL,PWRSPVBRASE01,2031,0.002
GLOBAL,PWRSPVBRASE01,2032,0.002
GLOBAL,PWRSPVBRASE01,2033,0.002
GLOBAL,PWRSPVBRASE01,2034,0.002
GLOBAL,PWRSPVBRASE01,2035,0.002
GLOBAL,PWRSPVBRASE01,2036,0.002
GLOBAL,PWRSPVBRASE01,2037,0.002
GLOBAL,PWRSPVBRASE01,2038,0.002
GLOBAL,PWRSPVBRASE01,2039,0.002
GLOBAL,PWRSPVBRASE01,2040,0.002
GLOBAL,PWRSPVBRASE01,2041,0.002
GLOBAL,PWRSPVBRASE01,2042,0.002
GLOBAL,PWRSPVBRASE01,2043,0.002
GLOBAL,PWRSPVBRASE01,2044,0.002
GLOBAL,PWRSPVBRASE01,2045,0.0
GLOBAL,PWRSPVBRASE01,2046,0.0
GLOBAL,PWRSPVBRASE01,2047,0.0
GLOBAL,PWRSPVBRASE01,2048,0.0
GLOBAL,PWRSPVBRASE01,2049,0.0
GLOBAL,PWRSPVBRASE01,2050,0.0
GLOBAL,PWRURNBRASE01,2021,1.99
GLOBAL,PWRURNBRASE01,2022,1.99
GLOBAL,PWRURNBRASE01,2023,1.99
GLOBAL,PWRURNBRASE01,2024,1.99
GLOBAL,PWRURNBRASE01,2025,1.99
GLOBAL,PWRURNBRASE01,2026,1.99
GLOBAL,PWRURNBRASE01,2027,1.99
GLOBAL,PWRURNBRASE01,2028,1.99
GLOBAL,PWRURNBRASE01,2029,1.99
GLOBAL,PWRURNBRASE01,2030,1.99
GLOBAL,PWRURNBRASE01,2031,1.99
GLOBAL,PWRURNBRASE01,2032,1.99
GLOBAL,PWRURNBRASE01,2033,1.99
GLOBAL,PWRURNBRASE01,2034,1.99
GLOBAL,PWRURNBRASE01,2035,1.99
GLOBAL,PWRURNBRASE01,2036,1.99
GLOBAL,PWRURNBRASE01,2037,1.99
GLOBAL,PWRURNBRASE01,2038,1.99
GLOBAL,PWRURNBRASE01,2039,1.99
GLOBAL,PWRURNBRASE01,2040,1.99
GLOBAL,PWRURNBRASE01,2041,1.99
GLOBAL,PWRURNBRASE01,2042,1.99
GLOBAL,PWRURNBRASE01,2043,1.99
GLOBAL,PWRURNBRASE01,2044,1.99
GLOBAL,PWRURNBRASE01,2045,1.99
GLOBAL,PWRURNBRASE01,2046,1.35
GLOBAL,PWRURNBRASE01,2047,1.35
GLOBAL,PWRURNBRASE01,2048,1.35
GLOBAL,PWRURNBRASE01,2049,1.35
GLOBAL,PWRURNBRASE01,2050,1.35
GLOBAL,PWRWASBRASE01,2021,0.078
GLOBAL,PWRWASBRASE01,2022,0.078
GLOBAL,PWRWASBRASE01,2023,0.078
GLOBAL,PWRWASBRASE01,2024,0.078
GLOBAL,PWRWASBRASE01,2025,0.078
GLOBAL,PWRWASBRASE01,2026,0.078
GLOBAL,PWRWASBRASE01,2027,0.078
GLOBAL,PWRWASBRASE01,2028,0.078
GLOBAL,PWRWASBRASE01,2029,0.078
GLOBAL,PWRWASBRASE01,2030,0.078
GLOBAL,PWRWASBRASE01,2031,0.078
GLOBAL,PWRWASBRASE01,2032,0.07
GLOBAL,PWRWASBRASE01,2033,0.07
GLOBAL,PWRWASBRASE01,2034,0.07
GLOBAL,PWRWASBRASE01,2035,0.07
GLOBAL,PWRWASBRASE01,2036,0.07
GLOBAL,PWRWASBRASE01,2037,0.07
GLOBAL,PWRWASBRASE01,2038,0.07
GLOBAL,PWRWASBRASE01,2039,0.048
GLOBAL,PWRWASBRASE01,2040,0.048
GLOBAL,PWRWASBRASE01,2041,0.048
GLOBAL,PWRWASBRASE01,2042,0.045
GLOBAL,PWRWASBRASE01,2043,0.045
GLOBAL,PWRWASBRASE01,2044,0.041
GLOBAL,PWRWASBRASE01,2045,0.03
GLOBAL,PWRWASBRASE01,2046,0.03
GLOBAL,PWRWASBRASE01,2047,0.0
GLOBAL,PWRWASBRASE01,2048,0.0
GLOBAL,PWRWASBRASE01,2049,0.0
GLOBAL,PWRWASBRASE01,2050,0.0
GLOBAL,PWRWONBRASE01,2021,0.028
GLOBAL,PWRWONBRASE01,2022,0.028
GLOBAL,PWRWONBRASE01,2023,0.028
GLOBAL,PWRWONBRASE01,2024,0.028
GLOBAL,PWRWONBRASE01,2025,0.028
GLOBAL,PWRWONBRASE01,2026,0.028
GLOBAL,PWRWONBRASE01,2027,0.028
GLOBAL,PWRWONBRASE01,2028,0.028
GLOBAL,PWRWONBRASE01,2029,0.028
GLOBAL,PWRWONBRASE01,2030,0.028
GLOBAL,PWRWONBRASE01,2031,0.028
GLOBAL,PWRWONBRASE01,2032,0.028
GLOBAL,PWRWONBRASE01,2033,0.028
GLOBAL,PWRWONBRASE01,2034,0.028
GLOBAL,PWRWONBRASE01,2035,0.028
GLOBAL,PWRWONBRASE01,2036,0.028
GLOBAL,PWRWONBRASE01,2037,0.028
GLOBAL,PWRWONBRASE01,2038,0.028
GLOBAL,PWRWONBRASE01,2039,0.028
GLOBAL,PWRWONBRASE01,2040,0.028
GLOBAL,PWRWONBRASE01,2041,0.0
GLOBAL,PWRWONBRASE01,2042,0.0
GLOBAL,PWRWONBRASE01,2043,0.0
GLOBAL,PWRWONBRASE01,2044,0.0
GLOBAL,PWRWONBRASE01,2045,0.0
GLOBAL,PWRWONBRASE01,2046,0.0
GLOBAL,PWRWONBRASE01,2047,0.0
GLOBAL,PWRWONBRASE01,2048,0.0
GLOBAL,PWRWONBRASE01,2049,0.0
GLOBAL,PWRWONBRASE01,2050,0.0
GLOBAL,PWRBIOBRASO01,2021,1.2392
GLOBAL,PWRBIOBRASO01,2022,1.2392
GLOBAL,PWRBIOBRASO01,2023,1.2392
GLOBAL,PWRBIOBRASO01,2024,1.2392
GLOBAL,PWRBIOBRASO01,2025,1.2312
GLOBAL,PWRBIOBRASO01,2026,1.2292
GLOBAL,PWRBIOBRASO01,2027,1.2292
GLOBAL,PWRBIOBRASO01,2028,1.2292
GLOBAL,PWRBIOBRASO01,2029,0.9252
GLOBAL,PWRBIOBRASO01,2030,0.9192
GLOBAL,PWRBIOBRASO01,2031,0.9132
GLOBAL,PWRBIOBRASO01,2032,0.705
GLOBAL,PWRBIOBRASO01,2033,0.687
GLOBAL,PWRBIOBRASO01,2034,0.682
GLOBAL,PWRBIOBRASO01,2035,0.668
GLOBAL,PWRBIOBRASO01,2036,0.668
GLOBAL,PWRBIOBRASO01,2037,0.659
GLOBAL,PWRBIOBRASO01,2038,0.659
GLOBAL,PWRBIOBRASO01,2039,0.642
GLOBAL,PWRBIOBRASO01,2040,0.486
GLOBAL,PWRBIOBRASO01,2041,0.451
GLOBAL,PWRBIOBRASO01,2042,0.438
GLOBAL,PWRBIOBRASO01,2043,0.434
GLOBAL,PWRBIOBRASO01,2044,0.384
GLOBAL,PWRBIOBRASO01,2045,0.342
GLOBAL,PWRBIOBRASO01,2046,0.33
GLOBAL,PWRBIOBRASO01,2047,0.0
GLOBAL,PWRBIOBRASO01,2048,0.0
GLOBAL,PWRBIOBRASO01,2049,0.0
GLOBAL,PWRBIOBRASO01,2050,0.0
GLOBAL,PWRCCGBRASO00,2021,3.149
GLOBAL,PWRCCGBRASO00,2022,3.149
GLOBAL,PWRCCGBRASO00,2023,3.149
GLOBAL,PWRCCGBRASO00,2024,3.149
GLOBAL,PWRCCGBRASO00,2025,1.711
GLOBAL,PWRCCGBRASO00,2026,1.711
GLOBAL,PWRCCGBRASO00,2027,1.711
GLOBAL,PWRCCGBRASO00,2028,1.711
GLOBAL,PWRCCGBRASO00,2029,1.711
GLOBAL,PWRCCGBRASO00,2030,1.711
GLOBAL,PWRCCGBRASO00,2031,1.071
GLOBAL,PWRCCGBRASO00,2032,0.822
GLOBAL,PWRCCGBRASO00,2033,0.338
GLOBAL,PWRCCGBRASO00,2034,0.338
GLOBAL,PWRCCGBRASO00,2035,0.338
GLOBAL,PWRCCGBRASO00,2036,0.338
GLOBAL,PWRCCGBRASO00,2037,0.338
GLOBAL,PWRCCGBRASO00,2038,0.338
GLOBAL,PWRCCGBRASO00,2039,0.338
GLOBAL,PWRCCGBRASO00,2040,0.338
GLOBAL,PWRCCGBRASO00,2041,0.338
GLOBAL,PWRCCGBRASO00,2042,0.338
GLOBAL,PWRCCGBRASO00,2043,0.338
GLOBAL,PWRCCGBRASO00,2044,0.0
GLOBAL,PWRCCGBRASO00,2045,0.0
GLOBAL,PWRCCGBRASO00,2046,0.0
GLOBAL,PWRCCGBRASO00,2047,0.0
GLOBAL,PWRCCGBRASO00,2048,0.0
GLOBAL,PWRCCGBRASO00,2049,0.0
GLOBAL,PWRCCGBRASO00,2050,0.0
GLOBAL,PWRCOABRASO01,2021,3.0946
GLOBAL,PWRCOABRASO01,2022,3.0946
GLOBAL,PWRCOABRASO01,2023,3.0946
GLOBAL,PWRCOABRASO01,2024,3.0946
GLOBAL,PWRCOABRASO01,2025,3.0946
GLOBAL,PWRCOABRASO01,2026,3.0946
GLOBAL,PWRCOABRASO01,2027,3.0946
GLOBAL,PWRCOABRASO01,2028,1.31
GLOBAL,PWRCOABRASO01,2029,0.612
GLOBAL,PWRCOABRASO01,2030,0.612
GLOBAL,PWRCOABRASO01,2031,0.612
GLOBAL,PWRCOABRASO01,2032,0.612
GLOBAL,PWRCOABRASO01,2033,0.612
GLOBAL,PWRCOABRASO01,2034,0.35
GLOBAL,PWRCOABRASO01,2035,0.35
GLOBAL,PWRCOABRASO01,2036,0.35
GLOBAL,PWRCOABRASO01,2037,0.35
GLOBAL,PWRCOABRASO01,2038,0.35
GLOBAL,PWRCOABRASO01,2039,0.35
GLOBAL,PWRCOABRASO01,2040,0.35
GLOBAL,PWRCOABRASO01,2041,0.35
GLOBAL,PWRCOABRASO01,2042,0.0
GLOBAL,PWRCOABRASO01,2043,0.0
GLOBAL,PWRCOABRASO01,2044,0.0
GLOBAL,PWRCOABRASO01,2045,0.0
GLOBAL,PWRCOABRASO01,2046,0.0
GLOBAL,PWRCOABRASO01,2047,0.0
GLOBAL,PWRCOABRASO01,2048,0.0
GLOBAL,PWRCOABRASO01,2049,0.0
GLOBAL,PWRCOABRASO01,2050,0.0
GLOBAL,PWRHYDBRASO01,2021,23.898
GLOBAL,PWRHYDBRASO01,2022,23.898
GLOBAL,PWRHYDBRASO01,2023,23.898
GLOBAL,PWRHYDBRASO01,2024,23.898
GLOBAL,PWRHYDBRASO01,2025,23.898
GLOBAL,PWRHYDBRASO01,2026,23.898
GLOBAL,PWRHYDBRASO01,2027,23.898
GLOBAL,PWRHYDBRASO01,2028,23.898
GLOBAL,PWRHYDBRASO01,2029,23.898
GLOBAL,PWRHYDBRASO01,2030,23.898
GLOBAL,PWRHYDBRASO01,2031,23.88
GLOBAL,PWRHYDBRASO01,2032,23.88
GLOBAL,PWRHYDBRASO01,2033,23.88
GLOBAL,PWRHYDBRASO01,2034,23.837
GLOBAL,PWRHYDBRASO01,2035,23.837
GLOBAL,PWRHYDBRASO01,2036,23.837
GLOBAL,PWRHYDBRASO01,2037,23.837
GLOBAL,PWRHYDBRASO01,2038,23.836
GLOBAL,PWRHYDBRASO01,2039,23.836
GLOBAL,PWRHYDBRASO01,2040,23.836
GLOBAL,PWRHYDBRASO01,2041,23.836
GLOBAL,PWRHYDBRASO01,2042,23.836
GLOBAL,PWRHYDBRASO01,2043,23.836
GLOBAL,PWRHYDBRASO01,2044,23.836
GLOBAL,PWRHYDBRASO01,2045,23.836
GLOBAL,PWRHYDBRASO01,2046,23.836
GLOBAL,PWRHYDBRASO01,2047,23.836
GLOBAL,PWRHYDBRASO01,2048,23.834
GLOBAL,PWRHYDBRASO01,2049,23.819
GLOBAL,PWRHYDBRASO01,2050,23.819
GLOBAL,PWROCGBRASO00,2021,0.028
GLOBAL,PWROCGBRASO00,2022,0.028
GLOBAL,PWROCGBRASO00,2023,0.028
GLOBAL,PWROCGBRASO00,2024,0.028
GLOBAL,PWROCGBRASO00,2025,0.025
GLOBAL,PWROCGBRASO00,2026,0.025
GLOBAL,PWROCGBRASO00,2027,0.025
GLOBAL,PWROCGBRASO00,2028,0.025
GLOBAL,PWROCGBRASO00,2029,0.025
GLOBAL,PWROCGBRASO00,2030,0.025
GLOBAL,PWROCGBRASO00,2031,0.025
GLOBAL,PWROCGBRASO00,2032,0.025
GLOBAL,PWROCGBRASO00,2033,0.016
GLOBAL,PWROCGBRASO00,2034,0.013
GLOBAL,PWROCGBRASO00,2035,0.013
GLOBAL,PWROCGBRASO00,2036,0.013
GLOBAL,PWROCGBRASO00,2037,0.013
GLOBAL,PWROCGBRASO00,2038,0.013
GLOBAL,PWROCGBRASO00,2039,0.004
GLOBAL,PWROCGBRASO00,2040,0.004
GLOBAL,PWROCGBRASO00,2041,0.004
GLOBAL,PWROCGBRASO00,2042,0.0
GLOBAL,PWROCGBRASO00,2043,0.0
GLOBAL,PWROCGBRASO00,2044,0.0
GLOBAL,PWROCGBRASO00,2045,0.0
GLOBAL,PWROCGBRASO00,2046,0.0
GLOBAL,PWROCGBRASO00,2047,0.0
GLOBAL,PWROCGBRASO00,2048,0.0
GLOBAL,PWROCGBRASO00,2049,0.0
GLOBAL,PWROCGBRASO00,2050,0.0
GLOBAL,PWROILBRASO01,2021,0.4269
GLOBAL,PWROILBRASO01,2022,0.4269
GLOBAL,PWROILBRASO01,2023,0.4269
GLOBAL,PWROILBRASO01,2024,0.4239
GLOBAL,PWROILBRASO01,2025,0.4239
GLOBAL,PWROILBRASO01,2026,0.4239
GLOBAL,PWROILBRASO01,2027,0.182
GLOBAL,PWROILBRASO01,2028,0.182
GLOBAL,PWROILBRASO01,2029,0.181
GLOBAL,PWROILBRASO01,2030,0.107
GLOBAL,PWROILBRASO01,2031,0.107
GLOBAL,PWROILBRASO01,2032,0.106
GLOBAL,PWROILBRASO01,2033,0.106
GLOBAL,PWROILBRASO01,2034,0.106
GLOBAL,PWROILBRASO01,2035,0.102
GLOBAL,PWROILBRASO01,2036,0.102
GLOBAL,PWROILBRASO01,2037,0.095
GLOBAL,PWROILBRASO01,2038,0.095
GLOBAL,PWROILBRASO01,2039,0.081
GLOBAL,PWROILBRASO01,2040,0.071
GLOBAL,PWROILBRASO01,2041,0.058
GLOBAL,PWROILBRASO01,2042,0.047
GLOBAL,PWROILBRASO01,2043,0.031
GLOBAL,PWROILBRASO01,2044,0.026
GLOBAL,PWROILBRASO01,2045,0.022
GLOBAL,PWROILBRASO01,2046,0.0
GLOBAL,PWROILBRASO01,2047,0.0
GLOBAL,PWROILBRASO01,2048,0.0
GLOBAL,PWROILBRASO01,2049,0.0
GLOBAL,PWROILBRASO01,2050,0.0
GLOBAL,PWRSPVBRASO01,2021,0.003
GLOBAL,PWRSPVBRASO01,2022,0.003
GLOBAL,PWRSPVBRASO01,2023,0.003
GLOBAL,PWRSPVBRASO01,2024,0.003
GLOBAL,PWRSPVBRASO01,2025,0.003
GLOBAL,PWRSPVBRASO01,2026,0.003
GLOBAL,PWRSPVBRASO01,2027,0.003
GLOBAL,PWRSPVBRASO01,2028,0.003
GLOBAL,PWRSPVBRASO01,2029,0.003
GLOBAL,PWRSPVBRASO01,2030,0.003
GLOBAL,PWRSPVBRASO01,2031,0.003
GLOBAL,PWRSPVBRASO01,2032,0.003
GLOBAL,PWRSPVBRASO01,2033,0.003
GLOBAL,PWRSPVBRASO01,2034,0.003
GLOBAL,PWRSPVBRASO01,2035,0.003
GLOBAL,PWRSPVBRASO01,2036,0.003
GLOBAL,PWRSPVBRASO01,2037,0.003
GLOBAL,PWRSPVBRASO01,2038,0.003
GLOBAL,PWRSPVBRASO01,2039,0.003
GLOBAL,PWRSPVBRASO01,2040,0.003
GLOBAL,PWRSPVBRASO01,2041,0.003
GLOBAL,PWRSPVBRASO01,2042,0.0
GLOBAL,PWRSPVBRASO01,2043,0.0
GLOBAL,PWRSPVBRASO01,2044,0.0
GLOBAL,PWRSPVBRASO01,2045,0.0
GLOBAL,PWRSPVBRASO01,2046,0.0
GLOBAL,PWRSPVBRASO01,2047,0.0
GLOBAL,PWRSPVBRASO01,2048,0.0
GLOBAL,PWRSPVBRASO01,2049,0.0
GLOBAL,PWRSPVBRASO01,2050,0.0
GLOBAL,PWRWASBRASO01,2021,0.01
GLOBAL,PWRWASBRASO01,2022,0.01
GLOBAL,PWRWASBRASO01,2023,0.01
GLOBAL,PWRWASBRASO01,2024,0.01
GLOBAL,PWRWASBRASO01,2025,0.01
GLOBAL,PWRWASBRASO01,2026,0.01
GLOBAL,PWRWASBRASO01,2027,0.01
GLOBAL,PWRWASBRASO01,2028,0.01
GLOBAL,PWRWASBRASO01,2029,0.01
GLOBAL,PWRWASBRASO01,2030,0.01
GLOBAL,PWRWASBRASO01,2031,0.01
GLOBAL,PWRWASBRASO01,2032,0.01
GLOBAL,PWRWASBRASO01,2033,0.01
GLOBAL,PWRWASBRASO01,2034,0.01
GLOBAL,PWRWASBRASO01,2035,0.01
GLOBAL,PWRWASBRASO01,2036,0.01
GLOBAL,PWRWASBRASO01,2037,0.01
GLOBAL,PWRWASBRASO01,2038,0.01
GLOBAL,PWRWASBRASO01,2039,0.01
GLOBAL,PWRWASBRASO01,2040,0.01
GLOBAL,PWRWASBRASO01,2041,0.01
GLOBAL,PWRWASBRASO01,2042,0.01
GLOBAL,PWRWASBRASO01,2043,0.01
GLOBAL,PWRWASBRASO01,2044,0.009
GLOBAL,PWRWASBRASO01,2045,0.009
GLOBAL,PWRWASBRASO01,2046,0.0
GLOBAL,PWRWASBRASO01,2047,0.0
GLOBAL,PWRWASBRASO01,2048,0.0
GLOBAL,PWRWASBRASO01,2049,0.0
GLOBAL,PWRWASBRASO01,2050,0.0
GLOBAL,PWRWONBRASO01,2021,2.1965
GLOBAL,PWRWONBRASO01,2022,2.1965
GLOBAL,PWRWONBRASO01,2023,2.1965
GLOBAL,PWRWONBRASO01,2024,2.1965
GLOBAL,PWRWONBRASO01,2025,2.1965
GLOBAL,PWRWONBRASO01,2026,2.1965
GLOBAL,PWRWONBRASO01,2027,2.1965
GLOBAL,PWRWONBRASO01,2028,2.1965
GLOBAL,PWRWONBRASO01,2029,2.1965
GLOBAL,PWRWONBRASO01,2030,2.1935
GLOBAL,PWRWONBRASO01,2031,2.1935
GLOBAL,PWRWONBRASO01,2032,2.1935
GLOBAL,PWRWONBRASO01,2033,2.1935
GLOBAL,PWRWONBRASO01,2034,2.1935
GLOBAL,PWRWONBRASO01,2035,2.1885
GLOBAL,PWRWONBRASO01,2036,2.1885
GLOBAL,PWRWONBRASO01,2037,2.0295
GLOBAL,PWRWONBRASO01,2038,2.0295
GLOBAL,PWRWONBRASO01,2039,2.0295
GLOBAL,PWRWONBRASO01,2040,1.768
GLOBAL,PWRWONBRASO01,2041,1.729
GLOBAL,PWRWONBRASO01,2042,1.384
GLOBAL,PWRWONBRASO01,2043,1.265
GLOBAL,PWRWONBRASO01,2044,1.178
GLOBAL,PWRWONBRASO01,2045,0.961
GLOBAL,PWRWONBRASO01,2046,0.135
GLOBAL,PWRWONBRASO01,2047,0.099
GLOBAL,PWRWONBRASO01,2048,0.0
GLOBAL,PWRWONBRASO01,2049,0.0
GLOBAL,PWRWONBRASO01,2050,0.0
GLOBAL,PWRBIOBRAWE01,2021,0.004
GLOBAL,PWRBIOBRAWE01,2022,0.004
GLOBAL,PWRBIOBRAWE01,2023,0.004
GLOBAL,PWRBIOBRAWE01,2024,0.004
GLOBAL,PWRBIOBRAWE01,2025,0.004
GLOBAL,PWRBIOBRAWE01,2026,0.004
GLOBAL,PWRBIOBRAWE01,2027,0.004
GLOBAL,PWRBIOBRAWE01,2028,0.004
GLOBAL,PWRBIOBRAWE01,2029,0.004
GLOBAL,PWRBIOBRAWE01,2030,0.004
GLOBAL,PWRBIOBRAWE01,2031,0.004
GLOBAL,PWRBIOBRAWE01,2032,0.002
GLOBAL,PWRBIOBRAWE01,2033,0.002
GLOBAL,PWRBIOBRAWE01,2034,0.002
GLOBAL,PWRBIOBRAWE01,2035,0.002
GLOBAL,PWRBIOBRAWE01,2036,0.002
GLOBAL,PWRBIOBRAWE01,2037,0.002
GLOBAL,PWRBIOBRAWE01,2038,0.0
GLOBAL,PWRBIOBRAWE01,2039,0.0
GLOBAL,PWRBIOBRAWE01,2040,0.0
GLOBAL,PWRBIOBRAWE01,2041,0.0
GLOBAL,PWRBIOBRAWE01,2042,0.0
GLOBAL,PWRBIOBRAWE01,2043,0.0
GLOBAL,PWRBIOBRAWE01,2044,0.0
GLOBAL,PWRBIOBRAWE01,2045,0.0
GLOBAL,PWRBIOBRAWE01,2046,0.0
GLOBAL,PWRBIOBRAWE01,2047,0.0
GLOBAL,PWRBIOBRAWE01,2048,0.0
GLOBAL,PWRBIOBRAWE01,2049,0.0
GLOBAL,PWRBIOBRAWE01,2050,0.0
GLOBAL,PWRCCGBRAWE00,2021,0.6395
GLOBAL,PWRCCGBRAWE00,2022,0.6395
GLOBAL,PWRCCGBRAWE00,2023,0.6395
GLOBAL,PWRCCGBRAWE00,2024,0.6395
GLOBAL,PWRCCGBRAWE00,2025,0.35
GLOBAL,PWRCCGBRAWE00,2026,0.35
GLOBAL,PWRCCGBRAWE00,2027,0.35
GLOBAL,PWRCCGBRAWE00,2028,0.35
GLOBAL,PWRCCGBRAWE00,2029,0.35
GLOBAL,PWRCCGBRAWE00,2030,0.35
GLOBAL,PWRCCGBRAWE00,2031,0.35
GLOBAL,PWRCCGBRAWE00,2032,0.0
GLOBAL,PWRCCGBRAWE00,2033,0.0
GLOBAL,PWRCCGBRAWE00,2034,0.0
GLOBAL,PWRCCGBRAWE00,2035,0.0
GLOBAL,PWRCCGBRAWE00,2036,0.0
GLOBAL,PWRCCGBRAWE00,2037,0.0
GLOBAL,PWRCCGBRAWE00,2038,0.0
GLOBAL,PWRCCGBRAWE00,2039,0.0
GLOBAL,PWRCCGBRAWE00,2040,0.0
GLOBAL,PWRCCGBRAWE00,2041,0.0
GLOBAL,PWRCCGBRAWE00,2042,0.0
GLOBAL,PWRCCGBRAWE00,2043,0.0
GLOBAL,PWRCCGBRAWE00,2044,0.0
GLOBAL,PWRCCGBRAWE00,2045,0.0
GLOBAL,PWRCCGBRAWE00,2046,0.0
GLOBAL,PWRCCGBRAWE00,2047,0.0
GLOBAL,PWRCCGBRAWE00,2048,0.0
GLOBAL,PWRCCGBRAWE00,2049,0.0
GLOBAL,PWRCCGBRAWE00,2050,0.0
GLOBAL,PWRHYDBRAWE01,2021,7.749
GLOBAL,PWRHYDBRAWE01,2022,7.749
GLOBAL,PWRHYDBRAWE01,2023,7.749
GLOBAL,PWRHYDBRAWE01,2024,7.749
GLOBAL,PWRHYDBRAWE01,2025,7.749
GLOBAL,PWRHYDBRAWE01,2026,7.749
GLOBAL,PWRHYDBRAWE01,2027,7.749
GLOBAL,PWRHYDBRAWE01,2028,7.749
GLOBAL,PWRHYDBRAWE01,2029,7.749
GLOBAL,PWRHYDBRAWE01,2030,7.749
GLOBAL,PWRHYDBRAWE01,2031,7.749
GLOBAL,PWRHYDBRAWE01,2032,7.749
GLOBAL,PWRHYDBRAWE01,2033,7.749
GLOBAL,PWRHYDBRAWE01,2034,7.749
GLOBAL,PWRHYDBRAWE01,2035,7.749
GLOBAL,PWRHYDBRAWE01,2036,7.749
GLOBAL,PWRHYDBRAWE01,2037,7.749
GLOBAL,PWRHYDBRAWE01,2038,7.749
GLOBAL,PWRHYDBRAWE01,2039,7.749
GLOBAL,PWRHYDBRAWE01,2040,7.749
GLOBAL,PWRHYDBRAWE01,2041,7.749
GLOBAL,PWRHYDBRAWE01,2042,7.749
GLOBAL,PWRHYDBRAWE01,2043,7.749
GLOBAL,PWRHYDBRAWE01,2044,7.749
GLOBAL,PWRHYDBRAWE01,2045,7.749
GLOBAL,PWRHYDBRAWE01,2046,7.749
GLOBAL,PWRHYDBRAWE01,2047,7.749
GLOBAL,PWRHYDBRAWE01,2048,7.749
GLOBAL,PWRHYDBRAWE01,2049,7.749
GLOBAL,PWRHYDBRAWE01,2050,7.749
GLOBAL,PWROILBRAWE01,2021,0.6034
GLOBAL,PWROILBRAWE01,2022,0.6034
GLOBAL,PWROILBRAWE01,2023,0.6034
GLOBAL,PWROILBRAWE01,2024,0.6034
GLOBAL,PWROILBRAWE01,2025,0.6034
GLOBAL,PWROILBRAWE01,2026,0.6034
GLOBAL,PWROILBRAWE01,2027,0.386
GLOBAL,PWROILBRAWE01,2028,0.386
GLOBAL,PWROILBRAWE01,2029,0.386
GLOBAL,PWROILBRAWE01,2030,0.385
GLOBAL,PWROILBRAWE01,2031,0.356
GLOBAL,PWROILBRAWE01,2032,0.355
GLOBAL,PWROILBRAWE01,2033,0.355
GLOBAL,PWROILBRAWE01,2034,0.241
GLOBAL,PWROILBRAWE01,2035,0.241
GLOBAL,PWROILBRAWE01,2036,0.241
GLOBAL,PWROILBRAWE01,2037,0.241
GLOBAL,PWROILBRAWE01,2038,0.237
GLOBAL,PWROILBRAWE01,2039,0.232
GLOBAL,PWROILBRAWE01,2040,0.232
GLOBAL,PWROILBRAWE01,2041,0.231
GLOBAL,PWROILBRAWE01,2042,0.227
GLOBAL,PWROILBRAWE01,2043,0.178
GLOBAL,PWROILBRAWE01,2044,0.174
GLOBAL,PWROILBRAWE01,2045,0.174
GLOBAL,PWROILBRAWE01,2046,0.174
GLOBAL,PWROILBRAWE01,2047,0.0
GLOBAL,PWROILBRAWE01,2048,0.0
GLOBAL,PWROILBRAWE01,2049,0.0
GLOBAL,PWROILBRAWE01,2050,0.0
GLOBAL,PWRCCGBRNXX00,2021,0.5
GLOBAL,PWRCCGBRNXX00,2022,0.5
GLOBAL,PWRCCGBRNXX00,2023,0.5
GLOBAL,PWRCCGBRNXX00,2024,0.5
GLOBAL,PWRCCGBRNXX00,2025,0.0
GLOBAL,PWRCCGBRNXX00,2026,0.0
GLOBAL,PWRCCGBRNXX00,2027,0.0
GLOBAL,PWRCCGBRNXX00,2028,0.0
GLOBAL,PWRCCGBRNXX00,2029,0.0
GLOBAL,PWRCCGBRNXX00,2030,0.0
GLOBAL,PWRCCGBRNXX00,2031,0.0
GLOBAL,PWRCCGBRNXX00,2032,0.0
GLOBAL,PWRCCGBRNXX00,2033,0.0
GLOBAL,PWRCCGBRNXX00,2034,0.0
GLOBAL,PWRCCGBRNXX00,2035,0.0
GLOBAL,PWRCCGBRNXX00,2036,0.0
GLOBAL,PWRCCGBRNXX00,2037,0.0
GLOBAL,PWRCCGBRNXX00,2038,0.0
GLOBAL,PWRCCGBRNXX00,2039,0.0
GLOBAL,PWRCCGBRNXX00,2040,0.0
GLOBAL,PWRCCGBRNXX00,2041,0.0
GLOBAL,PWRCCGBRNXX00,2042,0.0
GLOBAL,PWRCCGBRNXX00,2043,0.0
GLOBAL,PWRCCGBRNXX00,2044,0.0
GLOBAL,PWRCCGBRNXX00,2045,0.0
GLOBAL,PWRCCGBRNXX00,2046,0.0
GLOBAL,PWRCCGBRNXX00,2047,0.0
GLOBAL,PWRCCGBRNXX00,2048,0.0
GLOBAL,PWRCCGBRNXX00,2049,0.0
GLOBAL,PWRCCGBRNXX00,2050,0.0
GLOBAL,PWROCGBRNXX00,2021,0.34
GLOBAL,PWROCGBRNXX00,2022,0.34
GLOBAL,PWROCGBRNXX00,2023,0.34
GLOBAL,PWROCGBRNXX00,2024,0.34
GLOBAL,PWROCGBRNXX00,2025,0.0
GLOBAL,PWROCGBRNXX00,2026,0.0
GLOBAL,PWROCGBRNXX00,2027,0.0
GLOBAL,PWROCGBRNXX00,2028,0.0
GLOBAL,PWROCGBRNXX00,2029,0.0
GLOBAL,PWROCGBRNXX00,2030,0.0
GLOBAL,PWROCGBRNXX00,2031,0.0
GLOBAL,PWROCGBRNXX00,2032,0.0
GLOBAL,PWROCGBRNXX00,2033,0.0
GLOBAL,PWROCGBRNXX00,2034,0.0
GLOBAL,PWROCGBRNXX00,2035,0.0
GLOBAL,PWROCGBRNXX00,2036,0.0
GLOBAL,PWROCGBRNXX00,2037,0.0
GLOBAL,PWROCGBRNXX00,2038,0.0
GLOBAL,PWROCGBRNXX00,2039,0.0
GLOBAL,PWROCGBRNXX00,2040,0.0
GLOBAL,PWROCGBRNXX00,2041,0.0
GLOBAL,PWROCGBRNXX00,2042,0.0
GLOBAL,PWROCGBRNXX00,2043,0.0
GLOBAL,PWROCGBRNXX00,2044,0.0
GLOBAL,PWROCGBRNXX00,2045,0.0
GLOBAL,PWROCGBRNXX00,2046,0.0
GLOBAL,PWROCGBRNXX00,2047,0.0
GLOBAL,PWROCGBRNXX00,2048,0.0
GLOBAL,PWROCGBRNXX00,2049,0.0
GLOBAL,PWROCGBRNXX00,2050,0.0
GLOBAL,PWRCOABWAXX01,2021,0.746
GLOBAL,PWRCOABWAXX01,2022,0.746
GLOBAL,PWRCOABWAXX01,2023,0.746
GLOBAL,PWRCOABWAXX01,2024,0.746
GLOBAL,PWRCOABWAXX01,2025,0.746
GLOBAL,PWRCOABWAXX01,2026,0.746
GLOBAL,PWRCOABWAXX01,2027,0.746
GLOBAL,PWRCOABWAXX01,2028,0.0
GLOBAL,PWRCOABWAXX01,2029,0.0
GLOBAL,PWRCOABWAXX01,2030,0.0
GLOBAL,PWRCOABWAXX01,2031,0.0
GLOBAL,PWRCOABWAXX01,2032,0.0
GLOBAL,PWRCOABWAXX01,2033,0.0
GLOBAL,PWRCOABWAXX01,2034,0.0
GLOBAL,PWRCOABWAXX01,2035,0.0
GLOBAL,PWRCOABWAXX01,2036,0.0
GLOBAL,PWRCOABWAXX01,2037,0.0
GLOBAL,PWRCOABWAXX01,2038,0.0
GLOBAL,PWRCOABWAXX01,2039,0.0
GLOBAL,PWRCOABWAXX01,2040,0.0
GLOBAL,PWRCOABWAXX01,2041,0.0
GLOBAL,PWRCOABWAXX01,2042,0.0
GLOBAL,PWRCOABWAXX01,2043,0.0
GLOBAL,PWRCOABWAXX01,2044,0.0
GLOBAL,PWRCOABWAXX01,2045,0.0
GLOBAL,PWRCOABWAXX01,2046,0.0
GLOBAL,PWRCOABWAXX01,2047,0.0
GLOBAL,PWRCOABWAXX01,2048,0.0
GLOBAL,PWRCOABWAXX01,2049,0.0
GLOBAL,PWRCOABWAXX01,2050,0.0
GLOBAL,PWRHYDCAFXX01,2021,0.019
GLOBAL,PWRHYDCAFXX01,2022,0.019
GLOBAL,PWRHYDCAFXX01,2023,0.019
GLOBAL,PWRHYDCAFXX01,2024,0.019
GLOBAL,PWRHYDCAFXX01,2025,0.019
GLOBAL,PWRHYDCAFXX01,2026,0.019
GLOBAL,PWRHYDCAFXX01,2027,0.019
GLOBAL,PWRHYDCAFXX01,2028,0.019
GLOBAL,PWRHYDCAFXX01,2029,0.019
GLOBAL,PWRHYDCAFXX01,2030,0.019
GLOBAL,PWRHYDCAFXX01,2031,0.019
GLOBAL,PWRHYDCAFXX01,2032,0.019
GLOBAL,PWRHYDCAFXX01,2033,0.019
GLOBAL,PWRHYDCAFXX01,2034,0.019
GLOBAL,PWRHYDCAFXX01,2035,0.019
GLOBAL,PWRHYDCAFXX01,2036,0.019
GLOBAL,PWRHYDCAFXX01,2037,0.019
GLOBAL,PWRHYDCAFXX01,2038,0.019
GLOBAL,PWRHYDCAFXX01,2039,0.019
GLOBAL,PWRHYDCAFXX01,2040,0.019
GLOBAL,PWRHYDCAFXX01,2041,0.019
GLOBAL,PWRHYDCAFXX01,2042,0.019
GLOBAL,PWRHYDCAFXX01,2043,0.019
GLOBAL,PWRHYDCAFXX01,2044,0.019
GLOBAL,PWRHYDCAFXX01,2045,0.019
GLOBAL,PWRHYDCAFXX01,2046,0.019
GLOBAL,PWRHYDCAFXX01,2047,0.019
GLOBAL,PWRHYDCAFXX01,2048,0.019
GLOBAL,PWRHYDCAFXX01,2049,0.019
GLOBAL,PWRHYDCAFXX01,2050,0.019
GLOBAL,PWROILCAFXX01,2021,0.014
GLOBAL,PWROILCAFXX01,2022,0.014
GLOBAL,PWROILCAFXX01,2023,0.014
GLOBAL,PWROILCAFXX01,2024,0.014
GLOBAL,PWROILCAFXX01,2025,0.014
GLOBAL,PWROILCAFXX01,2026,0.014
GLOBAL,PWROILCAFXX01,2027,0.0
GLOBAL,PWROILCAFXX01,2028,0.0
GLOBAL,PWROILCAFXX01,2029,0.0
GLOBAL,PWROILCAFXX01,2030,0.0
GLOBAL,PWROILCAFXX01,2031,0.0
GLOBAL,PWROILCAFXX01,2032,0.0
GLOBAL,PWROILCAFXX01,2033,0.0
GLOBAL,PWROILCAFXX01,2034,0.0
GLOBAL,PWROILCAFXX01,2035,0.0
GLOBAL,PWROILCAFXX01,2036,0.0
GLOBAL,PWROILCAFXX01,2037,0.0
GLOBAL,PWROILCAFXX01,2038,0.0
GLOBAL,PWROILCAFXX01,2039,0.0
GLOBAL,PWROILCAFXX01,2040,0.0
GLOBAL,PWROILCAFXX01,2041,0.0
GLOBAL,PWROILCAFXX01,2042,0.0
GLOBAL,PWROILCAFXX01,2043,0.0
GLOBAL,PWROILCAFXX01,2044,0.0
GLOBAL,PWROILCAFXX01,2045,0.0
GLOBAL,PWROILCAFXX01,2046,0.0
GLOBAL,PWROILCAFXX01,2047,0.0
GLOBAL,PWROILCAFXX01,2048,0.0
GLOBAL,PWROILCAFXX01,2049,0.0
GLOBAL,PWROILCAFXX01,2050,0.0
GLOBAL,PWRBIOCANAB01,2021,0.357
GLOBAL,PWRBIOCANAB01,2022,0.357
GLOBAL,PWRBIOCANAB01,2023,0.357
GLOBAL,PWRBIOCANAB01,2024,0.357
GLOBAL,PWRBIOCANAB01,2025,0.357
GLOBAL,PWRBIOCANAB01,2026,0.357
GLOBAL,PWRBIOCANAB01,2027,0.357
GLOBAL,PWRBIOCANAB01,2028,0.357
GLOBAL,PWRBIOCANAB01,2029,0.357
GLOBAL,PWRBIOCANAB01,2030,0.357
GLOBAL,PWRBIOCANAB01,2031,0.357
GLOBAL,PWRBIOCANAB01,2032,0.0
GLOBAL,PWRBIOCANAB01,2033,0.0
GLOBAL,PWRBIOCANAB01,2034,0.0
GLOBAL,PWRBIOCANAB01,2035,0.0
GLOBAL,PWRBIOCANAB01,2036,0.0
GLOBAL,PWRBIOCANAB01,2037,0.0
GLOBAL,PWRBIOCANAB01,2038,0.0
GLOBAL,PWRBIOCANAB01,2039,0.0
GLOBAL,PWRBIOCANAB01,2040,0.0
GLOBAL,PWRBIOCANAB01,2041,0.0
GLOBAL,PWRBIOCANAB01,2042,0.0
GLOBAL,PWRBIOCANAB01,2043,0.0
GLOBAL,PWRBIOCANAB01,2044,0.0
GLOBAL,PWRBIOCANAB01,2045,0.0
GLOBAL,PWRBIOCANAB01,2046,0.0
GLOBAL,PWRBIOCANAB01,2047,0.0
GLOBAL,PWRBIOCANAB01,2048,0.0
GLOBAL,PWRBIOCANAB01,2049,0.0
GLOBAL,PWRBIOCANAB01,2050,0.0
GLOBAL,PWRCCGCANAB00,2021,3.807
GLOBAL,PWRCCGCANAB00,2022,3.807
GLOBAL,PWRCCGCANAB00,2023,3.807
GLOBAL,PWRCCGCANAB00,2024,3.807
GLOBAL,PWRCCGCANAB00,2025,0.16
GLOBAL,PWRCCGCANAB00,2026,0.16
GLOBAL,PWRCCGCANAB00,2027,0.16
GLOBAL,PWRCCGCANAB00,2028,0.16
GLOBAL,PWRCCGCANAB00,2029,0.16
GLOBAL,PWRCCGCANAB00,2030,0.0
GLOBAL,PWRCCGCANAB00,2031,0.0
GLOBAL,PWRCCGCANAB00,2032,0.0
GLOBAL,PWRCCGCANAB00,2033,0.0
GLOBAL,PWRCCGCANAB00,2034,0.0
GLOBAL,PWRCCGCANAB00,2035,0.0
GLOBAL,PWRCCGCANAB00,2036,0.0
GLOBAL,PWRCCGCANAB00,2037,0.0
GLOBAL,PWRCCGCANAB00,2038,0.0
GLOBAL,PWRCCGCANAB00,2039,0.0
GLOBAL,PWRCCGCANAB00,2040,0.0
GLOBAL,PWRCCGCANAB00,2041,0.0
GLOBAL,PWRCCGCANAB00,2042,0.0
GLOBAL,PWRCCGCANAB00,2043,0.0
GLOBAL,PWRCCGCANAB00,2044,0.0
GLOBAL,PWRCCGCANAB00,2045,0.0
GLOBAL,PWRCCGCANAB00,2046,0.0
GLOBAL,PWRCCGCANAB00,2047,0.0
GLOBAL,PWRCCGCANAB00,2048,0.0
GLOBAL,PWRCCGCANAB00,2049,0.0
GLOBAL,PWRCCGCANAB00,2050,0.0
GLOBAL,PWRCOACANAB01,2021,6.43
GLOBAL,PWRCOACANAB01,2022,6.43
GLOBAL,PWRCOACANAB01,2023,6.43
GLOBAL,PWRCOACANAB01,2024,6.43
GLOBAL,PWRCOACANAB01,2025,6.43
GLOBAL,PWRCOACANAB01,2026,6.43
GLOBAL,PWRCOACANAB01,2027,6.43
GLOBAL,PWRCOACANAB01,2028,0.0
GLOBAL,PWRCOACANAB01,2029,0.0
GLOBAL,PWRCOACANAB01,2030,0.0
GLOBAL,PWRCOACANAB01,2031,0.0
GLOBAL,PWRCOACANAB01,2032,0.0
GLOBAL,PWRCOACANAB01,2033,0.0
GLOBAL,PWRCOACANAB01,2034,0.0
GLOBAL,PWRCOACANAB01,2035,0.0
GLOBAL,PWRCOACANAB01,2036,0.0
GLOBAL,PWRCOACANAB01,2037,0.0
GLOBAL,PWRCOACANAB01,2038,0.0
GLOBAL,PWRCOACANAB01,2039,0.0
GLOBAL,PWRCOACANAB01,2040,0.0
GLOBAL,PWRCOACANAB01,2041,0.0
GLOBAL,PWRCOACANAB01,2042,0.0
GLOBAL,PWRCOACANAB01,2043,0.0
GLOBAL,PWRCOACANAB01,2044,0.0
GLOBAL,PWRCOACANAB01,2045,0.0
GLOBAL,PWRCOACANAB01,2046,0.0
GLOBAL,PWRCOACANAB01,2047,0.0
GLOBAL,PWRCOACANAB01,2048,0.0
GLOBAL,PWRCOACANAB01,2049,0.0
GLOBAL,PWRCOACANAB01,2050,0.0
GLOBAL,PWRHYDCANAB01,2021,0.935
GLOBAL,PWRHYDCANAB01,2022,0.935
GLOBAL,PWRHYDCANAB01,2023,0.935
GLOBAL,PWRHYDCANAB01,2024,0.935
GLOBAL,PWRHYDCANAB01,2025,0.935
GLOBAL,PWRHYDCANAB01,2026,0.935
GLOBAL,PWRHYDCANAB01,2027,0.935
GLOBAL,PWRHYDCANAB01,2028,0.935
GLOBAL,PWRHYDCANAB01,2029,0.935
GLOBAL,PWRHYDCANAB01,2030,0.935
GLOBAL,PWRHYDCANAB01,2031,0.935
GLOBAL,PWRHYDCANAB01,2032,0.935
GLOBAL,PWRHYDCANAB01,2033,0.935
GLOBAL,PWRHYDCANAB01,2034,0.935
GLOBAL,PWRHYDCANAB01,2035,0.935
GLOBAL,PWRHYDCANAB01,2036,0.935
GLOBAL,PWRHYDCANAB01,2037,0.935
GLOBAL,PWRHYDCANAB01,2038,0.935
GLOBAL,PWRHYDCANAB01,2039,0.935
GLOBAL,PWRHYDCANAB01,2040,0.935
GLOBAL,PWRHYDCANAB01,2041,0.935
GLOBAL,PWRHYDCANAB01,2042,0.935
GLOBAL,PWRHYDCANAB01,2043,0.935
GLOBAL,PWRHYDCANAB01,2044,0.935
GLOBAL,PWRHYDCANAB01,2045,0.935
GLOBAL,PWRHYDCANAB01,2046,0.935
GLOBAL,PWRHYDCANAB01,2047,0.935
GLOBAL,PWRHYDCANAB01,2048,0.935
GLOBAL,PWRHYDCANAB01,2049,0.935
GLOBAL,PWRHYDCANAB01,2050,0.935
GLOBAL,PWROCGCANAB00,2021,1.449
GLOBAL,PWROCGCANAB00,2022,1.449
GLOBAL,PWROCGCANAB00,2023,1.449
GLOBAL,PWROCGCANAB00,2024,1.449
GLOBAL,PWROCGCANAB00,2025,0.764
GLOBAL,PWROCGCANAB00,2026,0.764
GLOBAL,PWROCGCANAB00,2027,0.764
GLOBAL,PWROCGCANAB00,2028,0.764
GLOBAL,PWROCGCANAB00,2029,0.591
GLOBAL,PWROCGCANAB00,2030,0.501
GLOBAL,PWROCGCANAB00,2031,0.421
GLOBAL,PWROCGCANAB00,2032,0.251
GLOBAL,PWROCGCANAB00,2033,0.251
GLOBAL,PWROCGCANAB00,2034,0.171
GLOBAL,PWROCGCANAB00,2035,0.171
GLOBAL,PWROCGCANAB00,2036,0.171
GLOBAL,PWROCGCANAB00,2037,0.171
GLOBAL,PWROCGCANAB00,2038,0.171
GLOBAL,PWROCGCANAB00,2039,0.086
GLOBAL,PWROCGCANAB00,2040,0.086
GLOBAL,PWROCGCANAB00,2041,0.086
GLOBAL,PWROCGCANAB00,2042,0.0
GLOBAL,PWROCGCANAB00,2043,0.0
GLOBAL,PWROCGCANAB00,2044,0.0
GLOBAL,PWROCGCANAB00,2045,0.0
GLOBAL,PWROCGCANAB00,2046,0.0
GLOBAL,PWROCGCANAB00,2047,0.0
GLOBAL,PWROCGCANAB00,2048,0.0
GLOBAL,PWROCGCANAB00,2049,0.0
GLOBAL,PWROCGCANAB00,2050,0.0
GLOBAL,PWRSPVCANAB01,2021,0.005
GLOBAL,PWRSPVCANAB01,2022,0.005
GLOBAL,PWRSPVCANAB01,2023,0.005
GLOBAL,PWRSPVCANAB01,2024,0.005
GLOBAL,PWRSPVCANAB01,2025,0.005
GLOBAL,PWRSPVCANAB01,2026,0.005
GLOBAL,PWRSPVCANAB01,2027,0.005
GLOBAL,PWRSPVCANAB01,2028,0.005
GLOBAL,PWRSPVCANAB01,2029,0.005
GLOBAL,PWRSPVCANAB01,2030,0.005
GLOBAL,PWRSPVCANAB01,2031,0.005
GLOBAL,PWRSPVCANAB01,2032,0.005
GLOBAL,PWRSPVCANAB01,2033,0.005
GLOBAL,PWRSPVCANAB01,2034,0.005
GLOBAL,PWRSPVCANAB01,2035,0.005
GLOBAL,PWRSPVCANAB01,2036,0.005
GLOBAL,PWRSPVCANAB01,2037,0.005
GLOBAL,PWRSPVCANAB01,2038,0.005
GLOBAL,PWRSPVCANAB01,2039,0.005
GLOBAL,PWRSPVCANAB01,2040,0.005
GLOBAL,PWRSPVCANAB01,2041,0.005
GLOBAL,PWRSPVCANAB01,2042,0.005
GLOBAL,PWRSPVCANAB01,2043,0.005
GLOBAL,PWRSPVCANAB01,2044,0.005
GLOBAL,PWRSPVCANAB01,2045,0.0
GLOBAL,PWRSPVCANAB01,2046,0.0
GLOBAL,PWRSPVCANAB01,2047,0.0
GLOBAL,PWRSPVCANAB01,2048,0.0
GLOBAL,PWRSPVCANAB01,2049,0.0
GLOBAL,PWRSPVCANAB01,2050,0.0
GLOBAL,PWRWONCANAB01,2021,1.479
GLOBAL,PWRWONCANAB01,2022,1.479
GLOBAL,PWRWONCANAB01,2023,1.479
GLOBAL,PWRWONCANAB01,2024,1.479
GLOBAL,PWRWONCANAB01,2025,1.479
GLOBAL,PWRWONCANAB01,2026,1.479
GLOBAL,PWRWONCANAB01,2027,1.479
GLOBAL,PWRWONCANAB01,2028,1.479
GLOBAL,PWRWONCANAB01,2029,1.479
GLOBAL,PWRWONCANAB01,2030,1.479
GLOBAL,PWRWONCANAB01,2031,1.479
GLOBAL,PWRWONCANAB01,2032,1.479
GLOBAL,PWRWONCANAB01,2033,1.479
GLOBAL,PWRWONCANAB01,2034,1.479
GLOBAL,PWRWONCANAB01,2035,1.479
GLOBAL,PWRWONCANAB01,2036,1.479
GLOBAL,PWRWONCANAB01,2037,1.479
GLOBAL,PWRWONCANAB01,2038,1.479
GLOBAL,PWRWONCANAB01,2039,1.479
GLOBAL,PWRWONCANAB01,2040,0.0
GLOBAL,PWRWONCANAB01,2041,0.0
GLOBAL,PWRWONCANAB01,2042,0.0
GLOBAL,PWRWONCANAB01,2043,0.0
GLOBAL,PWRWONCANAB01,2044,0.0
GLOBAL,PWRWONCANAB01,2045,0.0
GLOBAL,PWRWONCANAB01,2046,0.0
GLOBAL,PWRWONCANAB01,2047,0.0
GLOBAL,PWRWONCANAB01,2048,0.0
GLOBAL,PWRWONCANAB01,2049,0.0
GLOBAL,PWRWONCANAB01,2050,0.0
GLOBAL,PWRBIOCANAR01,2021,0.252
GLOBAL,PWRBIOCANAR01,2022,0.252
GLOBAL,PWRBIOCANAR01,2023,0.252
GLOBAL,PWRBIOCANAR01,2024,0.252
GLOBAL,PWRBIOCANAR01,2025,0.252
GLOBAL,PWRBIOCANAR01,2026,0.252
GLOBAL,PWRBIOCANAR01,2027,0.252
GLOBAL,PWRBIOCANAR01,2028,0.252
GLOBAL,PWRBIOCANAR01,2029,0.252
GLOBAL,PWRBIOCANAR01,2030,0.252
GLOBAL,PWRBIOCANAR01,2031,0.252
GLOBAL,PWRBIOCANAR01,2032,0.0
GLOBAL,PWRBIOCANAR01,2033,0.0
GLOBAL,PWRBIOCANAR01,2034,0.0
GLOBAL,PWRBIOCANAR01,2035,0.0
GLOBAL,PWRBIOCANAR01,2036,0.0
GLOBAL,PWRBIOCANAR01,2037,0.0
GLOBAL,PWRBIOCANAR01,2038,0.0
GLOBAL,PWRBIOCANAR01,2039,0.0
GLOBAL,PWRBIOCANAR01,2040,0.0
GLOBAL,PWRBIOCANAR01,2041,0.0
GLOBAL,PWRBIOCANAR01,2042,0.0
GLOBAL,PWRBIOCANAR01,2043,0.0
GLOBAL,PWRBIOCANAR01,2044,0.0
GLOBAL,PWRBIOCANAR01,2045,0.0
GLOBAL,PWRBIOCANAR01,2046,0.0
GLOBAL,PWRBIOCANAR01,2047,0.0
GLOBAL,PWRBIOCANAR01,2048,0.0
GLOBAL,PWRBIOCANAR01,2049,0.0
GLOBAL,PWRBIOCANAR01,2050,0.0
GLOBAL,PWRCCGCANAR00,2021,0.79
GLOBAL,PWRCCGCANAR00,2022,0.79
GLOBAL,PWRCCGCANAR00,2023,0.79
GLOBAL,PWRCCGCANAR00,2024,0.79
GLOBAL,PWRCCGCANAR00,2025,0.0
GLOBAL,PWRCCGCANAR00,2026,0.0
GLOBAL,PWRCCGCANAR00,2027,0.0
GLOBAL,PWRCCGCANAR00,2028,0.0
GLOBAL,PWRCCGCANAR00,2029,0.0
GLOBAL,PWRCCGCANAR00,2030,0.0
GLOBAL,PWRCCGCANAR00,2031,0.0
GLOBAL,PWRCCGCANAR00,2032,0.0
GLOBAL,PWRCCGCANAR00,2033,0.0
GLOBAL,PWRCCGCANAR00,2034,0.0
GLOBAL,PWRCCGCANAR00,2035,0.0
GLOBAL,PWRCCGCANAR00,2036,0.0
GLOBAL,PWRCCGCANAR00,2037,0.0
GLOBAL,PWRCCGCANAR00,2038,0.0
GLOBAL,PWRCCGCANAR00,2039,0.0
GLOBAL,PWRCCGCANAR00,2040,0.0
GLOBAL,PWRCCGCANAR00,2041,0.0
GLOBAL,PWRCCGCANAR00,2042,0.0
GLOBAL,PWRCCGCANAR00,2043,0.0
GLOBAL,PWRCCGCANAR00,2044,0.0
GLOBAL,PWRCCGCANAR00,2045,0.0
GLOBAL,PWRCCGCANAR00,2046,0.0
GLOBAL,PWRCCGCANAR00,2047,0.0
GLOBAL,PWRCCGCANAR00,2048,0.0
GLOBAL,PWRCCGCANAR00,2049,0.0
GLOBAL,PWRCCGCANAR00,2050,0.0
GLOBAL,PWRCOACANAR01,2021,1.722
GLOBAL,PWRCOACANAR01,2022,1.722
GLOBAL,PWRCOACANAR01,2023,1.722
GLOBAL,PWRCOACANAR01,2024,1.722
GLOBAL,PWRCOACANAR01,2025,1.722
GLOBAL,PWRCOACANAR01,2026,1.722
GLOBAL,PWRCOACANAR01,2027,1.722
GLOBAL,PWRCOACANAR01,2028,0.0
GLOBAL,PWRCOACANAR01,2029,0.0
GLOBAL,PWRCOACANAR01,2030,0.0
GLOBAL,PWRCOACANAR01,2031,0.0
GLOBAL,PWRCOACANAR01,2032,0.0
GLOBAL,PWRCOACANAR01,2033,0.0
GLOBAL,PWRCOACANAR01,2034,0.0
GLOBAL,PWRCOACANAR01,2035,0.0
GLOBAL,PWRCOACANAR01,2036,0.0
GLOBAL,PWRCOACANAR01,2037,0.0
GLOBAL,PWRCOACANAR01,2038,0.0
GLOBAL,PWRCOACANAR01,2039,0.0
GLOBAL,PWRCOACANAR01,2040,0.0
GLOBAL,PWRCOACANAR01,2041,0.0
GLOBAL,PWRCOACANAR01,2042,0.0
GLOBAL,PWRCOACANAR01,2043,0.0
GLOBAL,PWRCOACANAR01,2044,0.0
GLOBAL,PWRCOACANAR01,2045,0.0
GLOBAL,PWRCOACANAR01,2046,0.0
GLOBAL,PWRCOACANAR01,2047,0.0
GLOBAL,PWRCOACANAR01,2048,0.0
GLOBAL,PWRCOACANAR01,2049,0.0
GLOBAL,PWRCOACANAR01,2050,0.0
GLOBAL,PWRHYDCANAR01,2021,1.347
GLOBAL,PWRHYDCANAR01,2022,1.347
GLOBAL,PWRHYDCANAR01,2023,1.347
GLOBAL,PWRHYDCANAR01,2024,1.347
GLOBAL,PWRHYDCANAR01,2025,1.347
GLOBAL,PWRHYDCANAR01,2026,1.347
GLOBAL,PWRHYDCANAR01,2027,1.347
GLOBAL,PWRHYDCANAR01,2028,1.347
GLOBAL,PWRHYDCANAR01,2029,1.347
GLOBAL,PWRHYDCANAR01,2030,1.347
GLOBAL,PWRHYDCANAR01,2031,1.347
GLOBAL,PWRHYDCANAR01,2032,1.347
GLOBAL,PWRHYDCANAR01,2033,1.347
GLOBAL,PWRHYDCANAR01,2034,1.347
GLOBAL,PWRHYDCANAR01,2035,1.347
GLOBAL,PWRHYDCANAR01,2036,1.347
GLOBAL,PWRHYDCANAR01,2037,1.347
GLOBAL,PWRHYDCANAR01,2038,1.347
GLOBAL,PWRHYDCANAR01,2039,1.347
GLOBAL,PWRHYDCANAR01,2040,1.347
GLOBAL,PWRHYDCANAR01,2041,1.347
GLOBAL,PWRHYDCANAR01,2042,1.347
GLOBAL,PWRHYDCANAR01,2043,1.347
GLOBAL,PWRHYDCANAR01,2044,1.347
GLOBAL,PWRHYDCANAR01,2045,1.347
GLOBAL,PWRHYDCANAR01,2046,1.347
GLOBAL,PWRHYDCANAR01,2047,1.347
GLOBAL,PWRHYDCANAR01,2048,1.347
GLOBAL,PWRHYDCANAR01,2049,1.347
GLOBAL,PWRHYDCANAR01,2050,1.347
GLOBAL,PWROCGCANAR00,2021,0.09
GLOBAL,PWROCGCANAR00,2022,0.09
GLOBAL,PWROCGCANAR00,2023,0.09
GLOBAL,PWROCGCANAR00,2024,0.09
GLOBAL,PWROCGCANAR00,2025,0.09
GLOBAL,PWROCGCANAR00,2026,0.09
GLOBAL,PWROCGCANAR00,2027,0.09
GLOBAL,PWROCGCANAR00,2028,0.09
GLOBAL,PWROCGCANAR00,2029,0.09
GLOBAL,PWROCGCANAR00,2030,0.09
GLOBAL,PWROCGCANAR00,2031,0.09
GLOBAL,PWROCGCANAR00,2032,0.09
GLOBAL,PWROCGCANAR00,2033,0.09
GLOBAL,PWROCGCANAR00,2034,0.09
GLOBAL,PWROCGCANAR00,2035,0.0
GLOBAL,PWROCGCANAR00,2036,0.0
GLOBAL,PWROCGCANAR00,2037,0.0
GLOBAL,PWROCGCANAR00,2038,0.0
GLOBAL,PWROCGCANAR00,2039,0.0
GLOBAL,PWROCGCANAR00,2040,0.0
GLOBAL,PWROCGCANAR00,2041,0.0
GLOBAL,PWROCGCANAR00,2042,0.0
GLOBAL,PWROCGCANAR00,2043,0.0
GLOBAL,PWROCGCANAR00,2044,0.0
GLOBAL,PWROCGCANAR00,2045,0.0
GLOBAL,PWROCGCANAR00,2046,0.0
GLOBAL,PWROCGCANAR00,2047,0.0
GLOBAL,PWROCGCANAR00,2048,0.0
GLOBAL,PWROCGCANAR00,2049,0.0
GLOBAL,PWROCGCANAR00,2050,0.0
GLOBAL,PWROILCANAR01,2021,5.8145
GLOBAL,PWROILCANAR01,2022,5.8145
GLOBAL,PWROILCANAR01,2023,5.8145
GLOBAL,PWROILCANAR01,2024,5.8145
GLOBAL,PWROILCANAR01,2025,5.8145
GLOBAL,PWROILCANAR01,2026,5.8145
GLOBAL,PWROILCANAR01,2027,0.132
GLOBAL,PWROILCANAR01,2028,0.132
GLOBAL,PWROILCANAR01,2029,0.0
GLOBAL,PWROILCANAR01,2030,0.0
GLOBAL,PWROILCANAR01,2031,0.0
GLOBAL,PWROILCANAR01,2032,0.0
GLOBAL,PWROILCANAR01,2033,0.0
GLOBAL,PWROILCANAR01,2034,0.0
GLOBAL,PWROILCANAR01,2035,0.0
GLOBAL,PWROILCANAR01,2036,0.0
GLOBAL,PWROILCANAR01,2037,0.0
GLOBAL,PWROILCANAR01,2038,0.0
GLOBAL,PWROILCANAR01,2039,0.0
GLOBAL,PWROILCANAR01,2040,0.0
GLOBAL,PWROILCANAR01,2041,0.0
GLOBAL,PWROILCANAR01,2042,0.0
GLOBAL,PWROILCANAR01,2043,0.0
GLOBAL,PWROILCANAR01,2044,0.0
GLOBAL,PWROILCANAR01,2045,0.0
GLOBAL,PWROILCANAR01,2046,0.0
GLOBAL,PWROILCANAR01,2047,0.0
GLOBAL,PWROILCANAR01,2048,0.0
GLOBAL,PWROILCANAR01,2049,0.0
GLOBAL,PWROILCANAR01,2050,0.0
GLOBAL,PWRURNCANAR01,2021,0.66
GLOBAL,PWRURNCANAR01,2022,0.66
GLOBAL,PWRURNCANAR01,2023,0.66
GLOBAL,PWRURNCANAR01,2024,0.66
GLOBAL,PWRURNCANAR01,2025,0.66
GLOBAL,PWRURNCANAR01,2026,0.66
GLOBAL,PWRURNCANAR01,2027,0.66
GLOBAL,PWRURNCANAR01,2028,0.66
GLOBAL,PWRURNCANAR01,2029,0.66
GLOBAL,PWRURNCANAR01,2030,0.66
GLOBAL,PWRURNCANAR01,2031,0.66
GLOBAL,PWRURNCANAR01,2032,0.66
GLOBAL,PWRURNCANAR01,2033,0.66
GLOBAL,PWRURNCANAR01,2034,0.66
GLOBAL,PWRURNCANAR01,2035,0.66
GLOBAL,PWRURNCANAR01,2036,0.66
GLOBAL,PWRURNCANAR01,2037,0.66
GLOBAL,PWRURNCANAR01,2038,0.66
GLOBAL,PWRURNCANAR01,2039,0.66
GLOBAL,PWRURNCANAR01,2040,0.66
GLOBAL,PWRURNCANAR01,2041,0.66
GLOBAL,PWRURNCANAR01,2042,0.66
GLOBAL,PWRURNCANAR01,2043,0.66
GLOBAL,PWRURNCANAR01,2044,0.66
GLOBAL,PWRURNCANAR01,2045,0.0
GLOBAL,PWRURNCANAR01,2046,0.0
GLOBAL,PWRURNCANAR01,2047,0.0
GLOBAL,PWRURNCANAR01,2048,0.0
GLOBAL,PWRURNCANAR01,2049,0.0
GLOBAL,PWRURNCANAR01,2050,0.0
GLOBAL,PWRWAVCANAR01,2021,0.02
GLOBAL,PWRWAVCANAR01,2022,0.0
GLOBAL,PWRWAVCANAR01,2023,0.0
GLOBAL,PWRWAVCANAR01,2024,0.0
GLOBAL,PWRWAVCANAR01,2025,0.0
GLOBAL,PWRWAVCANAR01,2026,0.0
GLOBAL,PWRWAVCANAR01,2027,0.0
GLOBAL,PWRWAVCANAR01,2028,0.0
GLOBAL,PWRWAVCANAR01,2029,0.0
GLOBAL,PWRWAVCANAR01,2030,0.0
GLOBAL,PWRWAVCANAR01,2031,0.0
GLOBAL,PWRWAVCANAR01,2032,0.0
GLOBAL,PWRWAVCANAR01,2033,0.0
GLOBAL,PWRWAVCANAR01,2034,0.0
GLOBAL,PWRWAVCANAR01,2035,0.0
GLOBAL,PWRWAVCANAR01,2036,0.0
GLOBAL,PWRWAVCANAR01,2037,0.0
GLOBAL,PWRWAVCANAR01,2038,0.0
GLOBAL,PWRWAVCANAR01,2039,0.0
GLOBAL,PWRWAVCANAR01,2040,0.0
GLOBAL,PWRWAVCANAR01,2041,0.0
GLOBAL,PWRWAVCANAR01,2042,0.0
GLOBAL,PWRWAVCANAR01,2043,0.0
GLOBAL,PWRWAVCANAR01,2044,0.0
GLOBAL,PWRWAVCANAR01,2045,0.0
GLOBAL,PWRWAVCANAR01,2046,0.0
GLOBAL,PWRWAVCANAR01,2047,0.0
GLOBAL,PWRWAVCANAR01,2048,0.0
GLOBAL,PWRWAVCANAR01,2049,0.0
GLOBAL,PWRWAVCANAR01,2050,0.0
GLOBAL,PWRWONCANAR01,2021,1.089
GLOBAL,PWRWONCANAR01,2022,1.089
GLOBAL,PWRWONCANAR01,2023,1.089
GLOBAL,PWRWONCANAR01,2024,1.089
GLOBAL,PWRWONCANAR01,2025,1.089
GLOBAL,PWRWONCANAR01,2026,1.089
GLOBAL,PWRWONCANAR01,2027,1.089
GLOBAL,PWRWONCANAR01,2028,1.089
GLOBAL,PWRWONCANAR01,2029,1.089
GLOBAL,PWRWONCANAR01,2030,1.089
GLOBAL,PWRWONCANAR01,2031,1.089
GLOBAL,PWRWONCANAR01,2032,1.089
GLOBAL,PWRWONCANAR01,2033,1.089
GLOBAL,PWRWONCANAR01,2034,1.089
GLOBAL,PWRWONCANAR01,2035,1.089
GLOBAL,PWRWONCANAR01,2036,1.089
GLOBAL,PWRWONCANAR01,2037,1.089
GLOBAL,PWRWONCANAR01,2038,1.089
GLOBAL,PWRWONCANAR01,2039,1.089
GLOBAL,PWRWONCANAR01,2040,0.0
GLOBAL,PWRWONCANAR01,2041,0.0
GLOBAL,PWRWONCANAR01,2042,0.0
GLOBAL,PWRWONCANAR01,2043,0.0
GLOBAL,PWRWONCANAR01,2044,0.0
GLOBAL,PWRWONCANAR01,2045,0.0
GLOBAL,PWRWONCANAR01,2046,0.0
GLOBAL,PWRWONCANAR01,2047,0.0
GLOBAL,PWRWONCANAR01,2048,0.0
GLOBAL,PWRWONCANAR01,2049,0.0
GLOBAL,PWRWONCANAR01,2050,0.0
GLOBAL,PWRBIOCANBC01,2021,1.051
GLOBAL,PWRBIOCANBC01,2022,1.051
GLOBAL,PWRBIOCANBC01,2023,1.051
GLOBAL,PWRBIOCANBC01,2024,1.051
GLOBAL,PWRBIOCANBC01,2025,1.051
GLOBAL,PWRBIOCANBC01,2026,1.051
GLOBAL,PWRBIOCANBC01,2027,1.051
GLOBAL,PWRBIOCANBC01,2028,1.051
GLOBAL,PWRBIOCANBC01,2029,1.051
GLOBAL,PWRBIOCANBC01,2030,1.051
GLOBAL,PWRBIOCANBC01,2031,1.051
GLOBAL,PWRBIOCANBC01,2032,0.0
GLOBAL,PWRBIOCANBC01,2033,0.0
GLOBAL,PWRBIOCANBC01,2034,0.0
GLOBAL,PWRBIOCANBC01,2035,0.0
GLOBAL,PWRBIOCANBC01,2036,0.0
GLOBAL,PWRBIOCANBC01,2037,0.0
GLOBAL,PWRBIOCANBC01,2038,0.0
GLOBAL,PWRBIOCANBC01,2039,0.0
GLOBAL,PWRBIOCANBC01,2040,0.0
GLOBAL,PWRBIOCANBC01,2041,0.0
GLOBAL,PWRBIOCANBC01,2042,0.0
GLOBAL,PWRBIOCANBC01,2043,0.0
GLOBAL,PWRBIOCANBC01,2044,0.0
GLOBAL,PWRBIOCANBC01,2045,0.0
GLOBAL,PWRBIOCANBC01,2046,0.0
GLOBAL,PWRBIOCANBC01,2047,0.0
GLOBAL,PWRBIOCANBC01,2048,0.0
GLOBAL,PWRBIOCANBC01,2049,0.0
GLOBAL,PWRBIOCANBC01,2050,0.0
GLOBAL,PWRCCGCANBC00,2021,1.226
GLOBAL,PWRCCGCANBC00,2022,1.226
GLOBAL,PWRCCGCANBC00,2023,1.226
GLOBAL,PWRCCGCANBC00,2024,1.226
GLOBAL,PWRCCGCANBC00,2025,0.0
GLOBAL,PWRCCGCANBC00,2026,0.0
GLOBAL,PWRCCGCANBC00,2027,0.0
GLOBAL,PWRCCGCANBC00,2028,0.0
GLOBAL,PWRCCGCANBC00,2029,0.0
GLOBAL,PWRCCGCANBC00,2030,0.0
GLOBAL,PWRCCGCANBC00,2031,0.0
GLOBAL,PWRCCGCANBC00,2032,0.0
GLOBAL,PWRCCGCANBC00,2033,0.0
GLOBAL,PWRCCGCANBC00,2034,0.0
GLOBAL,PWRCCGCANBC00,2035,0.0
GLOBAL,PWRCCGCANBC00,2036,0.0
GLOBAL,PWRCCGCANBC00,2037,0.0
GLOBAL,PWRCCGCANBC00,2038,0.0
GLOBAL,PWRCCGCANBC00,2039,0.0
GLOBAL,PWRCCGCANBC00,2040,0.0
GLOBAL,PWRCCGCANBC00,2041,0.0
GLOBAL,PWRCCGCANBC00,2042,0.0
GLOBAL,PWRCCGCANBC00,2043,0.0
GLOBAL,PWRCCGCANBC00,2044,0.0
GLOBAL,PWRCCGCANBC00,2045,0.0
GLOBAL,PWRCCGCANBC00,2046,0.0
GLOBAL,PWRCCGCANBC00,2047,0.0
GLOBAL,PWRCCGCANBC00,2048,0.0
GLOBAL,PWRCCGCANBC00,2049,0.0
GLOBAL,PWRCCGCANBC00,2050,0.0
GLOBAL,PWRHYDCANBC01,2021,15.867
GLOBAL,PWRHYDCANBC01,2022,15.867
GLOBAL,PWRHYDCANBC01,2023,15.867
GLOBAL,PWRHYDCANBC01,2024,15.867
GLOBAL,PWRHYDCANBC01,2025,15.867
GLOBAL,PWRHYDCANBC01,2026,15.867
GLOBAL,PWRHYDCANBC01,2027,15.867
GLOBAL,PWRHYDCANBC01,2028,15.867
GLOBAL,PWRHYDCANBC01,2029,15.867
GLOBAL,PWRHYDCANBC01,2030,15.867
GLOBAL,PWRHYDCANBC01,2031,15.867
GLOBAL,PWRHYDCANBC01,2032,15.867
GLOBAL,PWRHYDCANBC01,2033,15.867
GLOBAL,PWRHYDCANBC01,2034,15.867
GLOBAL,PWRHYDCANBC01,2035,15.867
GLOBAL,PWRHYDCANBC01,2036,15.867
GLOBAL,PWRHYDCANBC01,2037,15.867
GLOBAL,PWRHYDCANBC01,2038,15.867
GLOBAL,PWRHYDCANBC01,2039,15.867
GLOBAL,PWRHYDCANBC01,2040,15.867
GLOBAL,PWRHYDCANBC01,2041,15.867
GLOBAL,PWRHYDCANBC01,2042,15.867
GLOBAL,PWRHYDCANBC01,2043,15.867
GLOBAL,PWRHYDCANBC01,2044,15.867
GLOBAL,PWRHYDCANBC01,2045,15.867
GLOBAL,PWRHYDCANBC01,2046,15.867
GLOBAL,PWRHYDCANBC01,2047,15.867
GLOBAL,PWRHYDCANBC01,2048,15.867
GLOBAL,PWRHYDCANBC01,2049,15.867
GLOBAL,PWRHYDCANBC01,2050,15.867
GLOBAL,PWROCGCANBC00,2021,0.22
GLOBAL,PWROCGCANBC00,2022,0.22
GLOBAL,PWROCGCANBC00,2023,0.22
GLOBAL,PWROCGCANBC00,2024,0.22
GLOBAL,PWROCGCANBC00,2025,0.1
GLOBAL,PWROCGCANBC00,2026,0.1
GLOBAL,PWROCGCANBC00,2027,0.1
GLOBAL,PWROCGCANBC00,2028,0.1
GLOBAL,PWROCGCANBC00,2029,0.1
GLOBAL,PWROCGCANBC00,2030,0.1
GLOBAL,PWROCGCANBC00,2031,0.1
GLOBAL,PWROCGCANBC00,2032,0.1
GLOBAL,PWROCGCANBC00,2033,0.1
GLOBAL,PWROCGCANBC00,2034,0.1
GLOBAL,PWROCGCANBC00,2035,0.1
GLOBAL,PWROCGCANBC00,2036,0.1
GLOBAL,PWROCGCANBC00,2037,0.1
GLOBAL,PWROCGCANBC00,2038,0.1
GLOBAL,PWROCGCANBC00,2039,0.1
GLOBAL,PWROCGCANBC00,2040,0.1
GLOBAL,PWROCGCANBC00,2041,0.1
GLOBAL,PWROCGCANBC00,2042,0.1
GLOBAL,PWROCGCANBC00,2043,0.1
GLOBAL,PWROCGCANBC00,2044,0.1
GLOBAL,PWROCGCANBC00,2045,0.0
GLOBAL,PWROCGCANBC00,2046,0.0
GLOBAL,PWROCGCANBC00,2047,0.0
GLOBAL,PWROCGCANBC00,2048,0.0
GLOBAL,PWROCGCANBC00,2049,0.0
GLOBAL,PWROCGCANBC00,2050,0.0
GLOBAL,PWROTHCANBC01,2021,0.017
GLOBAL,PWROTHCANBC01,2022,0.017
GLOBAL,PWROTHCANBC01,2023,0.0
GLOBAL,PWROTHCANBC01,2024,0.0
GLOBAL,PWROTHCANBC01,2025,0.0
GLOBAL,PWROTHCANBC01,2026,0.0
GLOBAL,PWROTHCANBC01,2027,0.0
GLOBAL,PWROTHCANBC01,2028,0.0
GLOBAL,PWROTHCANBC01,2029,0.0
GLOBAL,PWROTHCANBC01,2030,0.0
GLOBAL,PWROTHCANBC01,2031,0.0
GLOBAL,PWROTHCANBC01,2032,0.0
GLOBAL,PWROTHCANBC01,2033,0.0
GLOBAL,PWROTHCANBC01,2034,0.0
GLOBAL,PWROTHCANBC01,2035,0.0
GLOBAL,PWROTHCANBC01,2036,0.0
GLOBAL,PWROTHCANBC01,2037,0.0
GLOBAL,PWROTHCANBC01,2038,0.0
GLOBAL,PWROTHCANBC01,2039,0.0
GLOBAL,PWROTHCANBC01,2040,0.0
GLOBAL,PWROTHCANBC01,2041,0.0
GLOBAL,PWROTHCANBC01,2042,0.0
GLOBAL,PWROTHCANBC01,2043,0.0
GLOBAL,PWROTHCANBC01,2044,0.0
GLOBAL,PWROTHCANBC01,2045,0.0
GLOBAL,PWROTHCANBC01,2046,0.0
GLOBAL,PWROTHCANBC01,2047,0.0
GLOBAL,PWROTHCANBC01,2048,0.0
GLOBAL,PWROTHCANBC01,2049,0.0
GLOBAL,PWROTHCANBC01,2050,0.0
GLOBAL,PWRSPVCANBC01,2021,0.001
GLOBAL,PWRSPVCANBC01,2022,0.001
GLOBAL,PWRSPVCANBC01,2023,0.001
GLOBAL,PWRSPVCANBC01,2024,0.001
GLOBAL,PWRSPVCANBC01,2025,0.001
GLOBAL,PWRSPVCANBC01,2026,0.001
GLOBAL,PWRSPVCANBC01,2027,0.001
GLOBAL,PWRSPVCANBC01,2028,0.001
GLOBAL,PWRSPVCANBC01,2029,0.001
GLOBAL,PWRSPVCANBC01,2030,0.001
GLOBAL,PWRSPVCANBC01,2031,0.001
GLOBAL,PWRSPVCANBC01,2032,0.001
GLOBAL,PWRSPVCANBC01,2033,0.001
GLOBAL,PWRSPVCANBC01,2034,0.001
GLOBAL,PWRSPVCANBC01,2035,0.001
GLOBAL,PWRSPVCANBC01,2036,0.001
GLOBAL,PWRSPVCANBC01,2037,0.001
GLOBAL,PWRSPVCANBC01,2038,0.001
GLOBAL,PWRSPVCANBC01,2039,0.001
GLOBAL,PWRSPVCANBC01,2040,0.001
GLOBAL,PWRSPVCANBC01,2041,0.001
GLOBAL,PWRSPVCANBC01,2042,0.001
GLOBAL,PWRSPVCANBC01,2043,0.001
GLOBAL,PWRSPVCANBC01,2044,0.001
GLOBAL,PWRSPVCANBC01,2045,0.0
GLOBAL,PWRSPVCANBC01,2046,0.0
GLOBAL,PWRSPVCANBC01,2047,0.0
GLOBAL,PWRSPVCANBC01,2048,0.0
GLOBAL,PWRSPVCANBC01,2049,0.0
GLOBAL,PWRSPVCANBC01,2050,0.0
GLOBAL,PWRWONCANBC01,2021,0.704
GLOBAL,PWRWONCANBC01,2022,0.704
GLOBAL,PWRWONCANBC01,2023,0.704
GLOBAL,PWRWONCANBC01,2024,0.704
GLOBAL,PWRWONCANBC01,2025,0.704
GLOBAL,PWRWONCANBC01,2026,0.704
GLOBAL,PWRWONCANBC01,2027,0.704
GLOBAL,PWRWONCANBC01,2028,0.704
GLOBAL,PWRWONCANBC01,2029,0.704
GLOBAL,PWRWONCANBC01,2030,0.704
GLOBAL,PWRWONCANBC01,2031,0.704
GLOBAL,PWRWONCANBC01,2032,0.704
GLOBAL,PWRWONCANBC01,2033,0.704
GLOBAL,PWRWONCANBC01,2034,0.704
GLOBAL,PWRWONCANBC01,2035,0.704
GLOBAL,PWRWONCANBC01,2036,0.704
GLOBAL,PWRWONCANBC01,2037,0.704
GLOBAL,PWRWONCANBC01,2038,0.704
GLOBAL,PWRWONCANBC01,2039,0.704
GLOBAL,PWRWONCANBC01,2040,0.0
GLOBAL,PWRWONCANBC01,2041,0.0
GLOBAL,PWRWONCANBC01,2042,0.0
GLOBAL,PWRWONCANBC01,2043,0.0
GLOBAL,PWRWONCANBC01,2044,0.0
GLOBAL,PWRWONCANBC01,2045,0.0
GLOBAL,PWRWONCANBC01,2046,0.0
GLOBAL,PWRWONCANBC01,2047,0.0
GLOBAL,PWRWONCANBC01,2048,0.0
GLOBAL,PWRWONCANBC01,2049,0.0
GLOBAL,PWRWONCANBC01,2050,0.0
GLOBAL,PWRBIOCANMB01,2021,0.023
GLOBAL,PWRBIOCANMB01,2022,0.023
GLOBAL,PWRBIOCANMB01,2023,0.023
GLOBAL,PWRBIOCANMB01,2024,0.023
GLOBAL,PWRBIOCANMB01,2025,0.023
GLOBAL,PWRBIOCANMB01,2026,0.023
GLOBAL,PWRBIOCANMB01,2027,0.023
GLOBAL,PWRBIOCANMB01,2028,0.023
GLOBAL,PWRBIOCANMB01,2029,0.023
GLOBAL,PWRBIOCANMB01,2030,0.023
GLOBAL,PWRBIOCANMB01,2031,0.023
GLOBAL,PWRBIOCANMB01,2032,0.0
GLOBAL,PWRBIOCANMB01,2033,0.0
GLOBAL,PWRBIOCANMB01,2034,0.0
GLOBAL,PWRBIOCANMB01,2035,0.0
GLOBAL,PWRBIOCANMB01,2036,0.0
GLOBAL,PWRBIOCANMB01,2037,0.0
GLOBAL,PWRBIOCANMB01,2038,0.0
GLOBAL,PWRBIOCANMB01,2039,0.0
GLOBAL,PWRBIOCANMB01,2040,0.0
GLOBAL,PWRBIOCANMB01,2041,0.0
GLOBAL,PWRBIOCANMB01,2042,0.0
GLOBAL,PWRBIOCANMB01,2043,0.0
GLOBAL,PWRBIOCANMB01,2044,0.0
GLOBAL,PWRBIOCANMB01,2045,0.0
GLOBAL,PWRBIOCANMB01,2046,0.0
GLOBAL,PWRBIOCANMB01,2047,0.0
GLOBAL,PWRBIOCANMB01,2048,0.0
GLOBAL,PWRBIOCANMB01,2049,0.0
GLOBAL,PWRBIOCANMB01,2050,0.0
GLOBAL,PWRCCGCANMB00,2021,0.385
GLOBAL,PWRCCGCANMB00,2022,0.385
GLOBAL,PWRCCGCANMB00,2023,0.385
GLOBAL,PWRCCGCANMB00,2024,0.385
GLOBAL,PWRCCGCANMB00,2025,0.0
GLOBAL,PWRCCGCANMB00,2026,0.0
GLOBAL,PWRCCGCANMB00,2027,0.0
GLOBAL,PWRCCGCANMB00,2028,0.0
GLOBAL,PWRCCGCANMB00,2029,0.0
GLOBAL,PWRCCGCANMB00,2030,0.0
GLOBAL,PWRCCGCANMB00,2031,0.0
GLOBAL,PWRCCGCANMB00,2032,0.0
GLOBAL,PWRCCGCANMB00,2033,0.0
GLOBAL,PWRCCGCANMB00,2034,0.0
GLOBAL,PWRCCGCANMB00,2035,0.0
GLOBAL,PWRCCGCANMB00,2036,0.0
GLOBAL,PWRCCGCANMB00,2037,0.0
GLOBAL,PWRCCGCANMB00,2038,0.0
GLOBAL,PWRCCGCANMB00,2039,0.0
GLOBAL,PWRCCGCANMB00,2040,0.0
GLOBAL,PWRCCGCANMB00,2041,0.0
GLOBAL,PWRCCGCANMB00,2042,0.0
GLOBAL,PWRCCGCANMB00,2043,0.0
GLOBAL,PWRCCGCANMB00,2044,0.0
GLOBAL,PWRCCGCANMB00,2045,0.0
GLOBAL,PWRCCGCANMB00,2046,0.0
GLOBAL,PWRCCGCANMB00,2047,0.0
GLOBAL,PWRCCGCANMB00,2048,0.0
GLOBAL,PWRCCGCANMB00,2049,0.0
GLOBAL,PWRCCGCANMB00,2050,0.0
GLOBAL,PWRCOACANMB01,2021,0.098
GLOBAL,PWRCOACANMB01,2022,0.098
GLOBAL,PWRCOACANMB01,2023,0.098
GLOBAL,PWRCOACANMB01,2024,0.098
GLOBAL,PWRCOACANMB01,2025,0.098
GLOBAL,PWRCOACANMB01,2026,0.098
GLOBAL,PWRCOACANMB01,2027,0.098
GLOBAL,PWRCOACANMB01,2028,0.0
GLOBAL,PWRCOACANMB01,2029,0.0
GLOBAL,PWRCOACANMB01,2030,0.0
GLOBAL,PWRCOACANMB01,2031,0.0
GLOBAL,PWRCOACANMB01,2032,0.0
GLOBAL,PWRCOACANMB01,2033,0.0
GLOBAL,PWRCOACANMB01,2034,0.0
GLOBAL,PWRCOACANMB01,2035,0.0
GLOBAL,PWRCOACANMB01,2036,0.0
GLOBAL,PWRCOACANMB01,2037,0.0
GLOBAL,PWRCOACANMB01,2038,0.0
GLOBAL,PWRCOACANMB01,2039,0.0
GLOBAL,PWRCOACANMB01,2040,0.0
GLOBAL,PWRCOACANMB01,2041,0.0
GLOBAL,PWRCOACANMB01,2042,0.0
GLOBAL,PWRCOACANMB01,2043,0.0
GLOBAL,PWRCOACANMB01,2044,0.0
GLOBAL,PWRCOACANMB01,2045,0.0
GLOBAL,PWRCOACANMB01,2046,0.0
GLOBAL,PWRCOACANMB01,2047,0.0
GLOBAL,PWRCOACANMB01,2048,0.0
GLOBAL,PWRCOACANMB01,2049,0.0
GLOBAL,PWRCOACANMB01,2050,0.0
GLOBAL,PWRHYDCANMB01,2021,5.232
GLOBAL,PWRHYDCANMB01,2022,5.232
GLOBAL,PWRHYDCANMB01,2023,5.232
GLOBAL,PWRHYDCANMB01,2024,5.232
GLOBAL,PWRHYDCANMB01,2025,5.232
GLOBAL,PWRHYDCANMB01,2026,5.232
GLOBAL,PWRHYDCANMB01,2027,5.232
GLOBAL,PWRHYDCANMB01,2028,5.232
GLOBAL,PWRHYDCANMB01,2029,5.232
GLOBAL,PWRHYDCANMB01,2030,5.232
GLOBAL,PWRHYDCANMB01,2031,5.232
GLOBAL,PWRHYDCANMB01,2032,5.232
GLOBAL,PWRHYDCANMB01,2033,5.232
GLOBAL,PWRHYDCANMB01,2034,5.232
GLOBAL,PWRHYDCANMB01,2035,5.232
GLOBAL,PWRHYDCANMB01,2036,5.232
GLOBAL,PWRHYDCANMB01,2037,5.232
GLOBAL,PWRHYDCANMB01,2038,5.232
GLOBAL,PWRHYDCANMB01,2039,5.232
GLOBAL,PWRHYDCANMB01,2040,5.232
GLOBAL,PWRHYDCANMB01,2041,5.232
GLOBAL,PWRHYDCANMB01,2042,5.232
GLOBAL,PWRHYDCANMB01,2043,5.232
GLOBAL,PWRHYDCANMB01,2044,5.232
GLOBAL,PWRHYDCANMB01,2045,5.232
GLOBAL,PWRHYDCANMB01,2046,5.232
GLOBAL,PWRHYDCANMB01,2047,5.232
GLOBAL,PWRHYDCANMB01,2048,5.232
GLOBAL,PWRHYDCANMB01,2049,5.232
GLOBAL,PWRHYDCANMB01,2050,5.232
GLOBAL,PWROCGCANMB00,2021,0.125
GLOBAL,PWROCGCANMB00,2022,0.125
GLOBAL,PWROCGCANMB00,2023,0.125
GLOBAL,PWROCGCANMB00,2024,0.125
GLOBAL,PWROCGCANMB00,2025,0.0
GLOBAL,PWROCGCANMB00,2026,0.0
GLOBAL,PWROCGCANMB00,2027,0.0
GLOBAL,PWROCGCANMB00,2028,0.0
GLOBAL,PWROCGCANMB00,2029,0.0
GLOBAL,PWROCGCANMB00,2030,0.0
GLOBAL,PWROCGCANMB00,2031,0.0
GLOBAL,PWROCGCANMB00,2032,0.0
GLOBAL,PWROCGCANMB00,2033,0.0
GLOBAL,PWROCGCANMB00,2034,0.0
GLOBAL,PWROCGCANMB00,2035,0.0
GLOBAL,PWROCGCANMB00,2036,0.0
GLOBAL,PWROCGCANMB00,2037,0.0
GLOBAL,PWROCGCANMB00,2038,0.0
GLOBAL,PWROCGCANMB00,2039,0.0
GLOBAL,PWROCGCANMB00,2040,0.0
GLOBAL,PWROCGCANMB00,2041,0.0
GLOBAL,PWROCGCANMB00,2042,0.0
GLOBAL,PWROCGCANMB00,2043,0.0
GLOBAL,PWROCGCANMB00,2044,0.0
GLOBAL,PWROCGCANMB00,2045,0.0
GLOBAL,PWROCGCANMB00,2046,0.0
GLOBAL,PWROCGCANMB00,2047,0.0
GLOBAL,PWROCGCANMB00,2048,0.0
GLOBAL,PWROCGCANMB00,2049,0.0
GLOBAL,PWROCGCANMB00,2050,0.0
GLOBAL,PWRWONCANMB01,2021,0.259
GLOBAL,PWRWONCANMB01,2022,0.259
GLOBAL,PWRWONCANMB01,2023,0.259
GLOBAL,PWRWONCANMB01,2024,0.259
GLOBAL,PWRWONCANMB01,2025,0.259
GLOBAL,PWRWONCANMB01,2026,0.259
GLOBAL,PWRWONCANMB01,2027,0.259
GLOBAL,PWRWONCANMB01,2028,0.259
GLOBAL,PWRWONCANMB01,2029,0.259
GLOBAL,PWRWONCANMB01,2030,0.259
GLOBAL,PWRWONCANMB01,2031,0.259
GLOBAL,PWRWONCANMB01,2032,0.259
GLOBAL,PWRWONCANMB01,2033,0.259
GLOBAL,PWRWONCANMB01,2034,0.259
GLOBAL,PWRWONCANMB01,2035,0.259
GLOBAL,PWRWONCANMB01,2036,0.259
GLOBAL,PWRWONCANMB01,2037,0.259
GLOBAL,PWRWONCANMB01,2038,0.259
GLOBAL,PWRWONCANMB01,2039,0.259
GLOBAL,PWRWONCANMB01,2040,0.0
GLOBAL,PWRWONCANMB01,2041,0.0
GLOBAL,PWRWONCANMB01,2042,0.0
GLOBAL,PWRWONCANMB01,2043,0.0
GLOBAL,PWRWONCANMB01,2044,0.0
GLOBAL,PWRWONCANMB01,2045,0.0
GLOBAL,PWRWONCANMB01,2046,0.0
GLOBAL,PWRWONCANMB01,2047,0.0
GLOBAL,PWRWONCANMB01,2048,0.0
GLOBAL,PWRWONCANMB01,2049,0.0
GLOBAL,PWRWONCANMB01,2050,0.0
GLOBAL,PWRBIOCANNL01,2021,0.015
GLOBAL,PWRBIOCANNL01,2022,0.015
GLOBAL,PWRBIOCANNL01,2023,0.015
GLOBAL,PWRBIOCANNL01,2024,0.015
GLOBAL,PWRBIOCANNL01,2025,0.015
GLOBAL,PWRBIOCANNL01,2026,0.015
GLOBAL,PWRBIOCANNL01,2027,0.015
GLOBAL,PWRBIOCANNL01,2028,0.015
GLOBAL,PWRBIOCANNL01,2029,0.015
GLOBAL,PWRBIOCANNL01,2030,0.015
GLOBAL,PWRBIOCANNL01,2031,0.015
GLOBAL,PWRBIOCANNL01,2032,0.0
GLOBAL,PWRBIOCANNL01,2033,0.0
GLOBAL,PWRBIOCANNL01,2034,0.0
GLOBAL,PWRBIOCANNL01,2035,0.0
GLOBAL,PWRBIOCANNL01,2036,0.0
GLOBAL,PWRBIOCANNL01,2037,0.0
GLOBAL,PWRBIOCANNL01,2038,0.0
GLOBAL,PWRBIOCANNL01,2039,0.0
GLOBAL,PWRBIOCANNL01,2040,0.0
GLOBAL,PWRBIOCANNL01,2041,0.0
GLOBAL,PWRBIOCANNL01,2042,0.0
GLOBAL,PWRBIOCANNL01,2043,0.0
GLOBAL,PWRBIOCANNL01,2044,0.0
GLOBAL,PWRBIOCANNL01,2045,0.0
GLOBAL,PWRBIOCANNL01,2046,0.0
GLOBAL,PWRBIOCANNL01,2047,0.0
GLOBAL,PWRBIOCANNL01,2048,0.0
GLOBAL,PWRBIOCANNL01,2049,0.0
GLOBAL,PWRBIOCANNL01,2050,0.0
GLOBAL,PWRHYDCANNL01,2021,6.963
GLOBAL,PWRHYDCANNL01,2022,6.963
GLOBAL,PWRHYDCANNL01,2023,6.963
GLOBAL,PWRHYDCANNL01,2024,6.963
GLOBAL,PWRHYDCANNL01,2025,6.963
GLOBAL,PWRHYDCANNL01,2026,6.963
GLOBAL,PWRHYDCANNL01,2027,6.963
GLOBAL,PWRHYDCANNL01,2028,6.963
GLOBAL,PWRHYDCANNL01,2029,6.963
GLOBAL,PWRHYDCANNL01,2030,6.963
GLOBAL,PWRHYDCANNL01,2031,6.963
GLOBAL,PWRHYDCANNL01,2032,6.963
GLOBAL,PWRHYDCANNL01,2033,6.963
GLOBAL,PWRHYDCANNL01,2034,6.963
GLOBAL,PWRHYDCANNL01,2035,6.963
GLOBAL,PWRHYDCANNL01,2036,6.963
GLOBAL,PWRHYDCANNL01,2037,6.963
GLOBAL,PWRHYDCANNL01,2038,6.963
GLOBAL,PWRHYDCANNL01,2039,6.963
GLOBAL,PWRHYDCANNL01,2040,6.963
GLOBAL,PWRHYDCANNL01,2041,6.963
GLOBAL,PWRHYDCANNL01,2042,6.963
GLOBAL,PWRHYDCANNL01,2043,6.963
GLOBAL,PWRHYDCANNL01,2044,6.963
GLOBAL,PWRHYDCANNL01,2045,6.963
GLOBAL,PWRHYDCANNL01,2046,6.963
GLOBAL,PWRHYDCANNL01,2047,6.963
GLOBAL,PWRHYDCANNL01,2048,6.963
GLOBAL,PWRHYDCANNL01,2049,6.963
GLOBAL,PWRHYDCANNL01,2050,6.963
GLOBAL,PWROCGCANNL00,2021,0.108
GLOBAL,PWROCGCANNL00,2022,0.108
GLOBAL,PWROCGCANNL00,2023,0.108
GLOBAL,PWROCGCANNL00,2024,0.108
GLOBAL,PWROCGCANNL00,2025,0.108
GLOBAL,PWROCGCANNL00,2026,0.108
GLOBAL,PWROCGCANNL00,2027,0.108
GLOBAL,PWROCGCANNL00,2028,0.108
GLOBAL,PWROCGCANNL00,2029,0.054
GLOBAL,PWROCGCANNL00,2030,0.054
GLOBAL,PWROCGCANNL00,2031,0.054
GLOBAL,PWROCGCANNL00,2032,0.054
GLOBAL,PWROCGCANNL00,2033,0.054
GLOBAL,PWROCGCANNL00,2034,0.0
GLOBAL,PWROCGCANNL00,2035,0.0
GLOBAL,PWROCGCANNL00,2036,0.0
GLOBAL,PWROCGCANNL00,2037,0.0
GLOBAL,PWROCGCANNL00,2038,0.0
GLOBAL,PWROCGCANNL00,2039,0.0
GLOBAL,PWROCGCANNL00,2040,0.0
GLOBAL,PWROCGCANNL00,2041,0.0
GLOBAL,PWROCGCANNL00,2042,0.0
GLOBAL,PWROCGCANNL00,2043,0.0
GLOBAL,PWROCGCANNL00,2044,0.0
GLOBAL,PWROCGCANNL00,2045,0.0
GLOBAL,PWROCGCANNL00,2046,0.0
GLOBAL,PWROCGCANNL00,2047,0.0
GLOBAL,PWROCGCANNL00,2048,0.0
GLOBAL,PWROCGCANNL00,2049,0.0
GLOBAL,PWROCGCANNL00,2050,0.0
GLOBAL,PWROILCANNL01,2021,1.5365
GLOBAL,PWROILCANNL01,2022,1.5365
GLOBAL,PWROILCANNL01,2023,1.5365
GLOBAL,PWROILCANNL01,2024,1.5365
GLOBAL,PWROILCANNL01,2025,1.5365
GLOBAL,PWROILCANNL01,2026,1.5365
GLOBAL,PWROILCANNL01,2027,0.0
GLOBAL,PWROILCANNL01,2028,0.0
GLOBAL,PWROILCANNL01,2029,0.0
GLOBAL,PWROILCANNL01,2030,0.0
GLOBAL,PWROILCANNL01,2031,0.0
GLOBAL,PWROILCANNL01,2032,0.0
GLOBAL,PWROILCANNL01,2033,0.0
GLOBAL,PWROILCANNL01,2034,0.0
GLOBAL,PWROILCANNL01,2035,0.0
GLOBAL,PWROILCANNL01,2036,0.0
GLOBAL,PWROILCANNL01,2037,0.0
GLOBAL,PWROILCANNL01,2038,0.0
GLOBAL,PWROILCANNL01,2039,0.0
GLOBAL,PWROILCANNL01,2040,0.0
GLOBAL,PWROILCANNL01,2041,0.0
GLOBAL,PWROILCANNL01,2042,0.0
GLOBAL,PWROILCANNL01,2043,0.0
GLOBAL,PWROILCANNL01,2044,0.0
GLOBAL,PWROILCANNL01,2045,0.0
GLOBAL,PWROILCANNL01,2046,0.0
GLOBAL,PWROILCANNL01,2047,0.0
GLOBAL,PWROILCANNL01,2048,0.0
GLOBAL,PWROILCANNL01,2049,0.0
GLOBAL,PWROILCANNL01,2050,0.0
GLOBAL,PWRWONCANNL01,2021,0.054
GLOBAL,PWRWONCANNL01,2022,0.054
GLOBAL,PWRWONCANNL01,2023,0.054
GLOBAL,PWRWONCANNL01,2024,0.054
GLOBAL,PWRWONCANNL01,2025,0.054
GLOBAL,PWRWONCANNL01,2026,0.054
GLOBAL,PWRWONCANNL01,2027,0.054
GLOBAL,PWRWONCANNL01,2028,0.054
GLOBAL,PWRWONCANNL01,2029,0.054
GLOBAL,PWRWONCANNL01,2030,0.054
GLOBAL,PWRWONCANNL01,2031,0.054
GLOBAL,PWRWONCANNL01,2032,0.054
GLOBAL,PWRWONCANNL01,2033,0.054
GLOBAL,PWRWONCANNL01,2034,0.054
GLOBAL,PWRWONCANNL01,2035,0.054
GLOBAL,PWRWONCANNL01,2036,0.054
GLOBAL,PWRWONCANNL01,2037,0.054
GLOBAL,PWRWONCANNL01,2038,0.054
GLOBAL,PWRWONCANNL01,2039,0.054
GLOBAL,PWRWONCANNL01,2040,0.0
GLOBAL,PWRWONCANNL01,2041,0.0
GLOBAL,PWRWONCANNL01,2042,0.0
GLOBAL,PWRWONCANNL01,2043,0.0
GLOBAL,PWRWONCANNL01,2044,0.0
GLOBAL,PWRWONCANNL01,2045,0.0
GLOBAL,PWRWONCANNL01,2046,0.0
GLOBAL,PWRWONCANNL01,2047,0.0
GLOBAL,PWRWONCANNL01,2048,0.0
GLOBAL,PWRWONCANNL01,2049,0.0
GLOBAL,PWRWONCANNL01,2050,0.0
GLOBAL,PWRHYDCANNO01,2021,0.148
GLOBAL,PWRHYDCANNO01,2022,0.148
GLOBAL,PWRHYDCANNO01,2023,0.148
GLOBAL,PWRHYDCANNO01,2024,0.148
GLOBAL,PWRHYDCANNO01,2025,0.148
GLOBAL,PWRHYDCANNO01,2026,0.148
GLOBAL,PWRHYDCANNO01,2027,0.148
GLOBAL,PWRHYDCANNO01,2028,0.148
GLOBAL,PWRHYDCANNO01,2029,0.148
GLOBAL,PWRHYDCANNO01,2030,0.148
GLOBAL,PWRHYDCANNO01,2031,0.148
GLOBAL,PWRHYDCANNO01,2032,0.148
GLOBAL,PWRHYDCANNO01,2033,0.148
GLOBAL,PWRHYDCANNO01,2034,0.148
GLOBAL,PWRHYDCANNO01,2035,0.148
GLOBAL,PWRHYDCANNO01,2036,0.148
GLOBAL,PWRHYDCANNO01,2037,0.148
GLOBAL,PWRHYDCANNO01,2038,0.148
GLOBAL,PWRHYDCANNO01,2039,0.148
GLOBAL,PWRHYDCANNO01,2040,0.148
GLOBAL,PWRHYDCANNO01,2041,0.148
GLOBAL,PWRHYDCANNO01,2042,0.148
GLOBAL,PWRHYDCANNO01,2043,0.148
GLOBAL,PWRHYDCANNO01,2044,0.148
GLOBAL,PWRHYDCANNO01,2045,0.148
GLOBAL,PWRHYDCANNO01,2046,0.148
GLOBAL,PWRHYDCANNO01,2047,0.148
GLOBAL,PWRHYDCANNO01,2048,0.148
GLOBAL,PWRHYDCANNO01,2049,0.148
GLOBAL,PWRHYDCANNO01,2050,0.148
GLOBAL,PWRWONCANNO01,2021,0.009
GLOBAL,PWRWONCANNO01,2022,0.009
GLOBAL,PWRWONCANNO01,2023,0.009
GLOBAL,PWRWONCANNO01,2024,0.009
GLOBAL,PWRWONCANNO01,2025,0.009
GLOBAL,PWRWONCANNO01,2026,0.009
GLOBAL,PWRWONCANNO01,2027,0.009
GLOBAL,PWRWONCANNO01,2028,0.009
GLOBAL,PWRWONCANNO01,2029,0.009
GLOBAL,PWRWONCANNO01,2030,0.009
GLOBAL,PWRWONCANNO01,2031,0.009
GLOBAL,PWRWONCANNO01,2032,0.009
GLOBAL,PWRWONCANNO01,2033,0.009
GLOBAL,PWRWONCANNO01,2034,0.009
GLOBAL,PWRWONCANNO01,2035,0.009
GLOBAL,PWRWONCANNO01,2036,0.009
GLOBAL,PWRWONCANNO01,2037,0.009
GLOBAL,PWRWONCANNO01,2038,0.009
GLOBAL,PWRWONCANNO01,2039,0.009
GLOBAL,PWRWONCANNO01,2040,0.0
GLOBAL,PWRWONCANNO01,2041,0.0
GLOBAL,PWRWONCANNO01,2042,0.0
GLOBAL,PWRWONCANNO01,2043,0.0
GLOBAL,PWRWONCANNO01,2044,0.0
GLOBAL,PWRWONCANNO01,2045,0.0
GLOBAL,PWRWONCANNO01,2046,0.0
GLOBAL,PWRWONCANNO01,2047,0.0
GLOBAL,PWRWONCANNO01,2048,0.0
GLOBAL,PWRWONCANNO01,2049,0.0
GLOBAL,PWRWONCANNO01,2050,0.0
GLOBAL,PWRBIOCANON01,2021,0.698
GLOBAL,PWRBIOCANON01,2022,0.698
GLOBAL,PWRBIOCANON01,2023,0.698
GLOBAL,PWRBIOCANON01,2024,0.698
GLOBAL,PWRBIOCANON01,2025,0.698
GLOBAL,PWRBIOCANON01,2026,0.698
GLOBAL,PWRBIOCANON01,2027,0.698
GLOBAL,PWRBIOCANON01,2028,0.698
GLOBAL,PWRBIOCANON01,2029,0.698
GLOBAL,PWRBIOCANON01,2030,0.698
GLOBAL,PWRBIOCANON01,2031,0.698
GLOBAL,PWRBIOCANON01,2032,0.0
GLOBAL,PWRBIOCANON01,2033,0.0
GLOBAL,PWRBIOCANON01,2034,0.0
GLOBAL,PWRBIOCANON01,2035,0.0
GLOBAL,PWRBIOCANON01,2036,0.0
GLOBAL,PWRBIOCANON01,2037,0.0
GLOBAL,PWRBIOCANON01,2038,0.0
GLOBAL,PWRBIOCANON01,2039,0.0
GLOBAL,PWRBIOCANON01,2040,0.0
GLOBAL,PWRBIOCANON01,2041,0.0
GLOBAL,PWRBIOCANON01,2042,0.0
GLOBAL,PWRBIOCANON01,2043,0.0
GLOBAL,PWRBIOCANON01,2044,0.0
GLOBAL,PWRBIOCANON01,2045,0.0
GLOBAL,PWRBIOCANON01,2046,0.0
GLOBAL,PWRBIOCANON01,2047,0.0
GLOBAL,PWRBIOCANON01,2048,0.0
GLOBAL,PWRBIOCANON01,2049,0.0
GLOBAL,PWRBIOCANON01,2050,0.0
GLOBAL,PWRCCGCANON00,2021,7.886
GLOBAL,PWRCCGCANON00,2022,7.886
GLOBAL,PWRCCGCANON00,2023,7.886
GLOBAL,PWRCCGCANON00,2024,7.886
GLOBAL,PWRCCGCANON00,2025,0.0
GLOBAL,PWRCCGCANON00,2026,0.0
GLOBAL,PWRCCGCANON00,2027,0.0
GLOBAL,PWRCCGCANON00,2028,0.0
GLOBAL,PWRCCGCANON00,2029,0.0
GLOBAL,PWRCCGCANON00,2030,0.0
GLOBAL,PWRCCGCANON00,2031,0.0
GLOBAL,PWRCCGCANON00,2032,0.0
GLOBAL,PWRCCGCANON00,2033,0.0
GLOBAL,PWRCCGCANON00,2034,0.0
GLOBAL,PWRCCGCANON00,2035,0.0
GLOBAL,PWRCCGCANON00,2036,0.0
GLOBAL,PWRCCGCANON00,2037,0.0
GLOBAL,PWRCCGCANON00,2038,0.0
GLOBAL,PWRCCGCANON00,2039,0.0
GLOBAL,PWRCCGCANON00,2040,0.0
GLOBAL,PWRCCGCANON00,2041,0.0
GLOBAL,PWRCCGCANON00,2042,0.0
GLOBAL,PWRCCGCANON00,2043,0.0
GLOBAL,PWRCCGCANON00,2044,0.0
GLOBAL,PWRCCGCANON00,2045,0.0
GLOBAL,PWRCCGCANON00,2046,0.0
GLOBAL,PWRCCGCANON00,2047,0.0
GLOBAL,PWRCCGCANON00,2048,0.0
GLOBAL,PWRCCGCANON00,2049,0.0
GLOBAL,PWRCCGCANON00,2050,0.0
GLOBAL,PWRHYDCANON01,2021,8.985
GLOBAL,PWRHYDCANON01,2022,8.985
GLOBAL,PWRHYDCANON01,2023,8.985
GLOBAL,PWRHYDCANON01,2024,8.985
GLOBAL,PWRHYDCANON01,2025,8.985
GLOBAL,PWRHYDCANON01,2026,8.985
GLOBAL,PWRHYDCANON01,2027,8.985
GLOBAL,PWRHYDCANON01,2028,8.985
GLOBAL,PWRHYDCANON01,2029,8.985
GLOBAL,PWRHYDCANON01,2030,8.985
GLOBAL,PWRHYDCANON01,2031,8.985
GLOBAL,PWRHYDCANON01,2032,8.985
GLOBAL,PWRHYDCANON01,2033,8.985
GLOBAL,PWRHYDCANON01,2034,8.985
GLOBAL,PWRHYDCANON01,2035,8.985
GLOBAL,PWRHYDCANON01,2036,8.985
GLOBAL,PWRHYDCANON01,2037,8.985
GLOBAL,PWRHYDCANON01,2038,8.985
GLOBAL,PWRHYDCANON01,2039,8.985
GLOBAL,PWRHYDCANON01,2040,8.985
GLOBAL,PWRHYDCANON01,2041,8.985
GLOBAL,PWRHYDCANON01,2042,8.985
GLOBAL,PWRHYDCANON01,2043,8.985
GLOBAL,PWRHYDCANON01,2044,8.985
GLOBAL,PWRHYDCANON01,2045,8.985
GLOBAL,PWRHYDCANON01,2046,8.985
GLOBAL,PWRHYDCANON01,2047,8.985
GLOBAL,PWRHYDCANON01,2048,8.985
GLOBAL,PWRHYDCANON01,2049,8.985
GLOBAL,PWRHYDCANON01,2050,8.985
GLOBAL,PWROCGCANON00,2021,1.0792
GLOBAL,PWROCGCANON00,2022,1.0792
GLOBAL,PWROCGCANON00,2023,0.9612
GLOBAL,PWROCGCANON00,2024,0.9612
GLOBAL,PWROCGCANON00,2025,0.433
GLOBAL,PWROCGCANON00,2026,0.433
GLOBAL,PWROCGCANON00,2027,0.365
GLOBAL,PWROCGCANON00,2028,0.365
GLOBAL,PWROCGCANON00,2029,0.245
GLOBAL,PWROCGCANON00,2030,0.245
GLOBAL,PWROCGCANON00,2031,0.245
GLOBAL,PWROCGCANON00,2032,0.245
GLOBAL,PWROCGCANON00,2033,0.245
GLOBAL,PWROCGCANON00,2034,0.245
GLOBAL,PWROCGCANON00,2035,0.245
GLOBAL,PWROCGCANON00,2036,0.245
GLOBAL,PWROCGCANON00,2037,0.155
GLOBAL,PWROCGCANON00,2038,0.155
GLOBAL,PWROCGCANON00,2039,0.155
GLOBAL,PWROCGCANON00,2040,0.0
GLOBAL,PWROCGCANON00,2041,0.0
GLOBAL,PWROCGCANON00,2042,0.0
GLOBAL,PWROCGCANON00,2043,0.0
GLOBAL,PWROCGCANON00,2044,0.0
GLOBAL,PWROCGCANON00,2045,0.0
GLOBAL,PWROCGCANON00,2046,0.0
GLOBAL,PWROCGCANON00,2047,0.0
GLOBAL,PWROCGCANON00,2048,0.0
GLOBAL,PWROCGCANON00,2049,0.0
GLOBAL,PWROCGCANON00,2050,0.0
GLOBAL,PWRSPVCANON01,2021,2.512
GLOBAL,PWRSPVCANON01,2022,2.512
GLOBAL,PWRSPVCANON01,2023,2.512
GLOBAL,PWRSPVCANON01,2024,2.512
GLOBAL,PWRSPVCANON01,2025,2.512
GLOBAL,PWRSPVCANON01,2026,2.512
GLOBAL,PWRSPVCANON01,2027,2.512
GLOBAL,PWRSPVCANON01,2028,2.512
GLOBAL,PWRSPVCANON01,2029,2.512
GLOBAL,PWRSPVCANON01,2030,2.512
GLOBAL,PWRSPVCANON01,2031,2.512
GLOBAL,PWRSPVCANON01,2032,2.512
GLOBAL,PWRSPVCANON01,2033,2.512
GLOBAL,PWRSPVCANON01,2034,2.512
GLOBAL,PWRSPVCANON01,2035,2.512
GLOBAL,PWRSPVCANON01,2036,2.512
GLOBAL,PWRSPVCANON01,2037,2.512
GLOBAL,PWRSPVCANON01,2038,2.512
GLOBAL,PWRSPVCANON01,2039,2.512
GLOBAL,PWRSPVCANON01,2040,2.512
GLOBAL,PWRSPVCANON01,2041,2.512
GLOBAL,PWRSPVCANON01,2042,2.512
GLOBAL,PWRSPVCANON01,2043,2.512
GLOBAL,PWRSPVCANON01,2044,2.512
GLOBAL,PWRSPVCANON01,2045,0.0
GLOBAL,PWRSPVCANON01,2046,0.0
GLOBAL,PWRSPVCANON01,2047,0.0
GLOBAL,PWRSPVCANON01,2048,0.0
GLOBAL,PWRSPVCANON01,2049,0.0
GLOBAL,PWRSPVCANON01,2050,0.0
GLOBAL,PWRURNCANON01,2021,13.594
GLOBAL,PWRURNCANON01,2022,13.594
GLOBAL,PWRURNCANON01,2023,13.594
GLOBAL,PWRURNCANON01,2024,13.594
GLOBAL,PWRURNCANON01,2025,13.594
GLOBAL,PWRURNCANON01,2026,13.594
GLOBAL,PWRURNCANON01,2027,13.594
GLOBAL,PWRURNCANON01,2028,13.594
GLOBAL,PWRURNCANON01,2029,13.594
GLOBAL,PWRURNCANON01,2030,13.594
GLOBAL,PWRURNCANON01,2031,13.594
GLOBAL,PWRURNCANON01,2032,13.594
GLOBAL,PWRURNCANON01,2033,13.594
GLOBAL,PWRURNCANON01,2034,13.594
GLOBAL,PWRURNCANON01,2035,13.594
GLOBAL,PWRURNCANON01,2036,13.594
GLOBAL,PWRURNCANON01,2037,13.594
GLOBAL,PWRURNCANON01,2038,13.594
GLOBAL,PWRURNCANON01,2039,13.594
GLOBAL,PWRURNCANON01,2040,13.594
GLOBAL,PWRURNCANON01,2041,13.594
GLOBAL,PWRURNCANON01,2042,13.594
GLOBAL,PWRURNCANON01,2043,13.594
GLOBAL,PWRURNCANON01,2044,13.594
GLOBAL,PWRURNCANON01,2045,0.0
GLOBAL,PWRURNCANON01,2046,0.0
GLOBAL,PWRURNCANON01,2047,0.0
GLOBAL,PWRURNCANON01,2048,0.0
GLOBAL,PWRURNCANON01,2049,0.0
GLOBAL,PWRURNCANON01,2050,0.0
GLOBAL,PWRWONCANON01,2021,4.816
GLOBAL,PWRWONCANON01,2022,4.816
GLOBAL,PWRWONCANON01,2023,4.816
GLOBAL,PWRWONCANON01,2024,4.816
GLOBAL,PWRWONCANON01,2025,4.816
GLOBAL,PWRWONCANON01,2026,4.816
GLOBAL,PWRWONCANON01,2027,4.816
GLOBAL,PWRWONCANON01,2028,4.816
GLOBAL,PWRWONCANON01,2029,4.816
GLOBAL,PWRWONCANON01,2030,4.816
GLOBAL,PWRWONCANON01,2031,4.816
GLOBAL,PWRWONCANON01,2032,4.816
GLOBAL,PWRWONCANON01,2033,4.816
GLOBAL,PWRWONCANON01,2034,4.816
GLOBAL,PWRWONCANON01,2035,4.816
GLOBAL,PWRWONCANON01,2036,4.816
GLOBAL,PWRWONCANON01,2037,4.816
GLOBAL,PWRWONCANON01,2038,4.816
GLOBAL,PWRWONCANON01,2039,4.816
GLOBAL,PWRWONCANON01,2040,0.0
GLOBAL,PWRWONCANON01,2041,0.0
GLOBAL,PWRWONCANON01,2042,0.0
GLOBAL,PWRWONCANON01,2043,0.0
GLOBAL,PWRWONCANON01,2044,0.0
GLOBAL,PWRWONCANON01,2045,0.0
GLOBAL,PWRWONCANON01,2046,0.0
GLOBAL,PWRWONCANON01,2047,0.0
GLOBAL,PWRWONCANON01,2048,0.0
GLOBAL,PWRWONCANON01,2049,0.0
GLOBAL,PWRWONCANON01,2050,0.0
GLOBAL,PWRBIOCANQC01,2021,0.348
GLOBAL,PWRBIOCANQC01,2022,0.348
GLOBAL,PWRBIOCANQC01,2023,0.348
GLOBAL,PWRBIOCANQC01,2024,0.348
GLOBAL,PWRBIOCANQC01,2025,0.348
GLOBAL,PWRBIOCANQC01,2026,0.348
GLOBAL,PWRBIOCANQC01,2027,0.348
GLOBAL,PWRBIOCANQC01,2028,0.348
GLOBAL,PWRBIOCANQC01,2029,0.348
GLOBAL,PWRBIOCANQC01,2030,0.348
GLOBAL,PWRBIOCANQC01,2031,0.348
GLOBAL,PWRBIOCANQC01,2032,0.0
GLOBAL,PWRBIOCANQC01,2033,0.0
GLOBAL,PWRBIOCANQC01,2034,0.0
GLOBAL,PWRBIOCANQC01,2035,0.0
GLOBAL,PWRBIOCANQC01,2036,0.0
GLOBAL,PWRBIOCANQC01,2037,0.0
GLOBAL,PWRBIOCANQC01,2038,0.0
GLOBAL,PWRBIOCANQC01,2039,0.0
GLOBAL,PWRBIOCANQC01,2040,0.0
GLOBAL,PWRBIOCANQC01,2041,0.0
GLOBAL,PWRBIOCANQC01,2042,0.0
GLOBAL,PWRBIOCANQC01,2043,0.0
GLOBAL,PWRBIOCANQC01,2044,0.0
GLOBAL,PWRBIOCANQC01,2045,0.0
GLOBAL,PWRBIOCANQC01,2046,0.0
GLOBAL,PWRBIOCANQC01,2047,0.0
GLOBAL,PWRBIOCANQC01,2048,0.0
GLOBAL,PWRBIOCANQC01,2049,0.0
GLOBAL,PWRBIOCANQC01,2050,0.0
GLOBAL,PWRCCGCANQC00,2021,0.92
GLOBAL,PWRCCGCANQC00,2022,0.92
GLOBAL,PWRCCGCANQC00,2023,0.92
GLOBAL,PWRCCGCANQC00,2024,0.92
GLOBAL,PWRCCGCANQC00,2025,0.0
GLOBAL,PWRCCGCANQC00,2026,0.0
GLOBAL,PWRCCGCANQC00,2027,0.0
GLOBAL,PWRCCGCANQC00,2028,0.0
GLOBAL,PWRCCGCANQC00,2029,0.0
GLOBAL,PWRCCGCANQC00,2030,0.0
GLOBAL,PWRCCGCANQC00,2031,0.0
GLOBAL,PWRCCGCANQC00,2032,0.0
GLOBAL,PWRCCGCANQC00,2033,0.0
GLOBAL,PWRCCGCANQC00,2034,0.0
GLOBAL,PWRCCGCANQC00,2035,0.0
GLOBAL,PWRCCGCANQC00,2036,0.0
GLOBAL,PWRCCGCANQC00,2037,0.0
GLOBAL,PWRCCGCANQC00,2038,0.0
GLOBAL,PWRCCGCANQC00,2039,0.0
GLOBAL,PWRCCGCANQC00,2040,0.0
GLOBAL,PWRCCGCANQC00,2041,0.0
GLOBAL,PWRCCGCANQC00,2042,0.0
GLOBAL,PWRCCGCANQC00,2043,0.0
GLOBAL,PWRCCGCANQC00,2044,0.0
GLOBAL,PWRCCGCANQC00,2045,0.0
GLOBAL,PWRCCGCANQC00,2046,0.0
GLOBAL,PWRCCGCANQC00,2047,0.0
GLOBAL,PWRCCGCANQC00,2048,0.0
GLOBAL,PWRCCGCANQC00,2049,0.0
GLOBAL,PWRCCGCANQC00,2050,0.0
GLOBAL,PWRHYDCANQC01,2021,40.358
GLOBAL,PWRHYDCANQC01,2022,40.358
GLOBAL,PWRHYDCANQC01,2023,40.358
GLOBAL,PWRHYDCANQC01,2024,40.358
GLOBAL,PWRHYDCANQC01,2025,40.358
GLOBAL,PWRHYDCANQC01,2026,40.358
GLOBAL,PWRHYDCANQC01,2027,40.358
GLOBAL,PWRHYDCANQC01,2028,40.358
GLOBAL,PWRHYDCANQC01,2029,40.358
GLOBAL,PWRHYDCANQC01,2030,40.358
GLOBAL,PWRHYDCANQC01,2031,40.358
GLOBAL,PWRHYDCANQC01,2032,40.358
GLOBAL,PWRHYDCANQC01,2033,40.358
GLOBAL,PWRHYDCANQC01,2034,40.358
GLOBAL,PWRHYDCANQC01,2035,40.358
GLOBAL,PWRHYDCANQC01,2036,40.358
GLOBAL,PWRHYDCANQC01,2037,40.358
GLOBAL,PWRHYDCANQC01,2038,40.358
GLOBAL,PWRHYDCANQC01,2039,40.358
GLOBAL,PWRHYDCANQC01,2040,40.358
GLOBAL,PWRHYDCANQC01,2041,40.358
GLOBAL,PWRHYDCANQC01,2042,40.358
GLOBAL,PWRHYDCANQC01,2043,40.358
GLOBAL,PWRHYDCANQC01,2044,40.358
GLOBAL,PWRHYDCANQC01,2045,40.358
GLOBAL,PWRHYDCANQC01,2046,40.358
GLOBAL,PWRHYDCANQC01,2047,40.358
GLOBAL,PWRHYDCANQC01,2048,40.358
GLOBAL,PWRHYDCANQC01,2049,40.358
GLOBAL,PWRHYDCANQC01,2050,40.358
GLOBAL,PWRWONCANQC01,2021,3.517
GLOBAL,PWRWONCANQC01,2022,3.517
GLOBAL,PWRWONCANQC01,2023,3.517
GLOBAL,PWRWONCANQC01,2024,3.517
GLOBAL,PWRWONCANQC01,2025,3.517
GLOBAL,PWRWONCANQC01,2026,3.517
GLOBAL,PWRWONCANQC01,2027,3.517
GLOBAL,PWRWONCANQC01,2028,3.517
GLOBAL,PWRWONCANQC01,2029,3.517
GLOBAL,PWRWONCANQC01,2030,3.517
GLOBAL,PWRWONCANQC01,2031,3.517
GLOBAL,PWRWONCANQC01,2032,3.517
GLOBAL,PWRWONCANQC01,2033,3.517
GLOBAL,PWRWONCANQC01,2034,3.517
GLOBAL,PWRWONCANQC01,2035,3.517
GLOBAL,PWRWONCANQC01,2036,3.517
GLOBAL,PWRWONCANQC01,2037,3.517
GLOBAL,PWRWONCANQC01,2038,3.517
GLOBAL,PWRWONCANQC01,2039,3.517
GLOBAL,PWRWONCANQC01,2040,0.0
GLOBAL,PWRWONCANQC01,2041,0.0
GLOBAL,PWRWONCANQC01,2042,0.0
GLOBAL,PWRWONCANQC01,2043,0.0
GLOBAL,PWRWONCANQC01,2044,0.0
GLOBAL,PWRWONCANQC01,2045,0.0
GLOBAL,PWRWONCANQC01,2046,0.0
GLOBAL,PWRWONCANQC01,2047,0.0
GLOBAL,PWRWONCANQC01,2048,0.0
GLOBAL,PWRWONCANQC01,2049,0.0
GLOBAL,PWRWONCANQC01,2050,0.0
GLOBAL,PWRBIOCANSK01,2021,0.002
GLOBAL,PWRBIOCANSK01,2022,0.002
GLOBAL,PWRBIOCANSK01,2023,0.002
GLOBAL,PWRBIOCANSK01,2024,0.002
GLOBAL,PWRBIOCANSK01,2025,0.002
GLOBAL,PWRBIOCANSK01,2026,0.002
GLOBAL,PWRBIOCANSK01,2027,0.002
GLOBAL,PWRBIOCANSK01,2028,0.002
GLOBAL,PWRBIOCANSK01,2029,0.002
GLOBAL,PWRBIOCANSK01,2030,0.002
GLOBAL,PWRBIOCANSK01,2031,0.002
GLOBAL,PWRBIOCANSK01,2032,0.0
GLOBAL,PWRBIOCANSK01,2033,0.0
GLOBAL,PWRBIOCANSK01,2034,0.0
GLOBAL,PWRBIOCANSK01,2035,0.0
GLOBAL,PWRBIOCANSK01,2036,0.0
GLOBAL,PWRBIOCANSK01,2037,0.0
GLOBAL,PWRBIOCANSK01,2038,0.0
GLOBAL,PWRBIOCANSK01,2039,0.0
GLOBAL,PWRBIOCANSK01,2040,0.0
GLOBAL,PWRBIOCANSK01,2041,0.0
GLOBAL,PWRBIOCANSK01,2042,0.0
GLOBAL,PWRBIOCANSK01,2043,0.0
GLOBAL,PWRBIOCANSK01,2044,0.0
GLOBAL,PWRBIOCANSK01,2045,0.0
GLOBAL,PWRBIOCANSK01,2046,0.0
GLOBAL,PWRBIOCANSK01,2047,0.0
GLOBAL,PWRBIOCANSK01,2048,0.0
GLOBAL,PWRBIOCANSK01,2049,0.0
GLOBAL,PWRBIOCANSK01,2050,0.0
GLOBAL,PWRCCGCANSK00,2021,1.502
GLOBAL,PWRCCGCANSK00,2022,1.502
GLOBAL,PWRCCGCANSK00,2023,1.502
GLOBAL,PWRCCGCANSK00,2024,1.502
GLOBAL,PWRCCGCANSK00,2025,0.0
GLOBAL,PWRCCGCANSK00,2026,0.0
GLOBAL,PWRCCGCANSK00,2027,0.0
GLOBAL,PWRCCGCANSK00,2028,0.0
GLOBAL,PWRCCGCANSK00,2029,0.0
GLOBAL,PWRCCGCANSK00,2030,0.0
GLOBAL,PWRCCGCANSK00,2031,0.0
GLOBAL,PWRCCGCANSK00,2032,0.0
GLOBAL,PWRCCGCANSK00,2033,0.0
GLOBAL,PWRCCGCANSK00,2034,0.0
GLOBAL,PWRCCGCANSK00,2035,0.0
GLOBAL,PWRCCGCANSK00,2036,0.0
GLOBAL,PWRCCGCANSK00,2037,0.0
GLOBAL,PWRCCGCANSK00,2038,0.0
GLOBAL,PWRCCGCANSK00,2039,0.0
GLOBAL,PWRCCGCANSK00,2040,0.0
GLOBAL,PWRCCGCANSK00,2041,0.0
GLOBAL,PWRCCGCANSK00,2042,0.0
GLOBAL,PWRCCGCANSK00,2043,0.0
GLOBAL,PWRCCGCANSK00,2044,0.0
GLOBAL,PWRCCGCANSK00,2045,0.0
GLOBAL,PWRCCGCANSK00,2046,0.0
GLOBAL,PWRCCGCANSK00,2047,0.0
GLOBAL,PWRCCGCANSK00,2048,0.0
GLOBAL,PWRCCGCANSK00,2049,0.0
GLOBAL,PWRCCGCANSK00,2050,0.0
GLOBAL,PWRCOACANSK01,2021,1.53
GLOBAL,PWRCOACANSK01,2022,1.53
GLOBAL,PWRCOACANSK01,2023,1.53
GLOBAL,PWRCOACANSK01,2024,1.53
GLOBAL,PWRCOACANSK01,2025,1.53
GLOBAL,PWRCOACANSK01,2026,1.53
GLOBAL,PWRCOACANSK01,2027,1.53
GLOBAL,PWRCOACANSK01,2028,0.0
GLOBAL,PWRCOACANSK01,2029,0.0
GLOBAL,PWRCOACANSK01,2030,0.0
GLOBAL,PWRCOACANSK01,2031,0.0
GLOBAL,PWRCOACANSK01,2032,0.0
GLOBAL,PWRCOACANSK01,2033,0.0
GLOBAL,PWRCOACANSK01,2034,0.0
GLOBAL,PWRCOACANSK01,2035,0.0
GLOBAL,PWRCOACANSK01,2036,0.0
GLOBAL,PWRCOACANSK01,2037,0.0
GLOBAL,PWRCOACANSK01,2038,0.0
GLOBAL,PWRCOACANSK01,2039,0.0
GLOBAL,PWRCOACANSK01,2040,0.0
GLOBAL,PWRCOACANSK01,2041,0.0
GLOBAL,PWRCOACANSK01,2042,0.0
GLOBAL,PWRCOACANSK01,2043,0.0
GLOBAL,PWRCOACANSK01,2044,0.0
GLOBAL,PWRCOACANSK01,2045,0.0
GLOBAL,PWRCOACANSK01,2046,0.0
GLOBAL,PWRCOACANSK01,2047,0.0
GLOBAL,PWRCOACANSK01,2048,0.0
GLOBAL,PWRCOACANSK01,2049,0.0
GLOBAL,PWRCOACANSK01,2050,0.0
GLOBAL,PWRHYDCANSK01,2021,0.864
GLOBAL,PWRHYDCANSK01,2022,0.864
GLOBAL,PWRHYDCANSK01,2023,0.864
GLOBAL,PWRHYDCANSK01,2024,0.864
GLOBAL,PWRHYDCANSK01,2025,0.864
GLOBAL,PWRHYDCANSK01,2026,0.864
GLOBAL,PWRHYDCANSK01,2027,0.864
GLOBAL,PWRHYDCANSK01,2028,0.864
GLOBAL,PWRHYDCANSK01,2029,0.864
GLOBAL,PWRHYDCANSK01,2030,0.864
GLOBAL,PWRHYDCANSK01,2031,0.864
GLOBAL,PWRHYDCANSK01,2032,0.864
GLOBAL,PWRHYDCANSK01,2033,0.864
GLOBAL,PWRHYDCANSK01,2034,0.864
GLOBAL,PWRHYDCANSK01,2035,0.864
GLOBAL,PWRHYDCANSK01,2036,0.864
GLOBAL,PWRHYDCANSK01,2037,0.864
GLOBAL,PWRHYDCANSK01,2038,0.864
GLOBAL,PWRHYDCANSK01,2039,0.864
GLOBAL,PWRHYDCANSK01,2040,0.864
GLOBAL,PWRHYDCANSK01,2041,0.864
GLOBAL,PWRHYDCANSK01,2042,0.864
GLOBAL,PWRHYDCANSK01,2043,0.864
GLOBAL,PWRHYDCANSK01,2044,0.864
GLOBAL,PWRHYDCANSK01,2045,0.864
GLOBAL,PWRHYDCANSK01,2046,0.864
GLOBAL,PWRHYDCANSK01,2047,0.864
GLOBAL,PWRHYDCANSK01,2048,0.864
GLOBAL,PWRHYDCANSK01,2049,0.864
GLOBAL,PWRHYDCANSK01,2050,0.864
GLOBAL,PWROCGCANSK00,2021,0.256
GLOBAL,PWROCGCANSK00,2022,0.256
GLOBAL,PWROCGCANSK00,2023,0.256
GLOBAL,PWROCGCANSK00,2024,0.256
GLOBAL,PWROCGCANSK00,2025,0.256
GLOBAL,PWROCGCANSK00,2026,0.256
GLOBAL,PWROCGCANSK00,2027,0.256
GLOBAL,PWROCGCANSK00,2028,0.256
GLOBAL,PWROCGCANSK00,2029,0.177
GLOBAL,PWROCGCANSK00,2030,0.092
GLOBAL,PWROCGCANSK00,2031,0.092
GLOBAL,PWROCGCANSK00,2032,0.092
GLOBAL,PWROCGCANSK00,2033,0.092
GLOBAL,PWROCGCANSK00,2034,0.092
GLOBAL,PWROCGCANSK00,2035,0.092
GLOBAL,PWROCGCANSK00,2036,0.092
GLOBAL,PWROCGCANSK00,2037,0.092
GLOBAL,PWROCGCANSK00,2038,0.092
GLOBAL,PWROCGCANSK00,2039,0.092
GLOBAL,PWROCGCANSK00,2040,0.0
GLOBAL,PWROCGCANSK00,2041,0.0
GLOBAL,PWROCGCANSK00,2042,0.0
GLOBAL,PWROCGCANSK00,2043,0.0
GLOBAL,PWROCGCANSK00,2044,0.0
GLOBAL,PWROCGCANSK00,2045,0.0
GLOBAL,PWROCGCANSK00,2046,0.0
GLOBAL,PWROCGCANSK00,2047,0.0
GLOBAL,PWROCGCANSK00,2048,0.0
GLOBAL,PWROCGCANSK00,2049,0.0
GLOBAL,PWROCGCANSK00,2050,0.0
GLOBAL,PWRWONCANSK01,2021,0.22
GLOBAL,PWRWONCANSK01,2022,0.22
GLOBAL,PWRWONCANSK01,2023,0.22
GLOBAL,PWRWONCANSK01,2024,0.22
GLOBAL,PWRWONCANSK01,2025,0.22
GLOBAL,PWRWONCANSK01,2026,0.22
GLOBAL,PWRWONCANSK01,2027,0.22
GLOBAL,PWRWONCANSK01,2028,0.22
GLOBAL,PWRWONCANSK01,2029,0.22
GLOBAL,PWRWONCANSK01,2030,0.22
GLOBAL,PWRWONCANSK01,2031,0.22
GLOBAL,PWRWONCANSK01,2032,0.22
GLOBAL,PWRWONCANSK01,2033,0.22
GLOBAL,PWRWONCANSK01,2034,0.22
GLOBAL,PWRWONCANSK01,2035,0.22
GLOBAL,PWRWONCANSK01,2036,0.22
GLOBAL,PWRWONCANSK01,2037,0.22
GLOBAL,PWRWONCANSK01,2038,0.22
GLOBAL,PWRWONCANSK01,2039,0.22
GLOBAL,PWRWONCANSK01,2040,0.0
GLOBAL,PWRWONCANSK01,2041,0.0
GLOBAL,PWRWONCANSK01,2042,0.0
GLOBAL,PWRWONCANSK01,2043,0.0
GLOBAL,PWRWONCANSK01,2044,0.0
GLOBAL,PWRWONCANSK01,2045,0.0
GLOBAL,PWRWONCANSK01,2046,0.0
GLOBAL,PWRWONCANSK01,2047,0.0
GLOBAL,PWRWONCANSK01,2048,0.0
GLOBAL,PWRWONCANSK01,2049,0.0
GLOBAL,PWRWONCANSK01,2050,0.0
GLOBAL,PWRBIOCHEXX01,2021,0.451
GLOBAL,PWRBIOCHEXX01,2022,0.451
GLOBAL,PWRBIOCHEXX01,2023,0.451
GLOBAL,PWRBIOCHEXX01,2024,0.451
GLOBAL,PWRBIOCHEXX01,2025,0.451
GLOBAL,PWRBIOCHEXX01,2026,0.451
GLOBAL,PWRBIOCHEXX01,2027,0.451
GLOBAL,PWRBIOCHEXX01,2028,0.451
GLOBAL,PWRBIOCHEXX01,2029,0.451
GLOBAL,PWRBIOCHEXX01,2030,0.451
GLOBAL,PWRBIOCHEXX01,2031,0.451
GLOBAL,PWRBIOCHEXX01,2032,0.0
GLOBAL,PWRBIOCHEXX01,2033,0.0
GLOBAL,PWRBIOCHEXX01,2034,0.0
GLOBAL,PWRBIOCHEXX01,2035,0.0
GLOBAL,PWRBIOCHEXX01,2036,0.0
GLOBAL,PWRBIOCHEXX01,2037,0.0
GLOBAL,PWRBIOCHEXX01,2038,0.0
GLOBAL,PWRBIOCHEXX01,2039,0.0
GLOBAL,PWRBIOCHEXX01,2040,0.0
GLOBAL,PWRBIOCHEXX01,2041,0.0
GLOBAL,PWRBIOCHEXX01,2042,0.0
GLOBAL,PWRBIOCHEXX01,2043,0.0
GLOBAL,PWRBIOCHEXX01,2044,0.0
GLOBAL,PWRBIOCHEXX01,2045,0.0
GLOBAL,PWRBIOCHEXX01,2046,0.0
GLOBAL,PWRBIOCHEXX01,2047,0.0
GLOBAL,PWRBIOCHEXX01,2048,0.0
GLOBAL,PWRBIOCHEXX01,2049,0.0
GLOBAL,PWRBIOCHEXX01,2050,0.0
GLOBAL,PWRCCGCHEXX00,2021,0.28
GLOBAL,PWRCCGCHEXX00,2022,0.28
GLOBAL,PWRCCGCHEXX00,2023,0.28
GLOBAL,PWRCCGCHEXX00,2024,0.28
GLOBAL,PWRCCGCHEXX00,2025,0.0
GLOBAL,PWRCCGCHEXX00,2026,0.0
GLOBAL,PWRCCGCHEXX00,2027,0.0
GLOBAL,PWRCCGCHEXX00,2028,0.0
GLOBAL,PWRCCGCHEXX00,2029,0.0
GLOBAL,PWRCCGCHEXX00,2030,0.0
GLOBAL,PWRCCGCHEXX00,2031,0.0
GLOBAL,PWRCCGCHEXX00,2032,0.0
GLOBAL,PWRCCGCHEXX00,2033,0.0
GLOBAL,PWRCCGCHEXX00,2034,0.0
GLOBAL,PWRCCGCHEXX00,2035,0.0
GLOBAL,PWRCCGCHEXX00,2036,0.0
GLOBAL,PWRCCGCHEXX00,2037,0.0
GLOBAL,PWRCCGCHEXX00,2038,0.0
GLOBAL,PWRCCGCHEXX00,2039,0.0
GLOBAL,PWRCCGCHEXX00,2040,0.0
GLOBAL,PWRCCGCHEXX00,2041,0.0
GLOBAL,PWRCCGCHEXX00,2042,0.0
GLOBAL,PWRCCGCHEXX00,2043,0.0
GLOBAL,PWRCCGCHEXX00,2044,0.0
GLOBAL,PWRCCGCHEXX00,2045,0.0
GLOBAL,PWRCCGCHEXX00,2046,0.0
GLOBAL,PWRCCGCHEXX00,2047,0.0
GLOBAL,PWRCCGCHEXX00,2048,0.0
GLOBAL,PWRCCGCHEXX00,2049,0.0
GLOBAL,PWRCCGCHEXX00,2050,0.0
GLOBAL,PWRCOACHEXX01,2021,0.26
GLOBAL,PWRCOACHEXX01,2022,0.26
GLOBAL,PWRCOACHEXX01,2023,0.26
GLOBAL,PWRCOACHEXX01,2024,0.26
GLOBAL,PWRCOACHEXX01,2025,0.26
GLOBAL,PWRCOACHEXX01,2026,0.26
GLOBAL,PWRCOACHEXX01,2027,0.26
GLOBAL,PWRCOACHEXX01,2028,0.0
GLOBAL,PWRCOACHEXX01,2029,0.0
GLOBAL,PWRCOACHEXX01,2030,0.0
GLOBAL,PWRCOACHEXX01,2031,0.0
GLOBAL,PWRCOACHEXX01,2032,0.0
GLOBAL,PWRCOACHEXX01,2033,0.0
GLOBAL,PWRCOACHEXX01,2034,0.0
GLOBAL,PWRCOACHEXX01,2035,0.0
GLOBAL,PWRCOACHEXX01,2036,0.0
GLOBAL,PWRCOACHEXX01,2037,0.0
GLOBAL,PWRCOACHEXX01,2038,0.0
GLOBAL,PWRCOACHEXX01,2039,0.0
GLOBAL,PWRCOACHEXX01,2040,0.0
GLOBAL,PWRCOACHEXX01,2041,0.0
GLOBAL,PWRCOACHEXX01,2042,0.0
GLOBAL,PWRCOACHEXX01,2043,0.0
GLOBAL,PWRCOACHEXX01,2044,0.0
GLOBAL,PWRCOACHEXX01,2045,0.0
GLOBAL,PWRCOACHEXX01,2046,0.0
GLOBAL,PWRCOACHEXX01,2047,0.0
GLOBAL,PWRCOACHEXX01,2048,0.0
GLOBAL,PWRCOACHEXX01,2049,0.0
GLOBAL,PWRCOACHEXX01,2050,0.0
GLOBAL,PWRHYDCHEXX01,2021,12.9692
GLOBAL,PWRHYDCHEXX01,2022,12.9152
GLOBAL,PWRHYDCHEXX01,2023,12.9152
GLOBAL,PWRHYDCHEXX01,2024,12.7942
GLOBAL,PWRHYDCHEXX01,2025,12.7942
GLOBAL,PWRHYDCHEXX01,2026,12.7092
GLOBAL,PWRHYDCHEXX01,2027,12.5782
GLOBAL,PWRHYDCHEXX01,2028,12.4622
GLOBAL,PWRHYDCHEXX01,2029,12.4522
GLOBAL,PWRHYDCHEXX01,2030,12.4522
GLOBAL,PWRHYDCHEXX01,2031,12.4422
GLOBAL,PWRHYDCHEXX01,2032,12.4302
GLOBAL,PWRHYDCHEXX01,2033,12.2572
GLOBAL,PWRHYDCHEXX01,2034,11.6042
GLOBAL,PWRHYDCHEXX01,2035,11.6042
GLOBAL,PWRHYDCHEXX01,2036,11.5612
GLOBAL,PWRHYDCHEXX01,2037,11.5612
GLOBAL,PWRHYDCHEXX01,2038,11.4172
GLOBAL,PWRHYDCHEXX01,2039,11.4172
GLOBAL,PWRHYDCHEXX01,2040,11.4172
GLOBAL,PWRHYDCHEXX01,2041,11.4132
GLOBAL,PWRHYDCHEXX01,2042,11.3722
GLOBAL,PWRHYDCHEXX01,2043,11.3722
GLOBAL,PWRHYDCHEXX01,2044,11.2692
GLOBAL,PWRHYDCHEXX01,2045,11.2632
GLOBAL,PWRHYDCHEXX01,2046,11.2562
GLOBAL,PWRHYDCHEXX01,2047,11.2552
GLOBAL,PWRHYDCHEXX01,2048,11.1952
GLOBAL,PWRHYDCHEXX01,2049,11.1902
GLOBAL,PWRHYDCHEXX01,2050,11.1642
GLOBAL,PWROILCHEXX01,2021,0.09
GLOBAL,PWROILCHEXX01,2022,0.09
GLOBAL,PWROILCHEXX01,2023,0.09
GLOBAL,PWROILCHEXX01,2024,0.09
GLOBAL,PWROILCHEXX01,2025,0.09
GLOBAL,PWROILCHEXX01,2026,0.09
GLOBAL,PWROILCHEXX01,2027,0.0
GLOBAL,PWROILCHEXX01,2028,0.0
GLOBAL,PWROILCHEXX01,2029,0.0
GLOBAL,PWROILCHEXX01,2030,0.0
GLOBAL,PWROILCHEXX01,2031,0.0
GLOBAL,PWROILCHEXX01,2032,0.0
GLOBAL,PWROILCHEXX01,2033,0.0
GLOBAL,PWROILCHEXX01,2034,0.0
GLOBAL,PWROILCHEXX01,2035,0.0
GLOBAL,PWROILCHEXX01,2036,0.0
GLOBAL,PWROILCHEXX01,2037,0.0
GLOBAL,PWROILCHEXX01,2038,0.0
GLOBAL,PWROILCHEXX01,2039,0.0
GLOBAL,PWROILCHEXX01,2040,0.0
GLOBAL,PWROILCHEXX01,2041,0.0
GLOBAL,PWROILCHEXX01,2042,0.0
GLOBAL,PWROILCHEXX01,2043,0.0
GLOBAL,PWROILCHEXX01,2044,0.0
GLOBAL,PWROILCHEXX01,2045,0.0
GLOBAL,PWROILCHEXX01,2046,0.0
GLOBAL,PWROILCHEXX01,2047,0.0
GLOBAL,PWROILCHEXX01,2048,0.0
GLOBAL,PWROILCHEXX01,2049,0.0
GLOBAL,PWROILCHEXX01,2050,0.0
GLOBAL,PWRSPVCHEXX01,2021,1.394
GLOBAL,PWRSPVCHEXX01,2022,1.394
GLOBAL,PWRSPVCHEXX01,2023,1.394
GLOBAL,PWRSPVCHEXX01,2024,1.394
GLOBAL,PWRSPVCHEXX01,2025,1.394
GLOBAL,PWRSPVCHEXX01,2026,1.394
GLOBAL,PWRSPVCHEXX01,2027,1.394
GLOBAL,PWRSPVCHEXX01,2028,1.394
GLOBAL,PWRSPVCHEXX01,2029,1.394
GLOBAL,PWRSPVCHEXX01,2030,1.394
GLOBAL,PWRSPVCHEXX01,2031,1.394
GLOBAL,PWRSPVCHEXX01,2032,1.394
GLOBAL,PWRSPVCHEXX01,2033,1.394
GLOBAL,PWRSPVCHEXX01,2034,1.394
GLOBAL,PWRSPVCHEXX01,2035,1.394
GLOBAL,PWRSPVCHEXX01,2036,1.394
GLOBAL,PWRSPVCHEXX01,2037,1.394
GLOBAL,PWRSPVCHEXX01,2038,1.394
GLOBAL,PWRSPVCHEXX01,2039,1.394
GLOBAL,PWRSPVCHEXX01,2040,1.394
GLOBAL,PWRSPVCHEXX01,2041,1.394
GLOBAL,PWRSPVCHEXX01,2042,1.394
GLOBAL,PWRSPVCHEXX01,2043,1.394
GLOBAL,PWRSPVCHEXX01,2044,1.394
GLOBAL,PWRSPVCHEXX01,2045,0.0
GLOBAL,PWRSPVCHEXX01,2046,0.0
GLOBAL,PWRSPVCHEXX01,2047,0.0
GLOBAL,PWRSPVCHEXX01,2048,0.0
GLOBAL,PWRSPVCHEXX01,2049,0.0
GLOBAL,PWRSPVCHEXX01,2050,0.0
GLOBAL,PWRURNCHEXX01,2021,3.431
GLOBAL,PWRURNCHEXX01,2022,3.431
GLOBAL,PWRURNCHEXX01,2023,3.431
GLOBAL,PWRURNCHEXX01,2024,3.431
GLOBAL,PWRURNCHEXX01,2025,3.431
GLOBAL,PWRURNCHEXX01,2026,3.431
GLOBAL,PWRURNCHEXX01,2027,3.431
GLOBAL,PWRURNCHEXX01,2028,3.431
GLOBAL,PWRURNCHEXX01,2029,3.431
GLOBAL,PWRURNCHEXX01,2030,3.431
GLOBAL,PWRURNCHEXX01,2031,3.431
GLOBAL,PWRURNCHEXX01,2032,3.431
GLOBAL,PWRURNCHEXX01,2033,3.041
GLOBAL,PWRURNCHEXX01,2034,3.041
GLOBAL,PWRURNCHEXX01,2035,3.041
GLOBAL,PWRURNCHEXX01,2036,3.041
GLOBAL,PWRURNCHEXX01,2037,3.041
GLOBAL,PWRURNCHEXX01,2038,3.041
GLOBAL,PWRURNCHEXX01,2039,3.041
GLOBAL,PWRURNCHEXX01,2040,2.005
GLOBAL,PWRURNCHEXX01,2041,2.005
GLOBAL,PWRURNCHEXX01,2042,2.005
GLOBAL,PWRURNCHEXX01,2043,2.005
GLOBAL,PWRURNCHEXX01,2044,2.005
GLOBAL,PWRURNCHEXX01,2045,0.0
GLOBAL,PWRURNCHEXX01,2046,0.0
GLOBAL,PWRURNCHEXX01,2047,0.0
GLOBAL,PWRURNCHEXX01,2048,0.0
GLOBAL,PWRURNCHEXX01,2049,0.0
GLOBAL,PWRURNCHEXX01,2050,0.0
GLOBAL,PWRWONCHEXX01,2021,0.06
GLOBAL,PWRWONCHEXX01,2022,0.06
GLOBAL,PWRWONCHEXX01,2023,0.06
GLOBAL,PWRWONCHEXX01,2024,0.06
GLOBAL,PWRWONCHEXX01,2025,0.06
GLOBAL,PWRWONCHEXX01,2026,0.06
GLOBAL,PWRWONCHEXX01,2027,0.06
GLOBAL,PWRWONCHEXX01,2028,0.06
GLOBAL,PWRWONCHEXX01,2029,0.06
GLOBAL,PWRWONCHEXX01,2030,0.06
GLOBAL,PWRWONCHEXX01,2031,0.06
GLOBAL,PWRWONCHEXX01,2032,0.06
GLOBAL,PWRWONCHEXX01,2033,0.06
GLOBAL,PWRWONCHEXX01,2034,0.06
GLOBAL,PWRWONCHEXX01,2035,0.06
GLOBAL,PWRWONCHEXX01,2036,0.06
GLOBAL,PWRWONCHEXX01,2037,0.06
GLOBAL,PWRWONCHEXX01,2038,0.06
GLOBAL,PWRWONCHEXX01,2039,0.06
GLOBAL,PWRWONCHEXX01,2040,0.0
GLOBAL,PWRWONCHEXX01,2041,0.0
GLOBAL,PWRWONCHEXX01,2042,0.0
GLOBAL,PWRWONCHEXX01,2043,0.0
GLOBAL,PWRWONCHEXX01,2044,0.0
GLOBAL,PWRWONCHEXX01,2045,0.0
GLOBAL,PWRWONCHEXX01,2046,0.0
GLOBAL,PWRWONCHEXX01,2047,0.0
GLOBAL,PWRWONCHEXX01,2048,0.0
GLOBAL,PWRWONCHEXX01,2049,0.0
GLOBAL,PWRWONCHEXX01,2050,0.0
GLOBAL,PWRBIOCHLXX01,2021,0.4661
GLOBAL,PWRBIOCHLXX01,2022,0.4661
GLOBAL,PWRBIOCHLXX01,2023,0.4661
GLOBAL,PWRBIOCHLXX01,2024,0.4661
GLOBAL,PWRBIOCHLXX01,2025,0.4661
GLOBAL,PWRBIOCHLXX01,2026,0.4661
GLOBAL,PWRBIOCHLXX01,2027,0.4661
GLOBAL,PWRBIOCHLXX01,2028,0.4661
GLOBAL,PWRBIOCHLXX01,2029,0.4661
GLOBAL,PWRBIOCHLXX01,2030,0.4661
GLOBAL,PWRBIOCHLXX01,2031,0.4661
GLOBAL,PWRBIOCHLXX01,2032,0.0
GLOBAL,PWRBIOCHLXX01,2033,0.0
GLOBAL,PWRBIOCHLXX01,2034,0.0
GLOBAL,PWRBIOCHLXX01,2035,0.0
GLOBAL,PWRBIOCHLXX01,2036,0.0
GLOBAL,PWRBIOCHLXX01,2037,0.0
GLOBAL,PWRBIOCHLXX01,2038,0.0
GLOBAL,PWRBIOCHLXX01,2039,0.0
GLOBAL,PWRBIOCHLXX01,2040,0.0
GLOBAL,PWRBIOCHLXX01,2041,0.0
GLOBAL,PWRBIOCHLXX01,2042,0.0
GLOBAL,PWRBIOCHLXX01,2043,0.0
GLOBAL,PWRBIOCHLXX01,2044,0.0
GLOBAL,PWRBIOCHLXX01,2045,0.0
GLOBAL,PWRBIOCHLXX01,2046,0.0
GLOBAL,PWRBIOCHLXX01,2047,0.0
GLOBAL,PWRBIOCHLXX01,2048,0.0
GLOBAL,PWRBIOCHLXX01,2049,0.0
GLOBAL,PWRBIOCHLXX01,2050,0.0
GLOBAL,PWRCCGCHLXX00,2021,4.8789
GLOBAL,PWRCCGCHLXX00,2022,4.8789
GLOBAL,PWRCCGCHLXX00,2023,4.8789
GLOBAL,PWRCCGCHLXX00,2024,4.8789
GLOBAL,PWRCCGCHLXX00,2025,0.0
GLOBAL,PWRCCGCHLXX00,2026,0.0
GLOBAL,PWRCCGCHLXX00,2027,0.0
GLOBAL,PWRCCGCHLXX00,2028,0.0
GLOBAL,PWRCCGCHLXX00,2029,0.0
GLOBAL,PWRCCGCHLXX00,2030,0.0
GLOBAL,PWRCCGCHLXX00,2031,0.0
GLOBAL,PWRCCGCHLXX00,2032,0.0
GLOBAL,PWRCCGCHLXX00,2033,0.0
GLOBAL,PWRCCGCHLXX00,2034,0.0
GLOBAL,PWRCCGCHLXX00,2035,0.0
GLOBAL,PWRCCGCHLXX00,2036,0.0
GLOBAL,PWRCCGCHLXX00,2037,0.0
GLOBAL,PWRCCGCHLXX00,2038,0.0
GLOBAL,PWRCCGCHLXX00,2039,0.0
GLOBAL,PWRCCGCHLXX00,2040,0.0
GLOBAL,PWRCCGCHLXX00,2041,0.0
GLOBAL,PWRCCGCHLXX00,2042,0.0
GLOBAL,PWRCCGCHLXX00,2043,0.0
GLOBAL,PWRCCGCHLXX00,2044,0.0
GLOBAL,PWRCCGCHLXX00,2045,0.0
GLOBAL,PWRCCGCHLXX00,2046,0.0
GLOBAL,PWRCCGCHLXX00,2047,0.0
GLOBAL,PWRCCGCHLXX00,2048,0.0
GLOBAL,PWRCCGCHLXX00,2049,0.0
GLOBAL,PWRCCGCHLXX00,2050,0.0
GLOBAL,PWRCOACHLXX01,2021,4.835
GLOBAL,PWRCOACHLXX01,2022,4.835
GLOBAL,PWRCOACHLXX01,2023,4.835
GLOBAL,PWRCOACHLXX01,2024,4.835
GLOBAL,PWRCOACHLXX01,2025,4.835
GLOBAL,PWRCOACHLXX01,2026,4.835
GLOBAL,PWRCOACHLXX01,2027,4.835
GLOBAL,PWRCOACHLXX01,2028,0.342
GLOBAL,PWRCOACHLXX01,2029,0.342
GLOBAL,PWRCOACHLXX01,2030,0.0
GLOBAL,PWRCOACHLXX01,2031,0.0
GLOBAL,PWRCOACHLXX01,2032,0.0
GLOBAL,PWRCOACHLXX01,2033,0.0
GLOBAL,PWRCOACHLXX01,2034,0.0
GLOBAL,PWRCOACHLXX01,2035,0.0
GLOBAL,PWRCOACHLXX01,2036,0.0
GLOBAL,PWRCOACHLXX01,2037,0.0
GLOBAL,PWRCOACHLXX01,2038,0.0
GLOBAL,PWRCOACHLXX01,2039,0.0
GLOBAL,PWRCOACHLXX01,2040,0.0
GLOBAL,PWRCOACHLXX01,2041,0.0
GLOBAL,PWRCOACHLXX01,2042,0.0
GLOBAL,PWRCOACHLXX01,2043,0.0
GLOBAL,PWRCOACHLXX01,2044,0.0
GLOBAL,PWRCOACHLXX01,2045,0.0
GLOBAL,PWRCOACHLXX01,2046,0.0
GLOBAL,PWRCOACHLXX01,2047,0.0
GLOBAL,PWRCOACHLXX01,2048,0.0
GLOBAL,PWRCOACHLXX01,2049,0.0
GLOBAL,PWRCOACHLXX01,2050,0.0
GLOBAL,PWRHYDCHLXX01,2021,6.499
GLOBAL,PWRHYDCHLXX01,2022,6.499
GLOBAL,PWRHYDCHLXX01,2023,6.499
GLOBAL,PWRHYDCHLXX01,2024,6.499
GLOBAL,PWRHYDCHLXX01,2025,6.499
GLOBAL,PWRHYDCHLXX01,2026,6.499
GLOBAL,PWRHYDCHLXX01,2027,6.499
GLOBAL,PWRHYDCHLXX01,2028,6.499
GLOBAL,PWRHYDCHLXX01,2029,6.499
GLOBAL,PWRHYDCHLXX01,2030,6.499
GLOBAL,PWRHYDCHLXX01,2031,6.499
GLOBAL,PWRHYDCHLXX01,2032,6.499
GLOBAL,PWRHYDCHLXX01,2033,6.499
GLOBAL,PWRHYDCHLXX01,2034,6.499
GLOBAL,PWRHYDCHLXX01,2035,6.499
GLOBAL,PWRHYDCHLXX01,2036,6.499
GLOBAL,PWRHYDCHLXX01,2037,6.499
GLOBAL,PWRHYDCHLXX01,2038,6.499
GLOBAL,PWRHYDCHLXX01,2039,6.499
GLOBAL,PWRHYDCHLXX01,2040,6.499
GLOBAL,PWRHYDCHLXX01,2041,6.499
GLOBAL,PWRHYDCHLXX01,2042,6.499
GLOBAL,PWRHYDCHLXX01,2043,6.499
GLOBAL,PWRHYDCHLXX01,2044,6.499
GLOBAL,PWRHYDCHLXX01,2045,6.499
GLOBAL,PWRHYDCHLXX01,2046,6.499
GLOBAL,PWRHYDCHLXX01,2047,6.499
GLOBAL,PWRHYDCHLXX01,2048,6.499
GLOBAL,PWRHYDCHLXX01,2049,6.499
GLOBAL,PWRHYDCHLXX01,2050,6.499
GLOBAL,PWROCGCHLXX00,2021,0.072
GLOBAL,PWROCGCHLXX00,2022,0.072
GLOBAL,PWROCGCHLXX00,2023,0.072
GLOBAL,PWROCGCHLXX00,2024,0.072
GLOBAL,PWROCGCHLXX00,2025,0.0
GLOBAL,PWROCGCHLXX00,2026,0.0
GLOBAL,PWROCGCHLXX00,2027,0.0
GLOBAL,PWROCGCHLXX00,2028,0.0
GLOBAL,PWROCGCHLXX00,2029,0.0
GLOBAL,PWROCGCHLXX00,2030,0.0
GLOBAL,PWROCGCHLXX00,2031,0.0
GLOBAL,PWROCGCHLXX00,2032,0.0
GLOBAL,PWROCGCHLXX00,2033,0.0
GLOBAL,PWROCGCHLXX00,2034,0.0
GLOBAL,PWROCGCHLXX00,2035,0.0
GLOBAL,PWROCGCHLXX00,2036,0.0
GLOBAL,PWROCGCHLXX00,2037,0.0
GLOBAL,PWROCGCHLXX00,2038,0.0
GLOBAL,PWROCGCHLXX00,2039,0.0
GLOBAL,PWROCGCHLXX00,2040,0.0
GLOBAL,PWROCGCHLXX00,2041,0.0
GLOBAL,PWROCGCHLXX00,2042,0.0
GLOBAL,PWROCGCHLXX00,2043,0.0
GLOBAL,PWROCGCHLXX00,2044,0.0
GLOBAL,PWROCGCHLXX00,2045,0.0
GLOBAL,PWROCGCHLXX00,2046,0.0
GLOBAL,PWROCGCHLXX00,2047,0.0
GLOBAL,PWROCGCHLXX00,2048,0.0
GLOBAL,PWROCGCHLXX00,2049,0.0
GLOBAL,PWROCGCHLXX00,2050,0.0
GLOBAL,PWROILCHLXX01,2021,3.3522
GLOBAL,PWROILCHLXX01,2022,3.3522
GLOBAL,PWROILCHLXX01,2023,3.3522
GLOBAL,PWROILCHLXX01,2024,3.3522
GLOBAL,PWROILCHLXX01,2025,3.3522
GLOBAL,PWROILCHLXX01,2026,3.3522
GLOBAL,PWROILCHLXX01,2027,0.0
GLOBAL,PWROILCHLXX01,2028,0.0
GLOBAL,PWROILCHLXX01,2029,0.0
GLOBAL,PWROILCHLXX01,2030,0.0
GLOBAL,PWROILCHLXX01,2031,0.0
GLOBAL,PWROILCHLXX01,2032,0.0
GLOBAL,PWROILCHLXX01,2033,0.0
GLOBAL,PWROILCHLXX01,2034,0.0
GLOBAL,PWROILCHLXX01,2035,0.0
GLOBAL,PWROILCHLXX01,2036,0.0
GLOBAL,PWROILCHLXX01,2037,0.0
GLOBAL,PWROILCHLXX01,2038,0.0
GLOBAL,PWROILCHLXX01,2039,0.0
GLOBAL,PWROILCHLXX01,2040,0.0
GLOBAL,PWROILCHLXX01,2041,0.0
GLOBAL,PWROILCHLXX01,2042,0.0
GLOBAL,PWROILCHLXX01,2043,0.0
GLOBAL,PWROILCHLXX01,2044,0.0
GLOBAL,PWROILCHLXX01,2045,0.0
GLOBAL,PWROILCHLXX01,2046,0.0
GLOBAL,PWROILCHLXX01,2047,0.0
GLOBAL,PWROILCHLXX01,2048,0.0
GLOBAL,PWROILCHLXX01,2049,0.0
GLOBAL,PWROILCHLXX01,2050,0.0
GLOBAL,PWRPETCHLXX01,2021,0.063
GLOBAL,PWRPETCHLXX01,2022,0.063
GLOBAL,PWRPETCHLXX01,2023,0.063
GLOBAL,PWRPETCHLXX01,2024,0.063
GLOBAL,PWRPETCHLXX01,2025,0.063
GLOBAL,PWRPETCHLXX01,2026,0.063
GLOBAL,PWRPETCHLXX01,2027,0.063
GLOBAL,PWRPETCHLXX01,2028,0.063
GLOBAL,PWRPETCHLXX01,2029,0.063
GLOBAL,PWRPETCHLXX01,2030,0.063
GLOBAL,PWRPETCHLXX01,2031,0.063
GLOBAL,PWRPETCHLXX01,2032,0.063
GLOBAL,PWRPETCHLXX01,2033,0.063
GLOBAL,PWRPETCHLXX01,2034,0.0
GLOBAL,PWRPETCHLXX01,2035,0.0
GLOBAL,PWRPETCHLXX01,2036,0.0
GLOBAL,PWRPETCHLXX01,2037,0.0
GLOBAL,PWRPETCHLXX01,2038,0.0
GLOBAL,PWRPETCHLXX01,2039,0.0
GLOBAL,PWRPETCHLXX01,2040,0.0
GLOBAL,PWRPETCHLXX01,2041,0.0
GLOBAL,PWRPETCHLXX01,2042,0.0
GLOBAL,PWRPETCHLXX01,2043,0.0
GLOBAL,PWRPETCHLXX01,2044,0.0
GLOBAL,PWRPETCHLXX01,2045,0.0
GLOBAL,PWRPETCHLXX01,2046,0.0
GLOBAL,PWRPETCHLXX01,2047,0.0
GLOBAL,PWRPETCHLXX01,2048,0.0
GLOBAL,PWRPETCHLXX01,2049,0.0
GLOBAL,PWRPETCHLXX01,2050,0.0
GLOBAL,PWRSPVCHLXX01,2021,0.6182
GLOBAL,PWRSPVCHLXX01,2022,0.6182
GLOBAL,PWRSPVCHLXX01,2023,0.6182
GLOBAL,PWRSPVCHLXX01,2024,0.6182
GLOBAL,PWRSPVCHLXX01,2025,0.6182
GLOBAL,PWRSPVCHLXX01,2026,0.6182
GLOBAL,PWRSPVCHLXX01,2027,0.6182
GLOBAL,PWRSPVCHLXX01,2028,0.6182
GLOBAL,PWRSPVCHLXX01,2029,0.6182
GLOBAL,PWRSPVCHLXX01,2030,0.6182
GLOBAL,PWRSPVCHLXX01,2031,0.6182
GLOBAL,PWRSPVCHLXX01,2032,0.6182
GLOBAL,PWRSPVCHLXX01,2033,0.6182
GLOBAL,PWRSPVCHLXX01,2034,0.6182
GLOBAL,PWRSPVCHLXX01,2035,0.6182
GLOBAL,PWRSPVCHLXX01,2036,0.6182
GLOBAL,PWRSPVCHLXX01,2037,0.6182
GLOBAL,PWRSPVCHLXX01,2038,0.6182
GLOBAL,PWRSPVCHLXX01,2039,0.6182
GLOBAL,PWRSPVCHLXX01,2040,0.6182
GLOBAL,PWRSPVCHLXX01,2041,0.6182
GLOBAL,PWRSPVCHLXX01,2042,0.6182
GLOBAL,PWRSPVCHLXX01,2043,0.6182
GLOBAL,PWRSPVCHLXX01,2044,0.6182
GLOBAL,PWRSPVCHLXX01,2045,0.0
GLOBAL,PWRSPVCHLXX01,2046,0.0
GLOBAL,PWRSPVCHLXX01,2047,0.0
GLOBAL,PWRSPVCHLXX01,2048,0.0
GLOBAL,PWRSPVCHLXX01,2049,0.0
GLOBAL,PWRSPVCHLXX01,2050,0.0
GLOBAL,PWRWONCHLXX01,2021,0.9092
GLOBAL,PWRWONCHLXX01,2022,0.9092
GLOBAL,PWRWONCHLXX01,2023,0.9092
GLOBAL,PWRWONCHLXX01,2024,0.9092
GLOBAL,PWRWONCHLXX01,2025,0.9092
GLOBAL,PWRWONCHLXX01,2026,0.9092
GLOBAL,PWRWONCHLXX01,2027,0.9092
GLOBAL,PWRWONCHLXX01,2028,0.9092
GLOBAL,PWRWONCHLXX01,2029,0.9092
GLOBAL,PWRWONCHLXX01,2030,0.9092
GLOBAL,PWRWONCHLXX01,2031,0.9092
GLOBAL,PWRWONCHLXX01,2032,0.9092
GLOBAL,PWRWONCHLXX01,2033,0.9092
GLOBAL,PWRWONCHLXX01,2034,0.9092
GLOBAL,PWRWONCHLXX01,2035,0.9092
GLOBAL,PWRWONCHLXX01,2036,0.9092
GLOBAL,PWRWONCHLXX01,2037,0.9092
GLOBAL,PWRWONCHLXX01,2038,0.9092
GLOBAL,PWRWONCHLXX01,2039,0.9092
GLOBAL,PWRWONCHLXX01,2040,0.0
GLOBAL,PWRWONCHLXX01,2041,0.0
GLOBAL,PWRWONCHLXX01,2042,0.0
GLOBAL,PWRWONCHLXX01,2043,0.0
GLOBAL,PWRWONCHLXX01,2044,0.0
GLOBAL,PWRWONCHLXX01,2045,0.0
GLOBAL,PWRWONCHLXX01,2046,0.0
GLOBAL,PWRWONCHLXX01,2047,0.0
GLOBAL,PWRWONCHLXX01,2048,0.0
GLOBAL,PWRWONCHLXX01,2049,0.0
GLOBAL,PWRWONCHLXX01,2050,0.0
GLOBAL,PWRBIOCHNAN01,2021,0.4048
GLOBAL,PWRBIOCHNAN01,2022,0.4048
GLOBAL,PWRBIOCHNAN01,2023,0.4048
GLOBAL,PWRBIOCHNAN01,2024,0.4048
GLOBAL,PWRBIOCHNAN01,2025,0.4048
GLOBAL,PWRBIOCHNAN01,2026,0.4048
GLOBAL,PWRBIOCHNAN01,2027,0.4048
GLOBAL,PWRBIOCHNAN01,2028,0.4048
GLOBAL,PWRBIOCHNAN01,2029,0.4048
GLOBAL,PWRBIOCHNAN01,2030,0.4048
GLOBAL,PWRBIOCHNAN01,2031,0.4048
GLOBAL,PWRBIOCHNAN01,2032,0.0
GLOBAL,PWRBIOCHNAN01,2033,0.0
GLOBAL,PWRBIOCHNAN01,2034,0.0
GLOBAL,PWRBIOCHNAN01,2035,0.0
GLOBAL,PWRBIOCHNAN01,2036,0.0
GLOBAL,PWRBIOCHNAN01,2037,0.0
GLOBAL,PWRBIOCHNAN01,2038,0.0
GLOBAL,PWRBIOCHNAN01,2039,0.0
GLOBAL,PWRBIOCHNAN01,2040,0.0
GLOBAL,PWRBIOCHNAN01,2041,0.0
GLOBAL,PWRBIOCHNAN01,2042,0.0
GLOBAL,PWRBIOCHNAN01,2043,0.0
GLOBAL,PWRBIOCHNAN01,2044,0.0
GLOBAL,PWRBIOCHNAN01,2045,0.0
GLOBAL,PWRBIOCHNAN01,2046,0.0
GLOBAL,PWRBIOCHNAN01,2047,0.0
GLOBAL,PWRBIOCHNAN01,2048,0.0
GLOBAL,PWRBIOCHNAN01,2049,0.0
GLOBAL,PWRBIOCHNAN01,2050,0.0
GLOBAL,PWRCCGCHNAN00,2021,1.318
GLOBAL,PWRCCGCHNAN00,2022,1.318
GLOBAL,PWRCCGCHNAN00,2023,1.318
GLOBAL,PWRCCGCHNAN00,2024,1.318
GLOBAL,PWRCCGCHNAN00,2025,0.0
GLOBAL,PWRCCGCHNAN00,2026,0.0
GLOBAL,PWRCCGCHNAN00,2027,0.0
GLOBAL,PWRCCGCHNAN00,2028,0.0
GLOBAL,PWRCCGCHNAN00,2029,0.0
GLOBAL,PWRCCGCHNAN00,2030,0.0
GLOBAL,PWRCCGCHNAN00,2031,0.0
GLOBAL,PWRCCGCHNAN00,2032,0.0
GLOBAL,PWRCCGCHNAN00,2033,0.0
GLOBAL,PWRCCGCHNAN00,2034,0.0
GLOBAL,PWRCCGCHNAN00,2035,0.0
GLOBAL,PWRCCGCHNAN00,2036,0.0
GLOBAL,PWRCCGCHNAN00,2037,0.0
GLOBAL,PWRCCGCHNAN00,2038,0.0
GLOBAL,PWRCCGCHNAN00,2039,0.0
GLOBAL,PWRCCGCHNAN00,2040,0.0
GLOBAL,PWRCCGCHNAN00,2041,0.0
GLOBAL,PWRCCGCHNAN00,2042,0.0
GLOBAL,PWRCCGCHNAN00,2043,0.0
GLOBAL,PWRCCGCHNAN00,2044,0.0
GLOBAL,PWRCCGCHNAN00,2045,0.0
GLOBAL,PWRCCGCHNAN00,2046,0.0
GLOBAL,PWRCCGCHNAN00,2047,0.0
GLOBAL,PWRCCGCHNAN00,2048,0.0
GLOBAL,PWRCCGCHNAN00,2049,0.0
GLOBAL,PWRCCGCHNAN00,2050,0.0
GLOBAL,PWRCOACHNAN01,2021,50.0129
GLOBAL,PWRCOACHNAN01,2022,50.0129
GLOBAL,PWRCOACHNAN01,2023,50.0129
GLOBAL,PWRCOACHNAN01,2024,50.0129
GLOBAL,PWRCOACHNAN01,2025,50.0129
GLOBAL,PWRCOACHNAN01,2026,49.8129
GLOBAL,PWRCOACHNAN01,2027,49.8129
GLOBAL,PWRCOACHNAN01,2028,46.778
GLOBAL,PWRCOACHNAN01,2029,46.778
GLOBAL,PWRCOACHNAN01,2030,44.276
GLOBAL,PWRCOACHNAN01,2031,43.261
GLOBAL,PWRCOACHNAN01,2032,42.562
GLOBAL,PWRCOACHNAN01,2033,42.562
GLOBAL,PWRCOACHNAN01,2034,41.923
GLOBAL,PWRCOACHNAN01,2035,41.923
GLOBAL,PWRCOACHNAN01,2036,38.686
GLOBAL,PWRCOACHNAN01,2037,31.602
GLOBAL,PWRCOACHNAN01,2038,30.342
GLOBAL,PWRCOACHNAN01,2039,23.983
GLOBAL,PWRCOACHNAN01,2040,21.382
GLOBAL,PWRCOACHNAN01,2041,18.799
GLOBAL,PWRCOACHNAN01,2042,14.359
GLOBAL,PWRCOACHNAN01,2043,11.119
GLOBAL,PWRCOACHNAN01,2044,3.322
GLOBAL,PWRCOACHNAN01,2045,3.322
GLOBAL,PWRCOACHNAN01,2046,3.322
GLOBAL,PWRCOACHNAN01,2047,0.0
GLOBAL,PWRCOACHNAN01,2048,0.0
GLOBAL,PWRCOACHNAN01,2049,0.0
GLOBAL,PWRCOACHNAN01,2050,0.0
GLOBAL,PWRHYDCHNAN01,2021,2.1323
GLOBAL,PWRHYDCHNAN01,2022,2.1323
GLOBAL,PWRHYDCHNAN01,2023,2.1323
GLOBAL,PWRHYDCHNAN01,2024,2.1323
GLOBAL,PWRHYDCHNAN01,2025,2.1323
GLOBAL,PWRHYDCHNAN01,2026,2.1323
GLOBAL,PWRHYDCHNAN01,2027,2.1323
GLOBAL,PWRHYDCHNAN01,2028,2.1323
GLOBAL,PWRHYDCHNAN01,2029,2.1323
GLOBAL,PWRHYDCHNAN01,2030,2.1323
GLOBAL,PWRHYDCHNAN01,2031,2.1323
GLOBAL,PWRHYDCHNAN01,2032,2.1323
GLOBAL,PWRHYDCHNAN01,2033,2.1323
GLOBAL,PWRHYDCHNAN01,2034,2.1323
GLOBAL,PWRHYDCHNAN01,2035,2.1323
GLOBAL,PWRHYDCHNAN01,2036,2.1323
GLOBAL,PWRHYDCHNAN01,2037,2.1323
GLOBAL,PWRHYDCHNAN01,2038,2.1323
GLOBAL,PWRHYDCHNAN01,2039,2.1323
GLOBAL,PWRHYDCHNAN01,2040,2.1323
GLOBAL,PWRHYDCHNAN01,2041,2.1323
GLOBAL,PWRHYDCHNAN01,2042,2.1323
GLOBAL,PWRHYDCHNAN01,2043,2.1323
GLOBAL,PWRHYDCHNAN01,2044,2.1323
GLOBAL,PWRHYDCHNAN01,2045,2.1323
GLOBAL,PWRHYDCHNAN01,2046,2.1323
GLOBAL,PWRHYDCHNAN01,2047,2.1323
GLOBAL,PWRHYDCHNAN01,2048,2.1323
GLOBAL,PWRHYDCHNAN01,2049,2.1323
GLOBAL,PWRHYDCHNAN01,2050,2.1323
GLOBAL,PWROCGCHNAN00,2021,0.054
GLOBAL,PWROCGCHNAN00,2022,0.054
GLOBAL,PWROCGCHNAN00,2023,0.054
GLOBAL,PWROCGCHNAN00,2024,0.054
GLOBAL,PWROCGCHNAN00,2025,0.0
GLOBAL,PWROCGCHNAN00,2026,0.0
GLOBAL,PWROCGCHNAN00,2027,0.0
GLOBAL,PWROCGCHNAN00,2028,0.0
GLOBAL,PWROCGCHNAN00,2029,0.0
GLOBAL,PWROCGCHNAN00,2030,0.0
GLOBAL,PWROCGCHNAN00,2031,0.0
GLOBAL,PWROCGCHNAN00,2032,0.0
GLOBAL,PWROCGCHNAN00,2033,0.0
GLOBAL,PWROCGCHNAN00,2034,0.0
GLOBAL,PWROCGCHNAN00,2035,0.0
GLOBAL,PWROCGCHNAN00,2036,0.0
GLOBAL,PWROCGCHNAN00,2037,0.0
GLOBAL,PWROCGCHNAN00,2038,0.0
GLOBAL,PWROCGCHNAN00,2039,0.0
GLOBAL,PWROCGCHNAN00,2040,0.0
GLOBAL,PWROCGCHNAN00,2041,0.0
GLOBAL,PWROCGCHNAN00,2042,0.0
GLOBAL,PWROCGCHNAN00,2043,0.0
GLOBAL,PWROCGCHNAN00,2044,0.0
GLOBAL,PWROCGCHNAN00,2045,0.0
GLOBAL,PWROCGCHNAN00,2046,0.0
GLOBAL,PWROCGCHNAN00,2047,0.0
GLOBAL,PWROCGCHNAN00,2048,0.0
GLOBAL,PWROCGCHNAN00,2049,0.0
GLOBAL,PWROCGCHNAN00,2050,0.0
GLOBAL,PWRSPVCHNAN01,2021,0.1541
GLOBAL,PWRSPVCHNAN01,2022,0.1541
GLOBAL,PWRSPVCHNAN01,2023,0.1541
GLOBAL,PWRSPVCHNAN01,2024,0.1541
GLOBAL,PWRSPVCHNAN01,2025,0.1541
GLOBAL,PWRSPVCHNAN01,2026,0.1541
GLOBAL,PWRSPVCHNAN01,2027,0.1541
GLOBAL,PWRSPVCHNAN01,2028,0.1541
GLOBAL,PWRSPVCHNAN01,2029,0.1541
GLOBAL,PWRSPVCHNAN01,2030,0.1541
GLOBAL,PWRSPVCHNAN01,2031,0.1541
GLOBAL,PWRSPVCHNAN01,2032,0.1541
GLOBAL,PWRSPVCHNAN01,2033,0.1541
GLOBAL,PWRSPVCHNAN01,2034,0.1541
GLOBAL,PWRSPVCHNAN01,2035,0.1541
GLOBAL,PWRSPVCHNAN01,2036,0.1541
GLOBAL,PWRSPVCHNAN01,2037,0.1541
GLOBAL,PWRSPVCHNAN01,2038,0.1541
GLOBAL,PWRSPVCHNAN01,2039,0.1541
GLOBAL,PWRSPVCHNAN01,2040,0.1541
GLOBAL,PWRSPVCHNAN01,2041,0.1541
GLOBAL,PWRSPVCHNAN01,2042,0.1541
GLOBAL,PWRSPVCHNAN01,2043,0.1541
GLOBAL,PWRSPVCHNAN01,2044,0.1541
GLOBAL,PWRSPVCHNAN01,2045,0.0
GLOBAL,PWRSPVCHNAN01,2046,0.0
GLOBAL,PWRSPVCHNAN01,2047,0.0
GLOBAL,PWRSPVCHNAN01,2048,0.0
GLOBAL,PWRSPVCHNAN01,2049,0.0
GLOBAL,PWRSPVCHNAN01,2050,0.0
GLOBAL,PWRWONCHNAN01,2021,0.4946
GLOBAL,PWRWONCHNAN01,2022,0.4946
GLOBAL,PWRWONCHNAN01,2023,0.4946
GLOBAL,PWRWONCHNAN01,2024,0.4946
GLOBAL,PWRWONCHNAN01,2025,0.4946
GLOBAL,PWRWONCHNAN01,2026,0.4946
GLOBAL,PWRWONCHNAN01,2027,0.4946
GLOBAL,PWRWONCHNAN01,2028,0.4946
GLOBAL,PWRWONCHNAN01,2029,0.4946
GLOBAL,PWRWONCHNAN01,2030,0.4946
GLOBAL,PWRWONCHNAN01,2031,0.4946
GLOBAL,PWRWONCHNAN01,2032,0.4946
GLOBAL,PWRWONCHNAN01,2033,0.4946
GLOBAL,PWRWONCHNAN01,2034,0.4946
GLOBAL,PWRWONCHNAN01,2035,0.4946
GLOBAL,PWRWONCHNAN01,2036,0.4946
GLOBAL,PWRWONCHNAN01,2037,0.4946
GLOBAL,PWRWONCHNAN01,2038,0.4946
GLOBAL,PWRWONCHNAN01,2039,0.4946
GLOBAL,PWRWONCHNAN01,2040,0.0
GLOBAL,PWRWONCHNAN01,2041,0.0
GLOBAL,PWRWONCHNAN01,2042,0.0
GLOBAL,PWRWONCHNAN01,2043,0.0
GLOBAL,PWRWONCHNAN01,2044,0.0
GLOBAL,PWRWONCHNAN01,2045,0.0
GLOBAL,PWRWONCHNAN01,2046,0.0
GLOBAL,PWRWONCHNAN01,2047,0.0
GLOBAL,PWRWONCHNAN01,2048,0.0
GLOBAL,PWRWONCHNAN01,2049,0.0
GLOBAL,PWRWONCHNAN01,2050,0.0
GLOBAL,PWRBIOCHNBE01,2021,0.0812
GLOBAL,PWRBIOCHNBE01,2022,0.0812
GLOBAL,PWRBIOCHNBE01,2023,0.0812
GLOBAL,PWRBIOCHNBE01,2024,0.0812
GLOBAL,PWRBIOCHNBE01,2025,0.0812
GLOBAL,PWRBIOCHNBE01,2026,0.0812
GLOBAL,PWRBIOCHNBE01,2027,0.0812
GLOBAL,PWRBIOCHNBE01,2028,0.0812
GLOBAL,PWRBIOCHNBE01,2029,0.0812
GLOBAL,PWRBIOCHNBE01,2030,0.0812
GLOBAL,PWRBIOCHNBE01,2031,0.0812
GLOBAL,PWRBIOCHNBE01,2032,0.0
GLOBAL,PWRBIOCHNBE01,2033,0.0
GLOBAL,PWRBIOCHNBE01,2034,0.0
GLOBAL,PWRBIOCHNBE01,2035,0.0
GLOBAL,PWRBIOCHNBE01,2036,0.0
GLOBAL,PWRBIOCHNBE01,2037,0.0
GLOBAL,PWRBIOCHNBE01,2038,0.0
GLOBAL,PWRBIOCHNBE01,2039,0.0
GLOBAL,PWRBIOCHNBE01,2040,0.0
GLOBAL,PWRBIOCHNBE01,2041,0.0
GLOBAL,PWRBIOCHNBE01,2042,0.0
GLOBAL,PWRBIOCHNBE01,2043,0.0
GLOBAL,PWRBIOCHNBE01,2044,0.0
GLOBAL,PWRBIOCHNBE01,2045,0.0
GLOBAL,PWRBIOCHNBE01,2046,0.0
GLOBAL,PWRBIOCHNBE01,2047,0.0
GLOBAL,PWRBIOCHNBE01,2048,0.0
GLOBAL,PWRBIOCHNBE01,2049,0.0
GLOBAL,PWRBIOCHNBE01,2050,0.0
GLOBAL,PWRCCGCHNBE00,2021,9.4465
GLOBAL,PWRCCGCHNBE00,2022,9.4465
GLOBAL,PWRCCGCHNBE00,2023,9.4465
GLOBAL,PWRCCGCHNBE00,2024,9.4465
GLOBAL,PWRCCGCHNBE00,2025,3.458
GLOBAL,PWRCCGCHNBE00,2026,3.458
GLOBAL,PWRCCGCHNBE00,2027,3.458
GLOBAL,PWRCCGCHNBE00,2028,3.458
GLOBAL,PWRCCGCHNBE00,2029,3.458
GLOBAL,PWRCCGCHNBE00,2030,3.458
GLOBAL,PWRCCGCHNBE00,2031,3.458
GLOBAL,PWRCCGCHNBE00,2032,3.458
GLOBAL,PWRCCGCHNBE00,2033,3.458
GLOBAL,PWRCCGCHNBE00,2034,3.458
GLOBAL,PWRCCGCHNBE00,2035,3.458
GLOBAL,PWRCCGCHNBE00,2036,2.758
GLOBAL,PWRCCGCHNBE00,2037,2.758
GLOBAL,PWRCCGCHNBE00,2038,2.1
GLOBAL,PWRCCGCHNBE00,2039,2.1
GLOBAL,PWRCCGCHNBE00,2040,2.1
GLOBAL,PWRCCGCHNBE00,2041,2.1
GLOBAL,PWRCCGCHNBE00,2042,2.1
GLOBAL,PWRCCGCHNBE00,2043,2.1
GLOBAL,PWRCCGCHNBE00,2044,0.0
GLOBAL,PWRCCGCHNBE00,2045,0.0
GLOBAL,PWRCCGCHNBE00,2046,0.0
GLOBAL,PWRCCGCHNBE00,2047,0.0
GLOBAL,PWRCCGCHNBE00,2048,0.0
GLOBAL,PWRCCGCHNBE00,2049,0.0
GLOBAL,PWRCCGCHNBE00,2050,0.0
GLOBAL,PWRCOACHNBE01,2021,0.879
GLOBAL,PWRCOACHNBE01,2022,0.879
GLOBAL,PWRCOACHNBE01,2023,0.879
GLOBAL,PWRCOACHNBE01,2024,0.879
GLOBAL,PWRCOACHNBE01,2025,0.879
GLOBAL,PWRCOACHNBE01,2026,0.879
GLOBAL,PWRCOACHNBE01,2027,0.879
GLOBAL,PWRCOACHNBE01,2028,0.879
GLOBAL,PWRCOACHNBE01,2029,0.879
GLOBAL,PWRCOACHNBE01,2030,0.879
GLOBAL,PWRCOACHNBE01,2031,0.879
GLOBAL,PWRCOACHNBE01,2032,0.879
GLOBAL,PWRCOACHNBE01,2033,0.879
GLOBAL,PWRCOACHNBE01,2034,0.0
GLOBAL,PWRCOACHNBE01,2035,0.0
GLOBAL,PWRCOACHNBE01,2036,0.0
GLOBAL,PWRCOACHNBE01,2037,0.0
GLOBAL,PWRCOACHNBE01,2038,0.0
GLOBAL,PWRCOACHNBE01,2039,0.0
GLOBAL,PWRCOACHNBE01,2040,0.0
GLOBAL,PWRCOACHNBE01,2041,0.0
GLOBAL,PWRCOACHNBE01,2042,0.0
GLOBAL,PWRCOACHNBE01,2043,0.0
GLOBAL,PWRCOACHNBE01,2044,0.0
GLOBAL,PWRCOACHNBE01,2045,0.0
GLOBAL,PWRCOACHNBE01,2046,0.0
GLOBAL,PWRCOACHNBE01,2047,0.0
GLOBAL,PWRCOACHNBE01,2048,0.0
GLOBAL,PWRCOACHNBE01,2049,0.0
GLOBAL,PWRCOACHNBE01,2050,0.0
GLOBAL,PWRHYDCHNBE01,2021,0.9556
GLOBAL,PWRHYDCHNBE01,2022,0.9556
GLOBAL,PWRHYDCHNBE01,2023,0.9556
GLOBAL,PWRHYDCHNBE01,2024,0.9556
GLOBAL,PWRHYDCHNBE01,2025,0.9556
GLOBAL,PWRHYDCHNBE01,2026,0.9556
GLOBAL,PWRHYDCHNBE01,2027,0.9556
GLOBAL,PWRHYDCHNBE01,2028,0.9556
GLOBAL,PWRHYDCHNBE01,2029,0.9556
GLOBAL,PWRHYDCHNBE01,2030,0.9556
GLOBAL,PWRHYDCHNBE01,2031,0.9556
GLOBAL,PWRHYDCHNBE01,2032,0.9556
GLOBAL,PWRHYDCHNBE01,2033,0.9556
GLOBAL,PWRHYDCHNBE01,2034,0.9556
GLOBAL,PWRHYDCHNBE01,2035,0.9556
GLOBAL,PWRHYDCHNBE01,2036,0.9556
GLOBAL,PWRHYDCHNBE01,2037,0.9556
GLOBAL,PWRHYDCHNBE01,2038,0.9556
GLOBAL,PWRHYDCHNBE01,2039,0.9556
GLOBAL,PWRHYDCHNBE01,2040,0.9556
GLOBAL,PWRHYDCHNBE01,2041,0.9556
GLOBAL,PWRHYDCHNBE01,2042,0.9556
GLOBAL,PWRHYDCHNBE01,2043,0.9556
GLOBAL,PWRHYDCHNBE01,2044,0.9556
GLOBAL,PWRHYDCHNBE01,2045,0.9556
GLOBAL,PWRHYDCHNBE01,2046,0.9556
GLOBAL,PWRHYDCHNBE01,2047,0.9556
GLOBAL,PWRHYDCHNBE01,2048,0.9556
GLOBAL,PWRHYDCHNBE01,2049,0.9556
GLOBAL,PWRHYDCHNBE01,2050,0.9556
GLOBAL,PWRSPVCHNBE01,2021,0.7657
GLOBAL,PWRSPVCHNBE01,2022,0.7657
GLOBAL,PWRSPVCHNBE01,2023,0.7657
GLOBAL,PWRSPVCHNBE01,2024,0.7657
GLOBAL,PWRSPVCHNBE01,2025,0.7657
GLOBAL,PWRSPVCHNBE01,2026,0.7657
GLOBAL,PWRSPVCHNBE01,2027,0.7657
GLOBAL,PWRSPVCHNBE01,2028,0.7657
GLOBAL,PWRSPVCHNBE01,2029,0.7657
GLOBAL,PWRSPVCHNBE01,2030,0.7657
GLOBAL,PWRSPVCHNBE01,2031,0.7657
GLOBAL,PWRSPVCHNBE01,2032,0.7657
GLOBAL,PWRSPVCHNBE01,2033,0.7657
GLOBAL,PWRSPVCHNBE01,2034,0.7657
GLOBAL,PWRSPVCHNBE01,2035,0.7657
GLOBAL,PWRSPVCHNBE01,2036,0.7657
GLOBAL,PWRSPVCHNBE01,2037,0.7657
GLOBAL,PWRSPVCHNBE01,2038,0.7657
GLOBAL,PWRSPVCHNBE01,2039,0.7657
GLOBAL,PWRSPVCHNBE01,2040,0.7657
GLOBAL,PWRSPVCHNBE01,2041,0.7657
GLOBAL,PWRSPVCHNBE01,2042,0.7657
GLOBAL,PWRSPVCHNBE01,2043,0.7657
GLOBAL,PWRSPVCHNBE01,2044,0.7657
GLOBAL,PWRSPVCHNBE01,2045,0.0
GLOBAL,PWRSPVCHNBE01,2046,0.0
GLOBAL,PWRSPVCHNBE01,2047,0.0
GLOBAL,PWRSPVCHNBE01,2048,0.0
GLOBAL,PWRSPVCHNBE01,2049,0.0
GLOBAL,PWRSPVCHNBE01,2050,0.0
GLOBAL,PWRURNCHNBE01,2021,0.02
GLOBAL,PWRURNCHNBE01,2022,0.02
GLOBAL,PWRURNCHNBE01,2023,0.02
GLOBAL,PWRURNCHNBE01,2024,0.02
GLOBAL,PWRURNCHNBE01,2025,0.02
GLOBAL,PWRURNCHNBE01,2026,0.02
GLOBAL,PWRURNCHNBE01,2027,0.02
GLOBAL,PWRURNCHNBE01,2028,0.02
GLOBAL,PWRURNCHNBE01,2029,0.02
GLOBAL,PWRURNCHNBE01,2030,0.02
GLOBAL,PWRURNCHNBE01,2031,0.02
GLOBAL,PWRURNCHNBE01,2032,0.02
GLOBAL,PWRURNCHNBE01,2033,0.02
GLOBAL,PWRURNCHNBE01,2034,0.02
GLOBAL,PWRURNCHNBE01,2035,0.02
GLOBAL,PWRURNCHNBE01,2036,0.02
GLOBAL,PWRURNCHNBE01,2037,0.02
GLOBAL,PWRURNCHNBE01,2038,0.02
GLOBAL,PWRURNCHNBE01,2039,0.02
GLOBAL,PWRURNCHNBE01,2040,0.02
GLOBAL,PWRURNCHNBE01,2041,0.02
GLOBAL,PWRURNCHNBE01,2042,0.02
GLOBAL,PWRURNCHNBE01,2043,0.02
GLOBAL,PWRURNCHNBE01,2044,0.02
GLOBAL,PWRURNCHNBE01,2045,0.0
GLOBAL,PWRURNCHNBE01,2046,0.0
GLOBAL,PWRURNCHNBE01,2047,0.0
GLOBAL,PWRURNCHNBE01,2048,0.0
GLOBAL,PWRURNCHNBE01,2049,0.0
GLOBAL,PWRURNCHNBE01,2050,0.0
GLOBAL,PWRBIOCHNCH01,2021,0.1478
GLOBAL,PWRBIOCHNCH01,2022,0.1478
GLOBAL,PWRBIOCHNCH01,2023,0.1478
GLOBAL,PWRBIOCHNCH01,2024,0.1478
GLOBAL,PWRBIOCHNCH01,2025,0.1478
GLOBAL,PWRBIOCHNCH01,2026,0.1478
GLOBAL,PWRBIOCHNCH01,2027,0.1478
GLOBAL,PWRBIOCHNCH01,2028,0.1478
GLOBAL,PWRBIOCHNCH01,2029,0.1478
GLOBAL,PWRBIOCHNCH01,2030,0.1478
GLOBAL,PWRBIOCHNCH01,2031,0.1478
GLOBAL,PWRBIOCHNCH01,2032,0.0
GLOBAL,PWRBIOCHNCH01,2033,0.0
GLOBAL,PWRBIOCHNCH01,2034,0.0
GLOBAL,PWRBIOCHNCH01,2035,0.0
GLOBAL,PWRBIOCHNCH01,2036,0.0
GLOBAL,PWRBIOCHNCH01,2037,0.0
GLOBAL,PWRBIOCHNCH01,2038,0.0
GLOBAL,PWRBIOCHNCH01,2039,0.0
GLOBAL,PWRBIOCHNCH01,2040,0.0
GLOBAL,PWRBIOCHNCH01,2041,0.0
GLOBAL,PWRBIOCHNCH01,2042,0.0
GLOBAL,PWRBIOCHNCH01,2043,0.0
GLOBAL,PWRBIOCHNCH01,2044,0.0
GLOBAL,PWRBIOCHNCH01,2045,0.0
GLOBAL,PWRBIOCHNCH01,2046,0.0
GLOBAL,PWRBIOCHNCH01,2047,0.0
GLOBAL,PWRBIOCHNCH01,2048,0.0
GLOBAL,PWRBIOCHNCH01,2049,0.0
GLOBAL,PWRBIOCHNCH01,2050,0.0
GLOBAL,PWRCCGCHNCH00,2021,0.933
GLOBAL,PWRCCGCHNCH00,2022,0.933
GLOBAL,PWRCCGCHNCH00,2023,0.933
GLOBAL,PWRCCGCHNCH00,2024,0.933
GLOBAL,PWRCCGCHNCH00,2025,0.933
GLOBAL,PWRCCGCHNCH00,2026,0.933
GLOBAL,PWRCCGCHNCH00,2027,0.933
GLOBAL,PWRCCGCHNCH00,2028,0.933
GLOBAL,PWRCCGCHNCH00,2029,0.933
GLOBAL,PWRCCGCHNCH00,2030,0.933
GLOBAL,PWRCCGCHNCH00,2031,0.933
GLOBAL,PWRCCGCHNCH00,2032,0.933
GLOBAL,PWRCCGCHNCH00,2033,0.933
GLOBAL,PWRCCGCHNCH00,2034,0.933
GLOBAL,PWRCCGCHNCH00,2035,0.933
GLOBAL,PWRCCGCHNCH00,2036,0.933
GLOBAL,PWRCCGCHNCH00,2037,0.933
GLOBAL,PWRCCGCHNCH00,2038,0.933
GLOBAL,PWRCCGCHNCH00,2039,0.933
GLOBAL,PWRCCGCHNCH00,2040,0.933
GLOBAL,PWRCCGCHNCH00,2041,0.933
GLOBAL,PWRCCGCHNCH00,2042,0.933
GLOBAL,PWRCCGCHNCH00,2043,0.933
GLOBAL,PWRCCGCHNCH00,2044,0.933
GLOBAL,PWRCCGCHNCH00,2045,0.0
GLOBAL,PWRCCGCHNCH00,2046,0.0
GLOBAL,PWRCCGCHNCH00,2047,0.0
GLOBAL,PWRCCGCHNCH00,2048,0.0
GLOBAL,PWRCCGCHNCH00,2049,0.0
GLOBAL,PWRCCGCHNCH00,2050,0.0
GLOBAL,PWRCOACHNCH01,2021,14.3424
GLOBAL,PWRCOACHNCH01,2022,14.3424
GLOBAL,PWRCOACHNCH01,2023,14.3424
GLOBAL,PWRCOACHNCH01,2024,14.3424
GLOBAL,PWRCOACHNCH01,2025,14.3424
GLOBAL,PWRCOACHNCH01,2026,14.3424
GLOBAL,PWRCOACHNCH01,2027,14.3424
GLOBAL,PWRCOACHNCH01,2028,13.636
GLOBAL,PWRCOACHNCH01,2029,13.636
GLOBAL,PWRCOACHNCH01,2030,13.636
GLOBAL,PWRCOACHNCH01,2031,10.999
GLOBAL,PWRCOACHNCH01,2032,10.999
GLOBAL,PWRCOACHNCH01,2033,10.999
GLOBAL,PWRCOACHNCH01,2034,10.399
GLOBAL,PWRCOACHNCH01,2035,9.799
GLOBAL,PWRCOACHNCH01,2036,9.799
GLOBAL,PWRCOACHNCH01,2037,9.199
GLOBAL,PWRCOACHNCH01,2038,9.199
GLOBAL,PWRCOACHNCH01,2039,8.779
GLOBAL,PWRCOACHNCH01,2040,8.599
GLOBAL,PWRCOACHNCH01,2041,8.599
GLOBAL,PWRCOACHNCH01,2042,6.681
GLOBAL,PWRCOACHNCH01,2043,6.581
GLOBAL,PWRCOACHNCH01,2044,5.921
GLOBAL,PWRCOACHNCH01,2045,4.822
GLOBAL,PWRCOACHNCH01,2046,1.2
GLOBAL,PWRCOACHNCH01,2047,0.0
GLOBAL,PWRCOACHNCH01,2048,0.0
GLOBAL,PWRCOACHNCH01,2049,0.0
GLOBAL,PWRCOACHNCH01,2050,0.0
GLOBAL,PWRHYDCHNCH01,2021,4.6919
GLOBAL,PWRHYDCHNCH01,2022,4.6919
GLOBAL,PWRHYDCHNCH01,2023,4.6919
GLOBAL,PWRHYDCHNCH01,2024,4.6919
GLOBAL,PWRHYDCHNCH01,2025,4.6919
GLOBAL,PWRHYDCHNCH01,2026,4.6919
GLOBAL,PWRHYDCHNCH01,2027,4.6919
GLOBAL,PWRHYDCHNCH01,2028,4.6919
GLOBAL,PWRHYDCHNCH01,2029,4.6919
GLOBAL,PWRHYDCHNCH01,2030,4.6919
GLOBAL,PWRHYDCHNCH01,2031,4.6919
GLOBAL,PWRHYDCHNCH01,2032,4.6919
GLOBAL,PWRHYDCHNCH01,2033,4.6919
GLOBAL,PWRHYDCHNCH01,2034,4.6919
GLOBAL,PWRHYDCHNCH01,2035,4.6919
GLOBAL,PWRHYDCHNCH01,2036,4.6919
GLOBAL,PWRHYDCHNCH01,2037,4.6919
GLOBAL,PWRHYDCHNCH01,2038,4.6919
GLOBAL,PWRHYDCHNCH01,2039,4.6919
GLOBAL,PWRHYDCHNCH01,2040,4.6919
GLOBAL,PWRHYDCHNCH01,2041,4.6919
GLOBAL,PWRHYDCHNCH01,2042,4.6919
GLOBAL,PWRHYDCHNCH01,2043,4.6919
GLOBAL,PWRHYDCHNCH01,2044,4.6919
GLOBAL,PWRHYDCHNCH01,2045,4.6919
GLOBAL,PWRHYDCHNCH01,2046,4.6919
GLOBAL,PWRHYDCHNCH01,2047,4.6919
GLOBAL,PWRHYDCHNCH01,2048,4.6919
GLOBAL,PWRHYDCHNCH01,2049,4.6919
GLOBAL,PWRHYDCHNCH01,2050,4.6919
GLOBAL,PWROCGCHNCH00,2021,0.1331
GLOBAL,PWROCGCHNCH00,2022,0.1331
GLOBAL,PWROCGCHNCH00,2023,0.1331
GLOBAL,PWROCGCHNCH00,2024,0.1331
GLOBAL,PWROCGCHNCH00,2025,0.0
GLOBAL,PWROCGCHNCH00,2026,0.0
GLOBAL,PWROCGCHNCH00,2027,0.0
GLOBAL,PWROCGCHNCH00,2028,0.0
GLOBAL,PWROCGCHNCH00,2029,0.0
GLOBAL,PWROCGCHNCH00,2030,0.0
GLOBAL,PWROCGCHNCH00,2031,0.0
GLOBAL,PWROCGCHNCH00,2032,0.0
GLOBAL,PWROCGCHNCH00,2033,0.0
GLOBAL,PWROCGCHNCH00,2034,0.0
GLOBAL,PWROCGCHNCH00,2035,0.0
GLOBAL,PWROCGCHNCH00,2036,0.0
GLOBAL,PWROCGCHNCH00,2037,0.0
GLOBAL,PWROCGCHNCH00,2038,0.0
GLOBAL,PWROCGCHNCH00,2039,0.0
GLOBAL,PWROCGCHNCH00,2040,0.0
GLOBAL,PWROCGCHNCH00,2041,0.0
GLOBAL,PWROCGCHNCH00,2042,0.0
GLOBAL,PWROCGCHNCH00,2043,0.0
GLOBAL,PWROCGCHNCH00,2044,0.0
GLOBAL,PWROCGCHNCH00,2045,0.0
GLOBAL,PWROCGCHNCH00,2046,0.0
GLOBAL,PWROCGCHNCH00,2047,0.0
GLOBAL,PWROCGCHNCH00,2048,0.0
GLOBAL,PWROCGCHNCH00,2049,0.0
GLOBAL,PWROCGCHNCH00,2050,0.0
GLOBAL,PWRBIOCHNEM01,2021,0.2264
GLOBAL,PWRBIOCHNEM01,2022,0.2264
GLOBAL,PWRBIOCHNEM01,2023,0.2264
GLOBAL,PWRBIOCHNEM01,2024,0.2264
GLOBAL,PWRBIOCHNEM01,2025,0.2264
GLOBAL,PWRBIOCHNEM01,2026,0.2264
GLOBAL,PWRBIOCHNEM01,2027,0.2264
GLOBAL,PWRBIOCHNEM01,2028,0.2264
GLOBAL,PWRBIOCHNEM01,2029,0.2264
GLOBAL,PWRBIOCHNEM01,2030,0.2264
GLOBAL,PWRBIOCHNEM01,2031,0.2264
GLOBAL,PWRBIOCHNEM01,2032,0.0
GLOBAL,PWRBIOCHNEM01,2033,0.0
GLOBAL,PWRBIOCHNEM01,2034,0.0
GLOBAL,PWRBIOCHNEM01,2035,0.0
GLOBAL,PWRBIOCHNEM01,2036,0.0
GLOBAL,PWRBIOCHNEM01,2037,0.0
GLOBAL,PWRBIOCHNEM01,2038,0.0
GLOBAL,PWRBIOCHNEM01,2039,0.0
GLOBAL,PWRBIOCHNEM01,2040,0.0
GLOBAL,PWRBIOCHNEM01,2041,0.0
GLOBAL,PWRBIOCHNEM01,2042,0.0
GLOBAL,PWRBIOCHNEM01,2043,0.0
GLOBAL,PWRBIOCHNEM01,2044,0.0
GLOBAL,PWRBIOCHNEM01,2045,0.0
GLOBAL,PWRBIOCHNEM01,2046,0.0
GLOBAL,PWRBIOCHNEM01,2047,0.0
GLOBAL,PWRBIOCHNEM01,2048,0.0
GLOBAL,PWRBIOCHNEM01,2049,0.0
GLOBAL,PWRBIOCHNEM01,2050,0.0
GLOBAL,PWRCOACHNEM01,2021,23.4913
GLOBAL,PWRCOACHNEM01,2022,23.4913
GLOBAL,PWRCOACHNEM01,2023,23.4913
GLOBAL,PWRCOACHNEM01,2024,23.3913
GLOBAL,PWRCOACHNEM01,2025,21.5913
GLOBAL,PWRCOACHNEM01,2026,21.5913
GLOBAL,PWRCOACHNEM01,2027,21.5913
GLOBAL,PWRCOACHNEM01,2028,18.783
GLOBAL,PWRCOACHNEM01,2029,18.783
GLOBAL,PWRCOACHNEM01,2030,18.783
GLOBAL,PWRCOACHNEM01,2031,18.783
GLOBAL,PWRCOACHNEM01,2032,18.783
GLOBAL,PWRCOACHNEM01,2033,18.783
GLOBAL,PWRCOACHNEM01,2034,18.633
GLOBAL,PWRCOACHNEM01,2035,18.633
GLOBAL,PWRCOACHNEM01,2036,18.633
GLOBAL,PWRCOACHNEM01,2037,15.237
GLOBAL,PWRCOACHNEM01,2038,15.237
GLOBAL,PWRCOACHNEM01,2039,13.667
GLOBAL,PWRCOACHNEM01,2040,12.867
GLOBAL,PWRCOACHNEM01,2041,9.857
GLOBAL,PWRCOACHNEM01,2042,7.457
GLOBAL,PWRCOACHNEM01,2043,5.857
GLOBAL,PWRCOACHNEM01,2044,4.657
GLOBAL,PWRCOACHNEM01,2045,4.657
GLOBAL,PWRCOACHNEM01,2046,2.273
GLOBAL,PWRCOACHNEM01,2047,1.592
GLOBAL,PWRCOACHNEM01,2048,0.0
GLOBAL,PWRCOACHNEM01,2049,0.0
GLOBAL,PWRCOACHNEM01,2050,0.0
GLOBAL,PWRWONCHNEM01,2021,15.2519
GLOBAL,PWRWONCHNEM01,2022,15.2519
GLOBAL,PWRWONCHNEM01,2023,15.2519
GLOBAL,PWRWONCHNEM01,2024,15.2519
GLOBAL,PWRWONCHNEM01,2025,15.2519
GLOBAL,PWRWONCHNEM01,2026,15.2519
GLOBAL,PWRWONCHNEM01,2027,15.2519
GLOBAL,PWRWONCHNEM01,2028,15.2519
GLOBAL,PWRWONCHNEM01,2029,15.2519
GLOBAL,PWRWONCHNEM01,2030,15.2519
GLOBAL,PWRWONCHNEM01,2031,15.2519
GLOBAL,PWRWONCHNEM01,2032,15.2519
GLOBAL,PWRWONCHNEM01,2033,15.2519
GLOBAL,PWRWONCHNEM01,2034,15.2519
GLOBAL,PWRWONCHNEM01,2035,15.2519
GLOBAL,PWRWONCHNEM01,2036,15.2519
GLOBAL,PWRWONCHNEM01,2037,15.2519
GLOBAL,PWRWONCHNEM01,2038,15.2519
GLOBAL,PWRWONCHNEM01,2039,15.2519
GLOBAL,PWRWONCHNEM01,2040,0.0
GLOBAL,PWRWONCHNEM01,2041,0.0
GLOBAL,PWRWONCHNEM01,2042,0.0
GLOBAL,PWRWONCHNEM01,2043,0.0
GLOBAL,PWRWONCHNEM01,2044,0.0
GLOBAL,PWRWONCHNEM01,2045,0.0
GLOBAL,PWRWONCHNEM01,2046,0.0
GLOBAL,PWRWONCHNEM01,2047,0.0
GLOBAL,PWRWONCHNEM01,2048,0.0
GLOBAL,PWRWONCHNEM01,2049,0.0
GLOBAL,PWRWONCHNEM01,2050,0.0
GLOBAL,PWRBIOCHNFU01,2021,0.3611
GLOBAL,PWRBIOCHNFU01,2022,0.3611
GLOBAL,PWRBIOCHNFU01,2023,0.3611
GLOBAL,PWRBIOCHNFU01,2024,0.3611
GLOBAL,PWRBIOCHNFU01,2025,0.3611
GLOBAL,PWRBIOCHNFU01,2026,0.3611
GLOBAL,PWRBIOCHNFU01,2027,0.3611
GLOBAL,PWRBIOCHNFU01,2028,0.3611
GLOBAL,PWRBIOCHNFU01,2029,0.3611
GLOBAL,PWRBIOCHNFU01,2030,0.3611
GLOBAL,PWRBIOCHNFU01,2031,0.3611
GLOBAL,PWRBIOCHNFU01,2032,0.0
GLOBAL,PWRBIOCHNFU01,2033,0.0
GLOBAL,PWRBIOCHNFU01,2034,0.0
GLOBAL,PWRBIOCHNFU01,2035,0.0
GLOBAL,PWRBIOCHNFU01,2036,0.0
GLOBAL,PWRBIOCHNFU01,2037,0.0
GLOBAL,PWRBIOCHNFU01,2038,0.0
GLOBAL,PWRBIOCHNFU01,2039,0.0
GLOBAL,PWRBIOCHNFU01,2040,0.0
GLOBAL,PWRBIOCHNFU01,2041,0.0
GLOBAL,PWRBIOCHNFU01,2042,0.0
GLOBAL,PWRBIOCHNFU01,2043,0.0
GLOBAL,PWRBIOCHNFU01,2044,0.0
GLOBAL,PWRBIOCHNFU01,2045,0.0
GLOBAL,PWRBIOCHNFU01,2046,0.0
GLOBAL,PWRBIOCHNFU01,2047,0.0
GLOBAL,PWRBIOCHNFU01,2048,0.0
GLOBAL,PWRBIOCHNFU01,2049,0.0
GLOBAL,PWRBIOCHNFU01,2050,0.0
GLOBAL,PWRCCGCHNFU00,2021,4.2745
GLOBAL,PWRCCGCHNFU00,2022,4.2745
GLOBAL,PWRCCGCHNFU00,2023,4.2745
GLOBAL,PWRCCGCHNFU00,2024,4.2745
GLOBAL,PWRCCGCHNFU00,2025,2.292
GLOBAL,PWRCCGCHNFU00,2026,2.292
GLOBAL,PWRCCGCHNFU00,2027,2.292
GLOBAL,PWRCCGCHNFU00,2028,2.292
GLOBAL,PWRCCGCHNFU00,2029,2.292
GLOBAL,PWRCCGCHNFU00,2030,2.292
GLOBAL,PWRCCGCHNFU00,2031,2.292
GLOBAL,PWRCCGCHNFU00,2032,2.292
GLOBAL,PWRCCGCHNFU00,2033,2.292
GLOBAL,PWRCCGCHNFU00,2034,2.292
GLOBAL,PWRCCGCHNFU00,2035,2.292
GLOBAL,PWRCCGCHNFU00,2036,2.292
GLOBAL,PWRCCGCHNFU00,2037,0.0
GLOBAL,PWRCCGCHNFU00,2038,0.0
GLOBAL,PWRCCGCHNFU00,2039,0.0
GLOBAL,PWRCCGCHNFU00,2040,0.0
GLOBAL,PWRCCGCHNFU00,2041,0.0
GLOBAL,PWRCCGCHNFU00,2042,0.0
GLOBAL,PWRCCGCHNFU00,2043,0.0
GLOBAL,PWRCCGCHNFU00,2044,0.0
GLOBAL,PWRCCGCHNFU00,2045,0.0
GLOBAL,PWRCCGCHNFU00,2046,0.0
GLOBAL,PWRCCGCHNFU00,2047,0.0
GLOBAL,PWRCCGCHNFU00,2048,0.0
GLOBAL,PWRCCGCHNFU00,2049,0.0
GLOBAL,PWRCCGCHNFU00,2050,0.0
GLOBAL,PWRCOACHNFU01,2021,26.925
GLOBAL,PWRCOACHNFU01,2022,26.925
GLOBAL,PWRCOACHNFU01,2023,26.925
GLOBAL,PWRCOACHNFU01,2024,26.925
GLOBAL,PWRCOACHNFU01,2025,26.925
GLOBAL,PWRCOACHNFU01,2026,26.925
GLOBAL,PWRCOACHNFU01,2027,26.925
GLOBAL,PWRCOACHNFU01,2028,25.482
GLOBAL,PWRCOACHNFU01,2029,25.482
GLOBAL,PWRCOACHNFU01,2030,25.482
GLOBAL,PWRCOACHNFU01,2031,25.482
GLOBAL,PWRCOACHNFU01,2032,24.282
GLOBAL,PWRCOACHNFU01,2033,16.762
GLOBAL,PWRCOACHNFU01,2034,16.162
GLOBAL,PWRCOACHNFU01,2035,16.162
GLOBAL,PWRCOACHNFU01,2036,16.162
GLOBAL,PWRCOACHNFU01,2037,15.97
GLOBAL,PWRCOACHNFU01,2038,9.85
GLOBAL,PWRCOACHNFU01,2039,9.25
GLOBAL,PWRCOACHNFU01,2040,9.25
GLOBAL,PWRCOACHNFU01,2041,7.311
GLOBAL,PWRCOACHNFU01,2042,7.311
GLOBAL,PWRCOACHNFU01,2043,4.521
GLOBAL,PWRCOACHNFU01,2044,4.521
GLOBAL,PWRCOACHNFU01,2045,1.32
GLOBAL,PWRCOACHNFU01,2046,1.32
GLOBAL,PWRCOACHNFU01,2047,1.32
GLOBAL,PWRCOACHNFU01,2048,1.32
GLOBAL,PWRCOACHNFU01,2049,0.0
GLOBAL,PWRCOACHNFU01,2050,0.0
GLOBAL,PWRHYDCHNFU01,2021,6.6139
GLOBAL,PWRHYDCHNFU01,2022,6.6139
GLOBAL,PWRHYDCHNFU01,2023,6.6139
GLOBAL,PWRHYDCHNFU01,2024,6.6139
GLOBAL,PWRHYDCHNFU01,2025,6.6139
GLOBAL,PWRHYDCHNFU01,2026,6.6139
GLOBAL,PWRHYDCHNFU01,2027,6.6139
GLOBAL,PWRHYDCHNFU01,2028,6.6139
GLOBAL,PWRHYDCHNFU01,2029,6.6139
GLOBAL,PWRHYDCHNFU01,2030,6.6139
GLOBAL,PWRHYDCHNFU01,2031,6.6139
GLOBAL,PWRHYDCHNFU01,2032,6.6139
GLOBAL,PWRHYDCHNFU01,2033,6.6139
GLOBAL,PWRHYDCHNFU01,2034,6.6139
GLOBAL,PWRHYDCHNFU01,2035,6.6139
GLOBAL,PWRHYDCHNFU01,2036,6.6139
GLOBAL,PWRHYDCHNFU01,2037,6.6139
GLOBAL,PWRHYDCHNFU01,2038,6.6139
GLOBAL,PWRHYDCHNFU01,2039,6.6139
GLOBAL,PWRHYDCHNFU01,2040,6.6139
GLOBAL,PWRHYDCHNFU01,2041,6.6139
GLOBAL,PWRHYDCHNFU01,2042,6.6139
GLOBAL,PWRHYDCHNFU01,2043,6.6139
GLOBAL,PWRHYDCHNFU01,2044,6.6139
GLOBAL,PWRHYDCHNFU01,2045,6.6139
GLOBAL,PWRHYDCHNFU01,2046,6.6139
GLOBAL,PWRHYDCHNFU01,2047,6.6139
GLOBAL,PWRHYDCHNFU01,2048,6.6139
GLOBAL,PWRHYDCHNFU01,2049,6.6139
GLOBAL,PWRHYDCHNFU01,2050,6.6139
GLOBAL,PWROCGCHNFU00,2021,0.051
GLOBAL,PWROCGCHNFU00,2022,0.051
GLOBAL,PWROCGCHNFU00,2023,0.051
GLOBAL,PWROCGCHNFU00,2024,0.051
GLOBAL,PWROCGCHNFU00,2025,0.0
GLOBAL,PWROCGCHNFU00,2026,0.0
GLOBAL,PWROCGCHNFU00,2027,0.0
GLOBAL,PWROCGCHNFU00,2028,0.0
GLOBAL,PWROCGCHNFU00,2029,0.0
GLOBAL,PWROCGCHNFU00,2030,0.0
GLOBAL,PWROCGCHNFU00,2031,0.0
GLOBAL,PWROCGCHNFU00,2032,0.0
GLOBAL,PWROCGCHNFU00,2033,0.0
GLOBAL,PWROCGCHNFU00,2034,0.0
GLOBAL,PWROCGCHNFU00,2035,0.0
GLOBAL,PWROCGCHNFU00,2036,0.0
GLOBAL,PWROCGCHNFU00,2037,0.0
GLOBAL,PWROCGCHNFU00,2038,0.0
GLOBAL,PWROCGCHNFU00,2039,0.0
GLOBAL,PWROCGCHNFU00,2040,0.0
GLOBAL,PWROCGCHNFU00,2041,0.0
GLOBAL,PWROCGCHNFU00,2042,0.0
GLOBAL,PWROCGCHNFU00,2043,0.0
GLOBAL,PWROCGCHNFU00,2044,0.0
GLOBAL,PWROCGCHNFU00,2045,0.0
GLOBAL,PWROCGCHNFU00,2046,0.0
GLOBAL,PWROCGCHNFU00,2047,0.0
GLOBAL,PWROCGCHNFU00,2048,0.0
GLOBAL,PWROCGCHNFU00,2049,0.0
GLOBAL,PWROCGCHNFU00,2050,0.0
GLOBAL,PWRURNCHNFU01,2021,8.071
GLOBAL,PWRURNCHNFU01,2022,8.071
GLOBAL,PWRURNCHNFU01,2023,8.071
GLOBAL,PWRURNCHNFU01,2024,8.071
GLOBAL,PWRURNCHNFU01,2025,8.071
GLOBAL,PWRURNCHNFU01,2026,8.071
GLOBAL,PWRURNCHNFU01,2027,8.071
GLOBAL,PWRURNCHNFU01,2028,8.071
GLOBAL,PWRURNCHNFU01,2029,8.071
GLOBAL,PWRURNCHNFU01,2030,8.071
GLOBAL,PWRURNCHNFU01,2031,8.071
GLOBAL,PWRURNCHNFU01,2032,8.071
GLOBAL,PWRURNCHNFU01,2033,8.071
GLOBAL,PWRURNCHNFU01,2034,8.071
GLOBAL,PWRURNCHNFU01,2035,8.071
GLOBAL,PWRURNCHNFU01,2036,8.071
GLOBAL,PWRURNCHNFU01,2037,8.071
GLOBAL,PWRURNCHNFU01,2038,8.071
GLOBAL,PWRURNCHNFU01,2039,8.071
GLOBAL,PWRURNCHNFU01,2040,8.071
GLOBAL,PWRURNCHNFU01,2041,8.071
GLOBAL,PWRURNCHNFU01,2042,8.071
GLOBAL,PWRURNCHNFU01,2043,8.071
GLOBAL,PWRURNCHNFU01,2044,8.071
GLOBAL,PWRURNCHNFU01,2045,0.0
GLOBAL,PWRURNCHNFU01,2046,0.0
GLOBAL,PWRURNCHNFU01,2047,0.0
GLOBAL,PWRURNCHNFU01,2048,0.0
GLOBAL,PWRURNCHNFU01,2049,0.0
GLOBAL,PWRURNCHNFU01,2050,0.0
GLOBAL,PWRWOFCHNFU01,2021,0.126
GLOBAL,PWRWOFCHNFU01,2022,0.126
GLOBAL,PWRWOFCHNFU01,2023,0.126
GLOBAL,PWRWOFCHNFU01,2024,0.126
GLOBAL,PWRWOFCHNFU01,2025,0.126
GLOBAL,PWRWOFCHNFU01,2026,0.126
GLOBAL,PWRWOFCHNFU01,2027,0.126
GLOBAL,PWRWOFCHNFU01,2028,0.126
GLOBAL,PWRWOFCHNFU01,2029,0.126
GLOBAL,PWRWOFCHNFU01,2030,0.126
GLOBAL,PWRWOFCHNFU01,2031,0.126
GLOBAL,PWRWOFCHNFU01,2032,0.126
GLOBAL,PWRWOFCHNFU01,2033,0.126
GLOBAL,PWRWOFCHNFU01,2034,0.126
GLOBAL,PWRWOFCHNFU01,2035,0.126
GLOBAL,PWRWOFCHNFU01,2036,0.126
GLOBAL,PWRWOFCHNFU01,2037,0.126
GLOBAL,PWRWOFCHNFU01,2038,0.126
GLOBAL,PWRWOFCHNFU01,2039,0.126
GLOBAL,PWRWOFCHNFU01,2040,0.126
GLOBAL,PWRWOFCHNFU01,2041,0.0
GLOBAL,PWRWOFCHNFU01,2042,0.0
GLOBAL,PWRWOFCHNFU01,2043,0.0
GLOBAL,PWRWOFCHNFU01,2044,0.0
GLOBAL,PWRWOFCHNFU01,2045,0.0
GLOBAL,PWRWOFCHNFU01,2046,0.0
GLOBAL,PWRWOFCHNFU01,2047,0.0
GLOBAL,PWRWOFCHNFU01,2048,0.0
GLOBAL,PWRWOFCHNFU01,2049,0.0
GLOBAL,PWRWOFCHNFU01,2050,0.0
GLOBAL,PWRWONCHNFU01,2021,2.5029
GLOBAL,PWRWONCHNFU01,2022,2.5029
GLOBAL,PWRWONCHNFU01,2023,2.5029
GLOBAL,PWRWONCHNFU01,2024,2.5029
GLOBAL,PWRWONCHNFU01,2025,2.5029
GLOBAL,PWRWONCHNFU01,2026,2.5029
GLOBAL,PWRWONCHNFU01,2027,2.5029
GLOBAL,PWRWONCHNFU01,2028,2.5029
GLOBAL,PWRWONCHNFU01,2029,2.5029
GLOBAL,PWRWONCHNFU01,2030,2.5029
GLOBAL,PWRWONCHNFU01,2031,2.5029
GLOBAL,PWRWONCHNFU01,2032,2.5029
GLOBAL,PWRWONCHNFU01,2033,2.5029
GLOBAL,PWRWONCHNFU01,2034,2.5029
GLOBAL,PWRWONCHNFU01,2035,2.5029
GLOBAL,PWRWONCHNFU01,2036,2.5029
GLOBAL,PWRWONCHNFU01,2037,2.5029
GLOBAL,PWRWONCHNFU01,2038,2.5029
GLOBAL,PWRWONCHNFU01,2039,2.5029
GLOBAL,PWRWONCHNFU01,2040,0.0
GLOBAL,PWRWONCHNFU01,2041,0.0
GLOBAL,PWRWONCHNFU01,2042,0.0
GLOBAL,PWRWONCHNFU01,2043,0.0
GLOBAL,PWRWONCHNFU01,2044,0.0
GLOBAL,PWRWONCHNFU01,2045,0.0
GLOBAL,PWRWONCHNFU01,2046,0.0
GLOBAL,PWRWONCHNFU01,2047,0.0
GLOBAL,PWRWONCHNFU01,2048,0.0
GLOBAL,PWRWONCHNFU01,2049,0.0
GLOBAL,PWRWONCHNFU01,2050,0.0
GLOBAL,PWRBIOCHNGA01,2021,0.2682
GLOBAL,PWRBIOCHNGA01,2022,0.2682
GLOBAL,PWRBIOCHNGA01,2023,0.2682
GLOBAL,PWRBIOCHNGA01,2024,0.2682
GLOBAL,PWRBIOCHNGA01,2025,0.2682
GLOBAL,PWRBIOCHNGA01,2026,0.2682
GLOBAL,PWRBIOCHNGA01,2027,0.2682
GLOBAL,PWRBIOCHNGA01,2028,0.2682
GLOBAL,PWRBIOCHNGA01,2029,0.2682
GLOBAL,PWRBIOCHNGA01,2030,0.2682
GLOBAL,PWRBIOCHNGA01,2031,0.2682
GLOBAL,PWRBIOCHNGA01,2032,0.0
GLOBAL,PWRBIOCHNGA01,2033,0.0
GLOBAL,PWRBIOCHNGA01,2034,0.0
GLOBAL,PWRBIOCHNGA01,2035,0.0
GLOBAL,PWRBIOCHNGA01,2036,0.0
GLOBAL,PWRBIOCHNGA01,2037,0.0
GLOBAL,PWRBIOCHNGA01,2038,0.0
GLOBAL,PWRBIOCHNGA01,2039,0.0
GLOBAL,PWRBIOCHNGA01,2040,0.0
GLOBAL,PWRBIOCHNGA01,2041,0.0
GLOBAL,PWRBIOCHNGA01,2042,0.0
GLOBAL,PWRBIOCHNGA01,2043,0.0
GLOBAL,PWRBIOCHNGA01,2044,0.0
GLOBAL,PWRBIOCHNGA01,2045,0.0
GLOBAL,PWRBIOCHNGA01,2046,0.0
GLOBAL,PWRBIOCHNGA01,2047,0.0
GLOBAL,PWRBIOCHNGA01,2048,0.0
GLOBAL,PWRBIOCHNGA01,2049,0.0
GLOBAL,PWRBIOCHNGA01,2050,0.0
GLOBAL,PWRCOACHNGA01,2021,21.8363
GLOBAL,PWRCOACHNGA01,2022,21.8363
GLOBAL,PWRCOACHNGA01,2023,21.8363
GLOBAL,PWRCOACHNGA01,2024,21.8363
GLOBAL,PWRCOACHNGA01,2025,21.8363
GLOBAL,PWRCOACHNGA01,2026,21.8363
GLOBAL,PWRCOACHNGA01,2027,21.8363
GLOBAL,PWRCOACHNGA01,2028,20.738
GLOBAL,PWRCOACHNGA01,2029,20.738
GLOBAL,PWRCOACHNGA01,2030,20.738
GLOBAL,PWRCOACHNGA01,2031,20.738
GLOBAL,PWRCOACHNGA01,2032,19.498
GLOBAL,PWRCOACHNGA01,2033,19.498
GLOBAL,PWRCOACHNGA01,2034,18.399
GLOBAL,PWRCOACHNGA01,2035,14.758
GLOBAL,PWRCOACHNGA01,2036,14.758
GLOBAL,PWRCOACHNGA01,2037,9.977
GLOBAL,PWRCOACHNGA01,2038,9.317
GLOBAL,PWRCOACHNGA01,2039,8.717
GLOBAL,PWRCOACHNGA01,2040,7.397
GLOBAL,PWRCOACHNGA01,2041,6.077
GLOBAL,PWRCOACHNGA01,2042,4.757
GLOBAL,PWRCOACHNGA01,2043,4.058
GLOBAL,PWRCOACHNGA01,2044,2.798
GLOBAL,PWRCOACHNGA01,2045,1.398
GLOBAL,PWRCOACHNGA01,2046,1.398
GLOBAL,PWRCOACHNGA01,2047,0.699
GLOBAL,PWRCOACHNGA01,2048,0.0
GLOBAL,PWRCOACHNGA01,2049,0.0
GLOBAL,PWRCOACHNGA01,2050,0.0
GLOBAL,PWRCSPCHNGA01,2021,0.05
GLOBAL,PWRCSPCHNGA01,2022,0.05
GLOBAL,PWRCSPCHNGA01,2023,0.05
GLOBAL,PWRCSPCHNGA01,2024,0.05
GLOBAL,PWRCSPCHNGA01,2025,0.05
GLOBAL,PWRCSPCHNGA01,2026,0.05
GLOBAL,PWRCSPCHNGA01,2027,0.05
GLOBAL,PWRCSPCHNGA01,2028,0.05
GLOBAL,PWRCSPCHNGA01,2029,0.05
GLOBAL,PWRCSPCHNGA01,2030,0.05
GLOBAL,PWRCSPCHNGA01,2031,0.05
GLOBAL,PWRCSPCHNGA01,2032,0.05
GLOBAL,PWRCSPCHNGA01,2033,0.05
GLOBAL,PWRCSPCHNGA01,2034,0.05
GLOBAL,PWRCSPCHNGA01,2035,0.05
GLOBAL,PWRCSPCHNGA01,2036,0.05
GLOBAL,PWRCSPCHNGA01,2037,0.05
GLOBAL,PWRCSPCHNGA01,2038,0.05
GLOBAL,PWRCSPCHNGA01,2039,0.05
GLOBAL,PWRCSPCHNGA01,2040,0.0
GLOBAL,PWRCSPCHNGA01,2041,0.0
GLOBAL,PWRCSPCHNGA01,2042,0.0
GLOBAL,PWRCSPCHNGA01,2043,0.0
GLOBAL,PWRCSPCHNGA01,2044,0.0
GLOBAL,PWRCSPCHNGA01,2045,0.0
GLOBAL,PWRCSPCHNGA01,2046,0.0
GLOBAL,PWRCSPCHNGA01,2047,0.0
GLOBAL,PWRCSPCHNGA01,2048,0.0
GLOBAL,PWRCSPCHNGA01,2049,0.0
GLOBAL,PWRCSPCHNGA01,2050,0.0
GLOBAL,PWRHYDCHNGA01,2021,7.3259
GLOBAL,PWRHYDCHNGA01,2022,7.3259
GLOBAL,PWRHYDCHNGA01,2023,7.3259
GLOBAL,PWRHYDCHNGA01,2024,7.3259
GLOBAL,PWRHYDCHNGA01,2025,7.3259
GLOBAL,PWRHYDCHNGA01,2026,7.3259
GLOBAL,PWRHYDCHNGA01,2027,7.3259
GLOBAL,PWRHYDCHNGA01,2028,7.3259
GLOBAL,PWRHYDCHNGA01,2029,7.3259
GLOBAL,PWRHYDCHNGA01,2030,7.3259
GLOBAL,PWRHYDCHNGA01,2031,7.3259
GLOBAL,PWRHYDCHNGA01,2032,7.3259
GLOBAL,PWRHYDCHNGA01,2033,7.3259
GLOBAL,PWRHYDCHNGA01,2034,7.3259
GLOBAL,PWRHYDCHNGA01,2035,7.3259
GLOBAL,PWRHYDCHNGA01,2036,7.3259
GLOBAL,PWRHYDCHNGA01,2037,7.3259
GLOBAL,PWRHYDCHNGA01,2038,7.3259
GLOBAL,PWRHYDCHNGA01,2039,7.3259
GLOBAL,PWRHYDCHNGA01,2040,7.3259
GLOBAL,PWRHYDCHNGA01,2041,7.3259
GLOBAL,PWRHYDCHNGA01,2042,7.3259
GLOBAL,PWRHYDCHNGA01,2043,7.3259
GLOBAL,PWRHYDCHNGA01,2044,7.3259
GLOBAL,PWRHYDCHNGA01,2045,7.3259
GLOBAL,PWRHYDCHNGA01,2046,7.3259
GLOBAL,PWRHYDCHNGA01,2047,7.3259
GLOBAL,PWRHYDCHNGA01,2048,7.3259
GLOBAL,PWRHYDCHNGA01,2049,7.3259
GLOBAL,PWRHYDCHNGA01,2050,7.3259
GLOBAL,PWRSPVCHNGA01,2021,4.2941
GLOBAL,PWRSPVCHNGA01,2022,4.2941
GLOBAL,PWRSPVCHNGA01,2023,4.2941
GLOBAL,PWRSPVCHNGA01,2024,4.2941
GLOBAL,PWRSPVCHNGA01,2025,4.2941
GLOBAL,PWRSPVCHNGA01,2026,4.2941
GLOBAL,PWRSPVCHNGA01,2027,4.2941
GLOBAL,PWRSPVCHNGA01,2028,4.2941
GLOBAL,PWRSPVCHNGA01,2029,4.2941
GLOBAL,PWRSPVCHNGA01,2030,4.2941
GLOBAL,PWRSPVCHNGA01,2031,4.2941
GLOBAL,PWRSPVCHNGA01,2032,4.2941
GLOBAL,PWRSPVCHNGA01,2033,4.2941
GLOBAL,PWRSPVCHNGA01,2034,4.2941
GLOBAL,PWRSPVCHNGA01,2035,4.2941
GLOBAL,PWRSPVCHNGA01,2036,4.2941
GLOBAL,PWRSPVCHNGA01,2037,4.2941
GLOBAL,PWRSPVCHNGA01,2038,4.2941
GLOBAL,PWRSPVCHNGA01,2039,4.2941
GLOBAL,PWRSPVCHNGA01,2040,4.2941
GLOBAL,PWRSPVCHNGA01,2041,4.2941
GLOBAL,PWRSPVCHNGA01,2042,4.2941
GLOBAL,PWRSPVCHNGA01,2043,4.2941
GLOBAL,PWRSPVCHNGA01,2044,4.2941
GLOBAL,PWRSPVCHNGA01,2045,0.0
GLOBAL,PWRSPVCHNGA01,2046,0.0
GLOBAL,PWRSPVCHNGA01,2047,0.0
GLOBAL,PWRSPVCHNGA01,2048,0.0
GLOBAL,PWRSPVCHNGA01,2049,0.0
GLOBAL,PWRSPVCHNGA01,2050,0.0
GLOBAL,PWRWONCHNGA01,2021,16.2107
GLOBAL,PWRWONCHNGA01,2022,16.2107
GLOBAL,PWRWONCHNGA01,2023,16.2107
GLOBAL,PWRWONCHNGA01,2024,16.2107
GLOBAL,PWRWONCHNGA01,2025,16.2107
GLOBAL,PWRWONCHNGA01,2026,16.2107
GLOBAL,PWRWONCHNGA01,2027,16.2107
GLOBAL,PWRWONCHNGA01,2028,16.2107
GLOBAL,PWRWONCHNGA01,2029,16.2107
GLOBAL,PWRWONCHNGA01,2030,16.2107
GLOBAL,PWRWONCHNGA01,2031,16.2107
GLOBAL,PWRWONCHNGA01,2032,16.2107
GLOBAL,PWRWONCHNGA01,2033,16.2107
GLOBAL,PWRWONCHNGA01,2034,16.2107
GLOBAL,PWRWONCHNGA01,2035,16.2107
GLOBAL,PWRWONCHNGA01,2036,16.2107
GLOBAL,PWRWONCHNGA01,2037,16.2107
GLOBAL,PWRWONCHNGA01,2038,16.2107
GLOBAL,PWRWONCHNGA01,2039,16.2107
GLOBAL,PWRWONCHNGA01,2040,0.0
GLOBAL,PWRWONCHNGA01,2041,0.0
GLOBAL,PWRWONCHNGA01,2042,0.0
GLOBAL,PWRWONCHNGA01,2043,0.0
GLOBAL,PWRWONCHNGA01,2044,0.0
GLOBAL,PWRWONCHNGA01,2045,0.0
GLOBAL,PWRWONCHNGA01,2046,0.0
GLOBAL,PWRWONCHNGA01,2047,0.0
GLOBAL,PWRWONCHNGA01,2048,0.0
GLOBAL,PWRWONCHNGA01,2049,0.0
GLOBAL,PWRWONCHNGA01,2050,0.0
GLOBAL,PWRBIOCHNGD01,2021,0.7555
GLOBAL,PWRBIOCHNGD01,2022,0.7555
GLOBAL,PWRBIOCHNGD01,2023,0.7555
GLOBAL,PWRBIOCHNGD01,2024,0.7555
GLOBAL,PWRBIOCHNGD01,2025,0.7555
GLOBAL,PWRBIOCHNGD01,2026,0.7555
GLOBAL,PWRBIOCHNGD01,2027,0.7555
GLOBAL,PWRBIOCHNGD01,2028,0.7555
GLOBAL,PWRBIOCHNGD01,2029,0.7555
GLOBAL,PWRBIOCHNGD01,2030,0.7555
GLOBAL,PWRBIOCHNGD01,2031,0.7555
GLOBAL,PWRBIOCHNGD01,2032,0.0
GLOBAL,PWRBIOCHNGD01,2033,0.0
GLOBAL,PWRBIOCHNGD01,2034,0.0
GLOBAL,PWRBIOCHNGD01,2035,0.0
GLOBAL,PWRBIOCHNGD01,2036,0.0
GLOBAL,PWRBIOCHNGD01,2037,0.0
GLOBAL,PWRBIOCHNGD01,2038,0.0
GLOBAL,PWRBIOCHNGD01,2039,0.0
GLOBAL,PWRBIOCHNGD01,2040,0.0
GLOBAL,PWRBIOCHNGD01,2041,0.0
GLOBAL,PWRBIOCHNGD01,2042,0.0
GLOBAL,PWRBIOCHNGD01,2043,0.0
GLOBAL,PWRBIOCHNGD01,2044,0.0
GLOBAL,PWRBIOCHNGD01,2045,0.0
GLOBAL,PWRBIOCHNGD01,2046,0.0
GLOBAL,PWRBIOCHNGD01,2047,0.0
GLOBAL,PWRBIOCHNGD01,2048,0.0
GLOBAL,PWRBIOCHNGD01,2049,0.0
GLOBAL,PWRBIOCHNGD01,2050,0.0
GLOBAL,PWRCCGCHNGD00,2021,14.2744
GLOBAL,PWRCCGCHNGD00,2022,14.2744
GLOBAL,PWRCCGCHNGD00,2023,14.2744
GLOBAL,PWRCCGCHNGD00,2024,14.2744
GLOBAL,PWRCCGCHNGD00,2025,0.0
GLOBAL,PWRCCGCHNGD00,2026,0.0
GLOBAL,PWRCCGCHNGD00,2027,0.0
GLOBAL,PWRCCGCHNGD00,2028,0.0
GLOBAL,PWRCCGCHNGD00,2029,0.0
GLOBAL,PWRCCGCHNGD00,2030,0.0
GLOBAL,PWRCCGCHNGD00,2031,0.0
GLOBAL,PWRCCGCHNGD00,2032,0.0
GLOBAL,PWRCCGCHNGD00,2033,0.0
GLOBAL,PWRCCGCHNGD00,2034,0.0
GLOBAL,PWRCCGCHNGD00,2035,0.0
GLOBAL,PWRCCGCHNGD00,2036,0.0
GLOBAL,PWRCCGCHNGD00,2037,0.0
GLOBAL,PWRCCGCHNGD00,2038,0.0
GLOBAL,PWRCCGCHNGD00,2039,0.0
GLOBAL,PWRCCGCHNGD00,2040,0.0
GLOBAL,PWRCCGCHNGD00,2041,0.0
GLOBAL,PWRCCGCHNGD00,2042,0.0
GLOBAL,PWRCCGCHNGD00,2043,0.0
GLOBAL,PWRCCGCHNGD00,2044,0.0
GLOBAL,PWRCCGCHNGD00,2045,0.0
GLOBAL,PWRCCGCHNGD00,2046,0.0
GLOBAL,PWRCCGCHNGD00,2047,0.0
GLOBAL,PWRCCGCHNGD00,2048,0.0
GLOBAL,PWRCCGCHNGD00,2049,0.0
GLOBAL,PWRCCGCHNGD00,2050,0.0
GLOBAL,PWRCOACHNGD01,2021,66.5831
GLOBAL,PWRCOACHNGD01,2022,66.3981
GLOBAL,PWRCOACHNGD01,2023,62.4221
GLOBAL,PWRCOACHNGD01,2024,62.4221
GLOBAL,PWRCOACHNGD01,2025,62.4221
GLOBAL,PWRCOACHNGD01,2026,61.1221
GLOBAL,PWRCOACHNGD01,2027,59.5921
GLOBAL,PWRCOACHNGD01,2028,54.971
GLOBAL,PWRCOACHNGD01,2029,53.13
GLOBAL,PWRCOACHNGD01,2030,53.13
GLOBAL,PWRCOACHNGD01,2031,50.01
GLOBAL,PWRCOACHNGD01,2032,50.01
GLOBAL,PWRCOACHNGD01,2033,50.01
GLOBAL,PWRCOACHNGD01,2034,48.66
GLOBAL,PWRCOACHNGD01,2035,46.685
GLOBAL,PWRCOACHNGD01,2036,46.09
GLOBAL,PWRCOACHNGD01,2037,45.44
GLOBAL,PWRCOACHNGD01,2038,38.186
GLOBAL,PWRCOACHNGD01,2039,33.14
GLOBAL,PWRCOACHNGD01,2040,31.07
GLOBAL,PWRCOACHNGD01,2041,23.226
GLOBAL,PWRCOACHNGD01,2042,9.161
GLOBAL,PWRCOACHNGD01,2043,8.501
GLOBAL,PWRCOACHNGD01,2044,7.802
GLOBAL,PWRCOACHNGD01,2045,7.103
GLOBAL,PWRCOACHNGD01,2046,1.899
GLOBAL,PWRCOACHNGD01,2047,0.699
GLOBAL,PWRCOACHNGD01,2048,0.0
GLOBAL,PWRCOACHNGD01,2049,0.0
GLOBAL,PWRCOACHNGD01,2050,0.0
GLOBAL,PWRHYDCHNGD01,2021,8.5417
GLOBAL,PWRHYDCHNGD01,2022,8.5417
GLOBAL,PWRHYDCHNGD01,2023,8.5417
GLOBAL,PWRHYDCHNGD01,2024,8.5417
GLOBAL,PWRHYDCHNGD01,2025,8.5417
GLOBAL,PWRHYDCHNGD01,2026,8.5417
GLOBAL,PWRHYDCHNGD01,2027,8.5417
GLOBAL,PWRHYDCHNGD01,2028,8.5417
GLOBAL,PWRHYDCHNGD01,2029,8.5417
GLOBAL,PWRHYDCHNGD01,2030,8.5417
GLOBAL,PWRHYDCHNGD01,2031,8.5417
GLOBAL,PWRHYDCHNGD01,2032,8.5417
GLOBAL,PWRHYDCHNGD01,2033,8.5417
GLOBAL,PWRHYDCHNGD01,2034,8.5417
GLOBAL,PWRHYDCHNGD01,2035,8.5417
GLOBAL,PWRHYDCHNGD01,2036,8.5417
GLOBAL,PWRHYDCHNGD01,2037,8.5417
GLOBAL,PWRHYDCHNGD01,2038,8.5417
GLOBAL,PWRHYDCHNGD01,2039,8.5417
GLOBAL,PWRHYDCHNGD01,2040,8.5417
GLOBAL,PWRHYDCHNGD01,2041,8.5417
GLOBAL,PWRHYDCHNGD01,2042,8.5417
GLOBAL,PWRHYDCHNGD01,2043,8.5417
GLOBAL,PWRHYDCHNGD01,2044,8.5417
GLOBAL,PWRHYDCHNGD01,2045,8.5417
GLOBAL,PWRHYDCHNGD01,2046,8.5417
GLOBAL,PWRHYDCHNGD01,2047,8.5417
GLOBAL,PWRHYDCHNGD01,2048,8.5417
GLOBAL,PWRHYDCHNGD01,2049,8.5417
GLOBAL,PWRHYDCHNGD01,2050,8.5417
GLOBAL,PWROCGCHNGD00,2021,0.14
GLOBAL,PWROCGCHNGD00,2022,0.14
GLOBAL,PWROCGCHNGD00,2023,0.14
GLOBAL,PWROCGCHNGD00,2024,0.14
GLOBAL,PWROCGCHNGD00,2025,0.0
GLOBAL,PWROCGCHNGD00,2026,0.0
GLOBAL,PWROCGCHNGD00,2027,0.0
GLOBAL,PWROCGCHNGD00,2028,0.0
GLOBAL,PWROCGCHNGD00,2029,0.0
GLOBAL,PWROCGCHNGD00,2030,0.0
GLOBAL,PWROCGCHNGD00,2031,0.0
GLOBAL,PWROCGCHNGD00,2032,0.0
GLOBAL,PWROCGCHNGD00,2033,0.0
GLOBAL,PWROCGCHNGD00,2034,0.0
GLOBAL,PWROCGCHNGD00,2035,0.0
GLOBAL,PWROCGCHNGD00,2036,0.0
GLOBAL,PWROCGCHNGD00,2037,0.0
GLOBAL,PWROCGCHNGD00,2038,0.0
GLOBAL,PWROCGCHNGD00,2039,0.0
GLOBAL,PWROCGCHNGD00,2040,0.0
GLOBAL,PWROCGCHNGD00,2041,0.0
GLOBAL,PWROCGCHNGD00,2042,0.0
GLOBAL,PWROCGCHNGD00,2043,0.0
GLOBAL,PWROCGCHNGD00,2044,0.0
GLOBAL,PWROCGCHNGD00,2045,0.0
GLOBAL,PWROCGCHNGD00,2046,0.0
GLOBAL,PWROCGCHNGD00,2047,0.0
GLOBAL,PWROCGCHNGD00,2048,0.0
GLOBAL,PWROCGCHNGD00,2049,0.0
GLOBAL,PWROCGCHNGD00,2050,0.0
GLOBAL,PWROILCHNGD01,2021,1.8826
GLOBAL,PWROILCHNGD01,2022,1.8826
GLOBAL,PWROILCHNGD01,2023,1.8826
GLOBAL,PWROILCHNGD01,2024,1.8826
GLOBAL,PWROILCHNGD01,2025,1.8826
GLOBAL,PWROILCHNGD01,2026,1.8826
GLOBAL,PWROILCHNGD01,2027,0.0
GLOBAL,PWROILCHNGD01,2028,0.0
GLOBAL,PWROILCHNGD01,2029,0.0
GLOBAL,PWROILCHNGD01,2030,0.0
GLOBAL,PWROILCHNGD01,2031,0.0
GLOBAL,PWROILCHNGD01,2032,0.0
GLOBAL,PWROILCHNGD01,2033,0.0
GLOBAL,PWROILCHNGD01,2034,0.0
GLOBAL,PWROILCHNGD01,2035,0.0
GLOBAL,PWROILCHNGD01,2036,0.0
GLOBAL,PWROILCHNGD01,2037,0.0
GLOBAL,PWROILCHNGD01,2038,0.0
GLOBAL,PWROILCHNGD01,2039,0.0
GLOBAL,PWROILCHNGD01,2040,0.0
GLOBAL,PWROILCHNGD01,2041,0.0
GLOBAL,PWROILCHNGD01,2042,0.0
GLOBAL,PWROILCHNGD01,2043,0.0
GLOBAL,PWROILCHNGD01,2044,0.0
GLOBAL,PWROILCHNGD01,2045,0.0
GLOBAL,PWROILCHNGD01,2046,0.0
GLOBAL,PWROILCHNGD01,2047,0.0
GLOBAL,PWROILCHNGD01,2048,0.0
GLOBAL,PWROILCHNGD01,2049,0.0
GLOBAL,PWROILCHNGD01,2050,0.0
GLOBAL,PWRURNCHNGD01,2021,9.798
GLOBAL,PWRURNCHNGD01,2022,9.798
GLOBAL,PWRURNCHNGD01,2023,9.798
GLOBAL,PWRURNCHNGD01,2024,9.798
GLOBAL,PWRURNCHNGD01,2025,9.798
GLOBAL,PWRURNCHNGD01,2026,9.798
GLOBAL,PWRURNCHNGD01,2027,9.798
GLOBAL,PWRURNCHNGD01,2028,9.798
GLOBAL,PWRURNCHNGD01,2029,9.798
GLOBAL,PWRURNCHNGD01,2030,9.798
GLOBAL,PWRURNCHNGD01,2031,9.798
GLOBAL,PWRURNCHNGD01,2032,9.798
GLOBAL,PWRURNCHNGD01,2033,9.798
GLOBAL,PWRURNCHNGD01,2034,9.798
GLOBAL,PWRURNCHNGD01,2035,9.798
GLOBAL,PWRURNCHNGD01,2036,9.798
GLOBAL,PWRURNCHNGD01,2037,9.798
GLOBAL,PWRURNCHNGD01,2038,9.798
GLOBAL,PWRURNCHNGD01,2039,9.798
GLOBAL,PWRURNCHNGD01,2040,9.798
GLOBAL,PWRURNCHNGD01,2041,9.798
GLOBAL,PWRURNCHNGD01,2042,9.798
GLOBAL,PWRURNCHNGD01,2043,9.798
GLOBAL,PWRURNCHNGD01,2044,9.798
GLOBAL,PWRURNCHNGD01,2045,0.0
GLOBAL,PWRURNCHNGD01,2046,0.0
GLOBAL,PWRURNCHNGD01,2047,0.0
GLOBAL,PWRURNCHNGD01,2048,0.0
GLOBAL,PWRURNCHNGD01,2049,0.0
GLOBAL,PWRURNCHNGD01,2050,0.0
GLOBAL,PWRWONCHNGD01,2021,3.7544
GLOBAL,PWRWONCHNGD01,2022,3.7544
GLOBAL,PWRWONCHNGD01,2023,3.7544
GLOBAL,PWRWONCHNGD01,2024,3.7544
GLOBAL,PWRWONCHNGD01,2025,3.7544
GLOBAL,PWRWONCHNGD01,2026,3.7544
GLOBAL,PWRWONCHNGD01,2027,3.7544
GLOBAL,PWRWONCHNGD01,2028,3.7544
GLOBAL,PWRWONCHNGD01,2029,3.7544
GLOBAL,PWRWONCHNGD01,2030,3.7544
GLOBAL,PWRWONCHNGD01,2031,3.7544
GLOBAL,PWRWONCHNGD01,2032,3.7544
GLOBAL,PWRWONCHNGD01,2033,3.7544
GLOBAL,PWRWONCHNGD01,2034,3.7544
GLOBAL,PWRWONCHNGD01,2035,3.7544
GLOBAL,PWRWONCHNGD01,2036,3.7544
GLOBAL,PWRWONCHNGD01,2037,3.7544
GLOBAL,PWRWONCHNGD01,2038,3.7544
GLOBAL,PWRWONCHNGD01,2039,3.7544
GLOBAL,PWRWONCHNGD01,2040,0.0
GLOBAL,PWRWONCHNGD01,2041,0.0
GLOBAL,PWRWONCHNGD01,2042,0.0
GLOBAL,PWRWONCHNGD01,2043,0.0
GLOBAL,PWRWONCHNGD01,2044,0.0
GLOBAL,PWRWONCHNGD01,2045,0.0
GLOBAL,PWRWONCHNGD01,2046,0.0
GLOBAL,PWRWONCHNGD01,2047,0.0
GLOBAL,PWRWONCHNGD01,2048,0.0
GLOBAL,PWRWONCHNGD01,2049,0.0
GLOBAL,PWRWONCHNGD01,2050,0.0
GLOBAL,PWRBIOCHNGU01,2021,0.3469
GLOBAL,PWRBIOCHNGU01,2022,0.3469
GLOBAL,PWRBIOCHNGU01,2023,0.3469
GLOBAL,PWRBIOCHNGU01,2024,0.3469
GLOBAL,PWRBIOCHNGU01,2025,0.3469
GLOBAL,PWRBIOCHNGU01,2026,0.3469
GLOBAL,PWRBIOCHNGU01,2027,0.3469
GLOBAL,PWRBIOCHNGU01,2028,0.3469
GLOBAL,PWRBIOCHNGU01,2029,0.3469
GLOBAL,PWRBIOCHNGU01,2030,0.3469
GLOBAL,PWRBIOCHNGU01,2031,0.3469
GLOBAL,PWRBIOCHNGU01,2032,0.0
GLOBAL,PWRBIOCHNGU01,2033,0.0
GLOBAL,PWRBIOCHNGU01,2034,0.0
GLOBAL,PWRBIOCHNGU01,2035,0.0
GLOBAL,PWRBIOCHNGU01,2036,0.0
GLOBAL,PWRBIOCHNGU01,2037,0.0
GLOBAL,PWRBIOCHNGU01,2038,0.0
GLOBAL,PWRBIOCHNGU01,2039,0.0
GLOBAL,PWRBIOCHNGU01,2040,0.0
GLOBAL,PWRBIOCHNGU01,2041,0.0
GLOBAL,PWRBIOCHNGU01,2042,0.0
GLOBAL,PWRBIOCHNGU01,2043,0.0
GLOBAL,PWRBIOCHNGU01,2044,0.0
GLOBAL,PWRBIOCHNGU01,2045,0.0
GLOBAL,PWRBIOCHNGU01,2046,0.0
GLOBAL,PWRBIOCHNGU01,2047,0.0
GLOBAL,PWRBIOCHNGU01,2048,0.0
GLOBAL,PWRBIOCHNGU01,2049,0.0
GLOBAL,PWRBIOCHNGU01,2050,0.0
GLOBAL,PWRCOACHNGU01,2021,31.4279
GLOBAL,PWRCOACHNGU01,2022,31.4279
GLOBAL,PWRCOACHNGU01,2023,31.4279
GLOBAL,PWRCOACHNGU01,2024,31.4279
GLOBAL,PWRCOACHNGU01,2025,31.4279
GLOBAL,PWRCOACHNGU01,2026,31.4279
GLOBAL,PWRCOACHNGU01,2027,31.4279
GLOBAL,PWRCOACHNGU01,2028,29.952
GLOBAL,PWRCOACHNGU01,2029,29.952
GLOBAL,PWRCOACHNGU01,2030,29.952
GLOBAL,PWRCOACHNGU01,2031,28.752
GLOBAL,PWRCOACHNGU01,2032,28.752
GLOBAL,PWRCOACHNGU01,2033,27.012
GLOBAL,PWRCOACHNGU01,2034,27.012
GLOBAL,PWRCOACHNGU01,2035,25.812
GLOBAL,PWRCOACHNGU01,2036,24.012
GLOBAL,PWRCOACHNGU01,2037,17.292
GLOBAL,PWRCOACHNGU01,2038,17.292
GLOBAL,PWRCOACHNGU01,2039,15.992
GLOBAL,PWRCOACHNGU01,2040,13.292
GLOBAL,PWRCOACHNGU01,2041,11.43
GLOBAL,PWRCOACHNGU01,2042,10.23
GLOBAL,PWRCOACHNGU01,2043,7.83
GLOBAL,PWRCOACHNGU01,2044,6.63
GLOBAL,PWRCOACHNGU01,2045,6.03
GLOBAL,PWRCOACHNGU01,2046,3.96
GLOBAL,PWRCOACHNGU01,2047,0.0
GLOBAL,PWRCOACHNGU01,2048,0.0
GLOBAL,PWRCOACHNGU01,2049,0.0
GLOBAL,PWRCOACHNGU01,2050,0.0
GLOBAL,PWRHYDCHNGU01,2021,16.0151
GLOBAL,PWRHYDCHNGU01,2022,16.0151
GLOBAL,PWRHYDCHNGU01,2023,16.0151
GLOBAL,PWRHYDCHNGU01,2024,16.0151
GLOBAL,PWRHYDCHNGU01,2025,16.0151
GLOBAL,PWRHYDCHNGU01,2026,16.0151
GLOBAL,PWRHYDCHNGU01,2027,16.0151
GLOBAL,PWRHYDCHNGU01,2028,16.0151
GLOBAL,PWRHYDCHNGU01,2029,16.0151
GLOBAL,PWRHYDCHNGU01,2030,16.0151
GLOBAL,PWRHYDCHNGU01,2031,16.0151
GLOBAL,PWRHYDCHNGU01,2032,16.0151
GLOBAL,PWRHYDCHNGU01,2033,16.0151
GLOBAL,PWRHYDCHNGU01,2034,16.0151
GLOBAL,PWRHYDCHNGU01,2035,16.0151
GLOBAL,PWRHYDCHNGU01,2036,16.0151
GLOBAL,PWRHYDCHNGU01,2037,16.0151
GLOBAL,PWRHYDCHNGU01,2038,16.0151
GLOBAL,PWRHYDCHNGU01,2039,16.0151
GLOBAL,PWRHYDCHNGU01,2040,16.0151
GLOBAL,PWRHYDCHNGU01,2041,16.0151
GLOBAL,PWRHYDCHNGU01,2042,16.0151
GLOBAL,PWRHYDCHNGU01,2043,16.0151
GLOBAL,PWRHYDCHNGU01,2044,16.0151
GLOBAL,PWRHYDCHNGU01,2045,16.0151
GLOBAL,PWRHYDCHNGU01,2046,16.0151
GLOBAL,PWRHYDCHNGU01,2047,16.0151
GLOBAL,PWRHYDCHNGU01,2048,16.0151
GLOBAL,PWRHYDCHNGU01,2049,16.0151
GLOBAL,PWRHYDCHNGU01,2050,16.0151
GLOBAL,PWROCGCHNGU00,2021,0.013
GLOBAL,PWROCGCHNGU00,2022,0.013
GLOBAL,PWROCGCHNGU00,2023,0.013
GLOBAL,PWROCGCHNGU00,2024,0.013
GLOBAL,PWROCGCHNGU00,2025,0.0
GLOBAL,PWROCGCHNGU00,2026,0.0
GLOBAL,PWROCGCHNGU00,2027,0.0
GLOBAL,PWROCGCHNGU00,2028,0.0
GLOBAL,PWROCGCHNGU00,2029,0.0
GLOBAL,PWROCGCHNGU00,2030,0.0
GLOBAL,PWROCGCHNGU00,2031,0.0
GLOBAL,PWROCGCHNGU00,2032,0.0
GLOBAL,PWROCGCHNGU00,2033,0.0
GLOBAL,PWROCGCHNGU00,2034,0.0
GLOBAL,PWROCGCHNGU00,2035,0.0
GLOBAL,PWROCGCHNGU00,2036,0.0
GLOBAL,PWROCGCHNGU00,2037,0.0
GLOBAL,PWROCGCHNGU00,2038,0.0
GLOBAL,PWROCGCHNGU00,2039,0.0
GLOBAL,PWROCGCHNGU00,2040,0.0
GLOBAL,PWROCGCHNGU00,2041,0.0
GLOBAL,PWROCGCHNGU00,2042,0.0
GLOBAL,PWROCGCHNGU00,2043,0.0
GLOBAL,PWROCGCHNGU00,2044,0.0
GLOBAL,PWROCGCHNGU00,2045,0.0
GLOBAL,PWROCGCHNGU00,2046,0.0
GLOBAL,PWROCGCHNGU00,2047,0.0
GLOBAL,PWROCGCHNGU00,2048,0.0
GLOBAL,PWROCGCHNGU00,2049,0.0
GLOBAL,PWROCGCHNGU00,2050,0.0
GLOBAL,PWRWONCHNGU01,2021,0.246
GLOBAL,PWRWONCHNGU01,2022,0.246
GLOBAL,PWRWONCHNGU01,2023,0.246
GLOBAL,PWRWONCHNGU01,2024,0.246
GLOBAL,PWRWONCHNGU01,2025,0.246
GLOBAL,PWRWONCHNGU01,2026,0.246
GLOBAL,PWRWONCHNGU01,2027,0.246
GLOBAL,PWRWONCHNGU01,2028,0.246
GLOBAL,PWRWONCHNGU01,2029,0.246
GLOBAL,PWRWONCHNGU01,2030,0.246
GLOBAL,PWRWONCHNGU01,2031,0.246
GLOBAL,PWRWONCHNGU01,2032,0.246
GLOBAL,PWRWONCHNGU01,2033,0.246
GLOBAL,PWRWONCHNGU01,2034,0.246
GLOBAL,PWRWONCHNGU01,2035,0.246
GLOBAL,PWRWONCHNGU01,2036,0.246
GLOBAL,PWRWONCHNGU01,2037,0.246
GLOBAL,PWRWONCHNGU01,2038,0.246
GLOBAL,PWRWONCHNGU01,2039,0.246
GLOBAL,PWRWONCHNGU01,2040,0.0
GLOBAL,PWRWONCHNGU01,2041,0.0
GLOBAL,PWRWONCHNGU01,2042,0.0
GLOBAL,PWRWONCHNGU01,2043,0.0
GLOBAL,PWRWONCHNGU01,2044,0.0
GLOBAL,PWRWONCHNGU01,2045,0.0
GLOBAL,PWRWONCHNGU01,2046,0.0
GLOBAL,PWRWONCHNGU01,2047,0.0
GLOBAL,PWRWONCHNGU01,2048,0.0
GLOBAL,PWRWONCHNGU01,2049,0.0
GLOBAL,PWRWONCHNGU01,2050,0.0
GLOBAL,PWRBIOCHNGX01,2021,0.2907
GLOBAL,PWRBIOCHNGX01,2022,0.2907
GLOBAL,PWRBIOCHNGX01,2023,0.2907
GLOBAL,PWRBIOCHNGX01,2024,0.2907
GLOBAL,PWRBIOCHNGX01,2025,0.2907
GLOBAL,PWRBIOCHNGX01,2026,0.2907
GLOBAL,PWRBIOCHNGX01,2027,0.2907
GLOBAL,PWRBIOCHNGX01,2028,0.2907
GLOBAL,PWRBIOCHNGX01,2029,0.2907
GLOBAL,PWRBIOCHNGX01,2030,0.2907
GLOBAL,PWRBIOCHNGX01,2031,0.2907
GLOBAL,PWRBIOCHNGX01,2032,0.0
GLOBAL,PWRBIOCHNGX01,2033,0.0
GLOBAL,PWRBIOCHNGX01,2034,0.0
GLOBAL,PWRBIOCHNGX01,2035,0.0
GLOBAL,PWRBIOCHNGX01,2036,0.0
GLOBAL,PWRBIOCHNGX01,2037,0.0
GLOBAL,PWRBIOCHNGX01,2038,0.0
GLOBAL,PWRBIOCHNGX01,2039,0.0
GLOBAL,PWRBIOCHNGX01,2040,0.0
GLOBAL,PWRBIOCHNGX01,2041,0.0
GLOBAL,PWRBIOCHNGX01,2042,0.0
GLOBAL,PWRBIOCHNGX01,2043,0.0
GLOBAL,PWRBIOCHNGX01,2044,0.0
GLOBAL,PWRBIOCHNGX01,2045,0.0
GLOBAL,PWRBIOCHNGX01,2046,0.0
GLOBAL,PWRBIOCHNGX01,2047,0.0
GLOBAL,PWRBIOCHNGX01,2048,0.0
GLOBAL,PWRBIOCHNGX01,2049,0.0
GLOBAL,PWRBIOCHNGX01,2050,0.0
GLOBAL,PWRCOACHNGX01,2021,20.5679
GLOBAL,PWRCOACHNGX01,2022,20.5679
GLOBAL,PWRCOACHNGX01,2023,20.5679
GLOBAL,PWRCOACHNGX01,2024,20.5679
GLOBAL,PWRCOACHNGX01,2025,20.1279
GLOBAL,PWRCOACHNGX01,2026,20.1279
GLOBAL,PWRCOACHNGX01,2027,20.1279
GLOBAL,PWRCOACHNGX01,2028,19.098
GLOBAL,PWRCOACHNGX01,2029,19.098
GLOBAL,PWRCOACHNGX01,2030,19.098
GLOBAL,PWRCOACHNGX01,2031,19.098
GLOBAL,PWRCOACHNGX01,2032,17.778
GLOBAL,PWRCOACHNGX01,2033,17.778
GLOBAL,PWRCOACHNGX01,2034,16.448
GLOBAL,PWRCOACHNGX01,2035,15.209
GLOBAL,PWRCOACHNGX01,2036,15.119
GLOBAL,PWRCOACHNGX01,2037,15.119
GLOBAL,PWRCOACHNGX01,2038,11.036
GLOBAL,PWRCOACHNGX01,2039,11.036
GLOBAL,PWRCOACHNGX01,2040,9.716
GLOBAL,PWRCOACHNGX01,2041,9.416
GLOBAL,PWRCOACHNGX01,2042,8.321
GLOBAL,PWRCOACHNGX01,2043,6.228
GLOBAL,PWRCOACHNGX01,2044,2.868
GLOBAL,PWRCOACHNGX01,2045,2.868
GLOBAL,PWRCOACHNGX01,2046,1.398
GLOBAL,PWRCOACHNGX01,2047,0.0
GLOBAL,PWRCOACHNGX01,2048,0.0
GLOBAL,PWRCOACHNGX01,2049,0.0
GLOBAL,PWRCOACHNGX01,2050,0.0
GLOBAL,PWRHYDCHNGX01,2021,17.4968
GLOBAL,PWRHYDCHNGX01,2022,17.4968
GLOBAL,PWRHYDCHNGX01,2023,17.4968
GLOBAL,PWRHYDCHNGX01,2024,17.4968
GLOBAL,PWRHYDCHNGX01,2025,17.4968
GLOBAL,PWRHYDCHNGX01,2026,17.4968
GLOBAL,PWRHYDCHNGX01,2027,17.4968
GLOBAL,PWRHYDCHNGX01,2028,17.4968
GLOBAL,PWRHYDCHNGX01,2029,17.4968
GLOBAL,PWRHYDCHNGX01,2030,17.4968
GLOBAL,PWRHYDCHNGX01,2031,17.4968
GLOBAL,PWRHYDCHNGX01,2032,17.4968
GLOBAL,PWRHYDCHNGX01,2033,17.4968
GLOBAL,PWRHYDCHNGX01,2034,17.4968
GLOBAL,PWRHYDCHNGX01,2035,17.4968
GLOBAL,PWRHYDCHNGX01,2036,17.4968
GLOBAL,PWRHYDCHNGX01,2037,17.4968
GLOBAL,PWRHYDCHNGX01,2038,17.4968
GLOBAL,PWRHYDCHNGX01,2039,17.4968
GLOBAL,PWRHYDCHNGX01,2040,17.4968
GLOBAL,PWRHYDCHNGX01,2041,17.4968
GLOBAL,PWRHYDCHNGX01,2042,17.4968
GLOBAL,PWRHYDCHNGX01,2043,17.4968
GLOBAL,PWRHYDCHNGX01,2044,17.4968
GLOBAL,PWRHYDCHNGX01,2045,17.4968
GLOBAL,PWRHYDCHNGX01,2046,17.4968
GLOBAL,PWRHYDCHNGX01,2047,17.4968
GLOBAL,PWRHYDCHNGX01,2048,17.4968
GLOBAL,PWRHYDCHNGX01,2049,17.4968
GLOBAL,PWRHYDCHNGX01,2050,17.4968
GLOBAL,PWROCGCHNGX00,2021,0.001
GLOBAL,PWROCGCHNGX00,2022,0.001
GLOBAL,PWROCGCHNGX00,2023,0.001
GLOBAL,PWROCGCHNGX00,2024,0.001
GLOBAL,PWROCGCHNGX00,2025,0.0
GLOBAL,PWROCGCHNGX00,2026,0.0
GLOBAL,PWROCGCHNGX00,2027,0.0
GLOBAL,PWROCGCHNGX00,2028,0.0
GLOBAL,PWROCGCHNGX00,2029,0.0
GLOBAL,PWROCGCHNGX00,2030,0.0
GLOBAL,PWROCGCHNGX00,2031,0.0
GLOBAL,PWROCGCHNGX00,2032,0.0
GLOBAL,PWROCGCHNGX00,2033,0.0
GLOBAL,PWROCGCHNGX00,2034,0.0
GLOBAL,PWROCGCHNGX00,2035,0.0
GLOBAL,PWROCGCHNGX00,2036,0.0
GLOBAL,PWROCGCHNGX00,2037,0.0
GLOBAL,PWROCGCHNGX00,2038,0.0
GLOBAL,PWROCGCHNGX00,2039,0.0
GLOBAL,PWROCGCHNGX00,2040,0.0
GLOBAL,PWROCGCHNGX00,2041,0.0
GLOBAL,PWROCGCHNGX00,2042,0.0
GLOBAL,PWROCGCHNGX00,2043,0.0
GLOBAL,PWROCGCHNGX00,2044,0.0
GLOBAL,PWROCGCHNGX00,2045,0.0
GLOBAL,PWROCGCHNGX00,2046,0.0
GLOBAL,PWROCGCHNGX00,2047,0.0
GLOBAL,PWROCGCHNGX00,2048,0.0
GLOBAL,PWROCGCHNGX00,2049,0.0
GLOBAL,PWROCGCHNGX00,2050,0.0
GLOBAL,PWRURNCHNGX01,2021,2.0
GLOBAL,PWRURNCHNGX01,2022,2.0
GLOBAL,PWRURNCHNGX01,2023,2.0
GLOBAL,PWRURNCHNGX01,2024,2.0
GLOBAL,PWRURNCHNGX01,2025,2.0
GLOBAL,PWRURNCHNGX01,2026,2.0
GLOBAL,PWRURNCHNGX01,2027,2.0
GLOBAL,PWRURNCHNGX01,2028,2.0
GLOBAL,PWRURNCHNGX01,2029,2.0
GLOBAL,PWRURNCHNGX01,2030,2.0
GLOBAL,PWRURNCHNGX01,2031,2.0
GLOBAL,PWRURNCHNGX01,2032,2.0
GLOBAL,PWRURNCHNGX01,2033,2.0
GLOBAL,PWRURNCHNGX01,2034,2.0
GLOBAL,PWRURNCHNGX01,2035,2.0
GLOBAL,PWRURNCHNGX01,2036,2.0
GLOBAL,PWRURNCHNGX01,2037,2.0
GLOBAL,PWRURNCHNGX01,2038,2.0
GLOBAL,PWRURNCHNGX01,2039,2.0
GLOBAL,PWRURNCHNGX01,2040,2.0
GLOBAL,PWRURNCHNGX01,2041,2.0
GLOBAL,PWRURNCHNGX01,2042,2.0
GLOBAL,PWRURNCHNGX01,2043,2.0
GLOBAL,PWRURNCHNGX01,2044,2.0
GLOBAL,PWRURNCHNGX01,2045,0.0
GLOBAL,PWRURNCHNGX01,2046,0.0
GLOBAL,PWRURNCHNGX01,2047,0.0
GLOBAL,PWRURNCHNGX01,2048,0.0
GLOBAL,PWRURNCHNGX01,2049,0.0
GLOBAL,PWRURNCHNGX01,2050,0.0
GLOBAL,PWRWONCHNGX01,2021,0.624
GLOBAL,PWRWONCHNGX01,2022,0.624
GLOBAL,PWRWONCHNGX01,2023,0.624
GLOBAL,PWRWONCHNGX01,2024,0.624
GLOBAL,PWRWONCHNGX01,2025,0.624
GLOBAL,PWRWONCHNGX01,2026,0.624
GLOBAL,PWRWONCHNGX01,2027,0.624
GLOBAL,PWRWONCHNGX01,2028,0.624
GLOBAL,PWRWONCHNGX01,2029,0.624
GLOBAL,PWRWONCHNGX01,2030,0.624
GLOBAL,PWRWONCHNGX01,2031,0.624
GLOBAL,PWRWONCHNGX01,2032,0.624
GLOBAL,PWRWONCHNGX01,2033,0.624
GLOBAL,PWRWONCHNGX01,2034,0.624
GLOBAL,PWRWONCHNGX01,2035,0.624
GLOBAL,PWRWONCHNGX01,2036,0.624
GLOBAL,PWRWONCHNGX01,2037,0.624
GLOBAL,PWRWONCHNGX01,2038,0.624
GLOBAL,PWRWONCHNGX01,2039,0.624
GLOBAL,PWRWONCHNGX01,2040,0.0
GLOBAL,PWRWONCHNGX01,2041,0.0
GLOBAL,PWRWONCHNGX01,2042,0.0
GLOBAL,PWRWONCHNGX01,2043,0.0
GLOBAL,PWRWONCHNGX01,2044,0.0
GLOBAL,PWRWONCHNGX01,2045,0.0
GLOBAL,PWRWONCHNGX01,2046,0.0
GLOBAL,PWRWONCHNGX01,2047,0.0
GLOBAL,PWRWONCHNGX01,2048,0.0
GLOBAL,PWRWONCHNGX01,2049,0.0
GLOBAL,PWRWONCHNGX01,2050,0.0
GLOBAL,PWRBIOCHNHA01,2021,0.0434
GLOBAL,PWRBIOCHNHA01,2022,0.0434
GLOBAL,PWRBIOCHNHA01,2023,0.0434
GLOBAL,PWRBIOCHNHA01,2024,0.0434
GLOBAL,PWRBIOCHNHA01,2025,0.0434
GLOBAL,PWRBIOCHNHA01,2026,0.0434
GLOBAL,PWRBIOCHNHA01,2027,0.0434
GLOBAL,PWRBIOCHNHA01,2028,0.0434
GLOBAL,PWRBIOCHNHA01,2029,0.0434
GLOBAL,PWRBIOCHNHA01,2030,0.0434
GLOBAL,PWRBIOCHNHA01,2031,0.0434
GLOBAL,PWRBIOCHNHA01,2032,0.0
GLOBAL,PWRBIOCHNHA01,2033,0.0
GLOBAL,PWRBIOCHNHA01,2034,0.0
GLOBAL,PWRBIOCHNHA01,2035,0.0
GLOBAL,PWRBIOCHNHA01,2036,0.0
GLOBAL,PWRBIOCHNHA01,2037,0.0
GLOBAL,PWRBIOCHNHA01,2038,0.0
GLOBAL,PWRBIOCHNHA01,2039,0.0
GLOBAL,PWRBIOCHNHA01,2040,0.0
GLOBAL,PWRBIOCHNHA01,2041,0.0
GLOBAL,PWRBIOCHNHA01,2042,0.0
GLOBAL,PWRBIOCHNHA01,2043,0.0
GLOBAL,PWRBIOCHNHA01,2044,0.0
GLOBAL,PWRBIOCHNHA01,2045,0.0
GLOBAL,PWRBIOCHNHA01,2046,0.0
GLOBAL,PWRBIOCHNHA01,2047,0.0
GLOBAL,PWRBIOCHNHA01,2048,0.0
GLOBAL,PWRBIOCHNHA01,2049,0.0
GLOBAL,PWRBIOCHNHA01,2050,0.0
GLOBAL,PWRCCGCHNHA00,2021,0.576
GLOBAL,PWRCCGCHNHA00,2022,0.576
GLOBAL,PWRCCGCHNHA00,2023,0.576
GLOBAL,PWRCCGCHNHA00,2024,0.576
GLOBAL,PWRCCGCHNHA00,2025,0.0
GLOBAL,PWRCCGCHNHA00,2026,0.0
GLOBAL,PWRCCGCHNHA00,2027,0.0
GLOBAL,PWRCCGCHNHA00,2028,0.0
GLOBAL,PWRCCGCHNHA00,2029,0.0
GLOBAL,PWRCCGCHNHA00,2030,0.0
GLOBAL,PWRCCGCHNHA00,2031,0.0
GLOBAL,PWRCCGCHNHA00,2032,0.0
GLOBAL,PWRCCGCHNHA00,2033,0.0
GLOBAL,PWRCCGCHNHA00,2034,0.0
GLOBAL,PWRCCGCHNHA00,2035,0.0
GLOBAL,PWRCCGCHNHA00,2036,0.0
GLOBAL,PWRCCGCHNHA00,2037,0.0
GLOBAL,PWRCCGCHNHA00,2038,0.0
GLOBAL,PWRCCGCHNHA00,2039,0.0
GLOBAL,PWRCCGCHNHA00,2040,0.0
GLOBAL,PWRCCGCHNHA00,2041,0.0
GLOBAL,PWRCCGCHNHA00,2042,0.0
GLOBAL,PWRCCGCHNHA00,2043,0.0
GLOBAL,PWRCCGCHNHA00,2044,0.0
GLOBAL,PWRCCGCHNHA00,2045,0.0
GLOBAL,PWRCCGCHNHA00,2046,0.0
GLOBAL,PWRCCGCHNHA00,2047,0.0
GLOBAL,PWRCCGCHNHA00,2048,0.0
GLOBAL,PWRCCGCHNHA00,2049,0.0
GLOBAL,PWRCCGCHNHA00,2050,0.0
GLOBAL,PWRCOACHNHA01,2021,3.2328
GLOBAL,PWRCOACHNHA01,2022,3.2328
GLOBAL,PWRCOACHNHA01,2023,3.2328
GLOBAL,PWRCOACHNHA01,2024,3.2328
GLOBAL,PWRCOACHNHA01,2025,3.2328
GLOBAL,PWRCOACHNHA01,2026,3.2328
GLOBAL,PWRCOACHNHA01,2027,3.2328
GLOBAL,PWRCOACHNHA01,2028,3.059
GLOBAL,PWRCOACHNHA01,2029,3.059
GLOBAL,PWRCOACHNHA01,2030,2.399
GLOBAL,PWRCOACHNHA01,2031,2.399
GLOBAL,PWRCOACHNHA01,2032,2.399
GLOBAL,PWRCOACHNHA01,2033,2.399
GLOBAL,PWRCOACHNHA01,2034,2.399
GLOBAL,PWRCOACHNHA01,2035,2.099
GLOBAL,PWRCOACHNHA01,2036,2.099
GLOBAL,PWRCOACHNHA01,2037,2.099
GLOBAL,PWRCOACHNHA01,2038,2.099
GLOBAL,PWRCOACHNHA01,2039,2.099
GLOBAL,PWRCOACHNHA01,2040,2.099
GLOBAL,PWRCOACHNHA01,2041,0.699
GLOBAL,PWRCOACHNHA01,2042,0.699
GLOBAL,PWRCOACHNHA01,2043,0.699
GLOBAL,PWRCOACHNHA01,2044,0.699
GLOBAL,PWRCOACHNHA01,2045,0.699
GLOBAL,PWRCOACHNHA01,2046,0.0
GLOBAL,PWRCOACHNHA01,2047,0.0
GLOBAL,PWRCOACHNHA01,2048,0.0
GLOBAL,PWRCOACHNHA01,2049,0.0
GLOBAL,PWRCOACHNHA01,2050,0.0
GLOBAL,PWRHYDCHNHA01,2021,0.4862
GLOBAL,PWRHYDCHNHA01,2022,0.4862
GLOBAL,PWRHYDCHNHA01,2023,0.4862
GLOBAL,PWRHYDCHNHA01,2024,0.4862
GLOBAL,PWRHYDCHNHA01,2025,0.4862
GLOBAL,PWRHYDCHNHA01,2026,0.4862
GLOBAL,PWRHYDCHNHA01,2027,0.4862
GLOBAL,PWRHYDCHNHA01,2028,0.4862
GLOBAL,PWRHYDCHNHA01,2029,0.4862
GLOBAL,PWRHYDCHNHA01,2030,0.4862
GLOBAL,PWRHYDCHNHA01,2031,0.4862
GLOBAL,PWRHYDCHNHA01,2032,0.4862
GLOBAL,PWRHYDCHNHA01,2033,0.4862
GLOBAL,PWRHYDCHNHA01,2034,0.4862
GLOBAL,PWRHYDCHNHA01,2035,0.4862
GLOBAL,PWRHYDCHNHA01,2036,0.4862
GLOBAL,PWRHYDCHNHA01,2037,0.4862
GLOBAL,PWRHYDCHNHA01,2038,0.4862
GLOBAL,PWRHYDCHNHA01,2039,0.4862
GLOBAL,PWRHYDCHNHA01,2040,0.4862
GLOBAL,PWRHYDCHNHA01,2041,0.4862
GLOBAL,PWRHYDCHNHA01,2042,0.4862
GLOBAL,PWRHYDCHNHA01,2043,0.4862
GLOBAL,PWRHYDCHNHA01,2044,0.4862
GLOBAL,PWRHYDCHNHA01,2045,0.4862
GLOBAL,PWRHYDCHNHA01,2046,0.4862
GLOBAL,PWRHYDCHNHA01,2047,0.4862
GLOBAL,PWRHYDCHNHA01,2048,0.4862
GLOBAL,PWRHYDCHNHA01,2049,0.4862
GLOBAL,PWRHYDCHNHA01,2050,0.4862
GLOBAL,PWROCGCHNHA00,2021,0.0696
GLOBAL,PWROCGCHNHA00,2022,0.0696
GLOBAL,PWROCGCHNHA00,2023,0.0696
GLOBAL,PWROCGCHNHA00,2024,0.0696
GLOBAL,PWROCGCHNHA00,2025,0.0
GLOBAL,PWROCGCHNHA00,2026,0.0
GLOBAL,PWROCGCHNHA00,2027,0.0
GLOBAL,PWROCGCHNHA00,2028,0.0
GLOBAL,PWROCGCHNHA00,2029,0.0
GLOBAL,PWROCGCHNHA00,2030,0.0
GLOBAL,PWROCGCHNHA00,2031,0.0
GLOBAL,PWROCGCHNHA00,2032,0.0
GLOBAL,PWROCGCHNHA00,2033,0.0
GLOBAL,PWROCGCHNHA00,2034,0.0
GLOBAL,PWROCGCHNHA00,2035,0.0
GLOBAL,PWROCGCHNHA00,2036,0.0
GLOBAL,PWROCGCHNHA00,2037,0.0
GLOBAL,PWROCGCHNHA00,2038,0.0
GLOBAL,PWROCGCHNHA00,2039,0.0
GLOBAL,PWROCGCHNHA00,2040,0.0
GLOBAL,PWROCGCHNHA00,2041,0.0
GLOBAL,PWROCGCHNHA00,2042,0.0
GLOBAL,PWROCGCHNHA00,2043,0.0
GLOBAL,PWROCGCHNHA00,2044,0.0
GLOBAL,PWROCGCHNHA00,2045,0.0
GLOBAL,PWROCGCHNHA00,2046,0.0
GLOBAL,PWROCGCHNHA00,2047,0.0
GLOBAL,PWROCGCHNHA00,2048,0.0
GLOBAL,PWROCGCHNHA00,2049,0.0
GLOBAL,PWROCGCHNHA00,2050,0.0
GLOBAL,PWRSPVCHNHA01,2021,0.3003
GLOBAL,PWRSPVCHNHA01,2022,0.3003
GLOBAL,PWRSPVCHNHA01,2023,0.3003
GLOBAL,PWRSPVCHNHA01,2024,0.3003
GLOBAL,PWRSPVCHNHA01,2025,0.3003
GLOBAL,PWRSPVCHNHA01,2026,0.3003
GLOBAL,PWRSPVCHNHA01,2027,0.3003
GLOBAL,PWRSPVCHNHA01,2028,0.3003
GLOBAL,PWRSPVCHNHA01,2029,0.3003
GLOBAL,PWRSPVCHNHA01,2030,0.3003
GLOBAL,PWRSPVCHNHA01,2031,0.3003
GLOBAL,PWRSPVCHNHA01,2032,0.3003
GLOBAL,PWRSPVCHNHA01,2033,0.3003
GLOBAL,PWRSPVCHNHA01,2034,0.3003
GLOBAL,PWRSPVCHNHA01,2035,0.3003
GLOBAL,PWRSPVCHNHA01,2036,0.3003
GLOBAL,PWRSPVCHNHA01,2037,0.3003
GLOBAL,PWRSPVCHNHA01,2038,0.3003
GLOBAL,PWRSPVCHNHA01,2039,0.3003
GLOBAL,PWRSPVCHNHA01,2040,0.3003
GLOBAL,PWRSPVCHNHA01,2041,0.3003
GLOBAL,PWRSPVCHNHA01,2042,0.3003
GLOBAL,PWRSPVCHNHA01,2043,0.3003
GLOBAL,PWRSPVCHNHA01,2044,0.3003
GLOBAL,PWRSPVCHNHA01,2045,0.0
GLOBAL,PWRSPVCHNHA01,2046,0.0
GLOBAL,PWRSPVCHNHA01,2047,0.0
GLOBAL,PWRSPVCHNHA01,2048,0.0
GLOBAL,PWRSPVCHNHA01,2049,0.0
GLOBAL,PWRSPVCHNHA01,2050,0.0
GLOBAL,PWRURNCHNHA01,2021,1.221
GLOBAL,PWRURNCHNHA01,2022,1.221
GLOBAL,PWRURNCHNHA01,2023,1.221
GLOBAL,PWRURNCHNHA01,2024,1.221
GLOBAL,PWRURNCHNHA01,2025,1.221
GLOBAL,PWRURNCHNHA01,2026,1.221
GLOBAL,PWRURNCHNHA01,2027,1.221
GLOBAL,PWRURNCHNHA01,2028,1.221
GLOBAL,PWRURNCHNHA01,2029,1.221
GLOBAL,PWRURNCHNHA01,2030,1.221
GLOBAL,PWRURNCHNHA01,2031,1.221
GLOBAL,PWRURNCHNHA01,2032,1.221
GLOBAL,PWRURNCHNHA01,2033,1.221
GLOBAL,PWRURNCHNHA01,2034,1.221
GLOBAL,PWRURNCHNHA01,2035,1.221
GLOBAL,PWRURNCHNHA01,2036,1.221
GLOBAL,PWRURNCHNHA01,2037,1.221
GLOBAL,PWRURNCHNHA01,2038,1.221
GLOBAL,PWRURNCHNHA01,2039,1.221
GLOBAL,PWRURNCHNHA01,2040,1.221
GLOBAL,PWRURNCHNHA01,2041,1.221
GLOBAL,PWRURNCHNHA01,2042,1.221
GLOBAL,PWRURNCHNHA01,2043,1.221
GLOBAL,PWRURNCHNHA01,2044,1.221
GLOBAL,PWRURNCHNHA01,2045,0.0
GLOBAL,PWRURNCHNHA01,2046,0.0
GLOBAL,PWRURNCHNHA01,2047,0.0
GLOBAL,PWRURNCHNHA01,2048,0.0
GLOBAL,PWRURNCHNHA01,2049,0.0
GLOBAL,PWRURNCHNHA01,2050,0.0
GLOBAL,PWRWONCHNHA01,2021,0.383
GLOBAL,PWRWONCHNHA01,2022,0.383
GLOBAL,PWRWONCHNHA01,2023,0.383
GLOBAL,PWRWONCHNHA01,2024,0.383
GLOBAL,PWRWONCHNHA01,2025,0.383
GLOBAL,PWRWONCHNHA01,2026,0.383
GLOBAL,PWRWONCHNHA01,2027,0.383
GLOBAL,PWRWONCHNHA01,2028,0.383
GLOBAL,PWRWONCHNHA01,2029,0.383
GLOBAL,PWRWONCHNHA01,2030,0.383
GLOBAL,PWRWONCHNHA01,2031,0.383
GLOBAL,PWRWONCHNHA01,2032,0.383
GLOBAL,PWRWONCHNHA01,2033,0.383
GLOBAL,PWRWONCHNHA01,2034,0.383
GLOBAL,PWRWONCHNHA01,2035,0.383
GLOBAL,PWRWONCHNHA01,2036,0.383
GLOBAL,PWRWONCHNHA01,2037,0.383
GLOBAL,PWRWONCHNHA01,2038,0.383
GLOBAL,PWRWONCHNHA01,2039,0.383
GLOBAL,PWRWONCHNHA01,2040,0.0
GLOBAL,PWRWONCHNHA01,2041,0.0
GLOBAL,PWRWONCHNHA01,2042,0.0
GLOBAL,PWRWONCHNHA01,2043,0.0
GLOBAL,PWRWONCHNHA01,2044,0.0
GLOBAL,PWRWONCHNHA01,2045,0.0
GLOBAL,PWRWONCHNHA01,2046,0.0
GLOBAL,PWRWONCHNHA01,2047,0.0
GLOBAL,PWRWONCHNHA01,2048,0.0
GLOBAL,PWRWONCHNHA01,2049,0.0
GLOBAL,PWRWONCHNHA01,2050,0.0
GLOBAL,PWRBIOCHNHB01,2021,0.3716
GLOBAL,PWRBIOCHNHB01,2022,0.3716
GLOBAL,PWRBIOCHNHB01,2023,0.3716
GLOBAL,PWRBIOCHNHB01,2024,0.3716
GLOBAL,PWRBIOCHNHB01,2025,0.3716
GLOBAL,PWRBIOCHNHB01,2026,0.3716
GLOBAL,PWRBIOCHNHB01,2027,0.3716
GLOBAL,PWRBIOCHNHB01,2028,0.3716
GLOBAL,PWRBIOCHNHB01,2029,0.3716
GLOBAL,PWRBIOCHNHB01,2030,0.3716
GLOBAL,PWRBIOCHNHB01,2031,0.3716
GLOBAL,PWRBIOCHNHB01,2032,0.0
GLOBAL,PWRBIOCHNHB01,2033,0.0
GLOBAL,PWRBIOCHNHB01,2034,0.0
GLOBAL,PWRBIOCHNHB01,2035,0.0
GLOBAL,PWRBIOCHNHB01,2036,0.0
GLOBAL,PWRBIOCHNHB01,2037,0.0
GLOBAL,PWRBIOCHNHB01,2038,0.0
GLOBAL,PWRBIOCHNHB01,2039,0.0
GLOBAL,PWRBIOCHNHB01,2040,0.0
GLOBAL,PWRBIOCHNHB01,2041,0.0
GLOBAL,PWRBIOCHNHB01,2042,0.0
GLOBAL,PWRBIOCHNHB01,2043,0.0
GLOBAL,PWRBIOCHNHB01,2044,0.0
GLOBAL,PWRBIOCHNHB01,2045,0.0
GLOBAL,PWRBIOCHNHB01,2046,0.0
GLOBAL,PWRBIOCHNHB01,2047,0.0
GLOBAL,PWRBIOCHNHB01,2048,0.0
GLOBAL,PWRBIOCHNHB01,2049,0.0
GLOBAL,PWRBIOCHNHB01,2050,0.0
GLOBAL,PWRCOACHNHB01,2021,42.5966
GLOBAL,PWRCOACHNHB01,2022,42.5966
GLOBAL,PWRCOACHNHB01,2023,41.5766
GLOBAL,PWRCOACHNHB01,2024,41.5766
GLOBAL,PWRCOACHNHB01,2025,40.9766
GLOBAL,PWRCOACHNHB01,2026,40.9766
GLOBAL,PWRCOACHNHB01,2027,37.7606
GLOBAL,PWRCOACHNHB01,2028,35.554
GLOBAL,PWRCOACHNHB01,2029,35.554
GLOBAL,PWRCOACHNHB01,2030,33.271
GLOBAL,PWRCOACHNHB01,2031,33.155
GLOBAL,PWRCOACHNHB01,2032,26.237
GLOBAL,PWRCOACHNHB01,2033,26.237
GLOBAL,PWRCOACHNHB01,2034,23.437
GLOBAL,PWRCOACHNHB01,2035,23.437
GLOBAL,PWRCOACHNHB01,2036,21.245
GLOBAL,PWRCOACHNHB01,2037,20.485
GLOBAL,PWRCOACHNHB01,2038,12.925
GLOBAL,PWRCOACHNHB01,2039,12.175
GLOBAL,PWRCOACHNHB01,2040,11.575
GLOBAL,PWRCOACHNHB01,2041,10.375
GLOBAL,PWRCOACHNHB01,2042,7.795
GLOBAL,PWRCOACHNHB01,2043,6.595
GLOBAL,PWRCOACHNHB01,2044,4.696
GLOBAL,PWRCOACHNHB01,2045,4.696
GLOBAL,PWRCOACHNHB01,2046,3.397
GLOBAL,PWRCOACHNHB01,2047,1.399
GLOBAL,PWRCOACHNHB01,2048,0.699
GLOBAL,PWRCOACHNHB01,2049,0.0
GLOBAL,PWRCOACHNHB01,2050,0.0
GLOBAL,PWRHYDCHNHB01,2021,1.3727
GLOBAL,PWRHYDCHNHB01,2022,1.3727
GLOBAL,PWRHYDCHNHB01,2023,1.3727
GLOBAL,PWRHYDCHNHB01,2024,1.3727
GLOBAL,PWRHYDCHNHB01,2025,1.3727
GLOBAL,PWRHYDCHNHB01,2026,1.3727
GLOBAL,PWRHYDCHNHB01,2027,1.3727
GLOBAL,PWRHYDCHNHB01,2028,1.3727
GLOBAL,PWRHYDCHNHB01,2029,1.3727
GLOBAL,PWRHYDCHNHB01,2030,1.3727
GLOBAL,PWRHYDCHNHB01,2031,1.3727
GLOBAL,PWRHYDCHNHB01,2032,1.3727
GLOBAL,PWRHYDCHNHB01,2033,1.3727
GLOBAL,PWRHYDCHNHB01,2034,1.3727
GLOBAL,PWRHYDCHNHB01,2035,1.3727
GLOBAL,PWRHYDCHNHB01,2036,1.3727
GLOBAL,PWRHYDCHNHB01,2037,1.3727
GLOBAL,PWRHYDCHNHB01,2038,1.3727
GLOBAL,PWRHYDCHNHB01,2039,1.3727
GLOBAL,PWRHYDCHNHB01,2040,1.3727
GLOBAL,PWRHYDCHNHB01,2041,1.3727
GLOBAL,PWRHYDCHNHB01,2042,1.3727
GLOBAL,PWRHYDCHNHB01,2043,1.3727
GLOBAL,PWRHYDCHNHB01,2044,1.3727
GLOBAL,PWRHYDCHNHB01,2045,1.3727
GLOBAL,PWRHYDCHNHB01,2046,1.3727
GLOBAL,PWRHYDCHNHB01,2047,1.3727
GLOBAL,PWRHYDCHNHB01,2048,1.3727
GLOBAL,PWRHYDCHNHB01,2049,1.3727
GLOBAL,PWRHYDCHNHB01,2050,1.3727
GLOBAL,PWROCGCHNHB00,2021,0.055
GLOBAL,PWROCGCHNHB00,2022,0.055
GLOBAL,PWROCGCHNHB00,2023,0.055
GLOBAL,PWROCGCHNHB00,2024,0.055
GLOBAL,PWROCGCHNHB00,2025,0.0
GLOBAL,PWROCGCHNHB00,2026,0.0
GLOBAL,PWROCGCHNHB00,2027,0.0
GLOBAL,PWROCGCHNHB00,2028,0.0
GLOBAL,PWROCGCHNHB00,2029,0.0
GLOBAL,PWROCGCHNHB00,2030,0.0
GLOBAL,PWROCGCHNHB00,2031,0.0
GLOBAL,PWROCGCHNHB00,2032,0.0
GLOBAL,PWROCGCHNHB00,2033,0.0
GLOBAL,PWROCGCHNHB00,2034,0.0
GLOBAL,PWROCGCHNHB00,2035,0.0
GLOBAL,PWROCGCHNHB00,2036,0.0
GLOBAL,PWROCGCHNHB00,2037,0.0
GLOBAL,PWROCGCHNHB00,2038,0.0
GLOBAL,PWROCGCHNHB00,2039,0.0
GLOBAL,PWROCGCHNHB00,2040,0.0
GLOBAL,PWROCGCHNHB00,2041,0.0
GLOBAL,PWROCGCHNHB00,2042,0.0
GLOBAL,PWROCGCHNHB00,2043,0.0
GLOBAL,PWROCGCHNHB00,2044,0.0
GLOBAL,PWROCGCHNHB00,2045,0.0
GLOBAL,PWROCGCHNHB00,2046,0.0
GLOBAL,PWROCGCHNHB00,2047,0.0
GLOBAL,PWROCGCHNHB00,2048,0.0
GLOBAL,PWROCGCHNHB00,2049,0.0
GLOBAL,PWROCGCHNHB00,2050,0.0
GLOBAL,PWRSPVCHNHB01,2021,0.7507
GLOBAL,PWRSPVCHNHB01,2022,0.7507
GLOBAL,PWRSPVCHNHB01,2023,0.7507
GLOBAL,PWRSPVCHNHB01,2024,0.7507
GLOBAL,PWRSPVCHNHB01,2025,0.7507
GLOBAL,PWRSPVCHNHB01,2026,0.7507
GLOBAL,PWRSPVCHNHB01,2027,0.7507
GLOBAL,PWRSPVCHNHB01,2028,0.7507
GLOBAL,PWRSPVCHNHB01,2029,0.7507
GLOBAL,PWRSPVCHNHB01,2030,0.7507
GLOBAL,PWRSPVCHNHB01,2031,0.7507
GLOBAL,PWRSPVCHNHB01,2032,0.7507
GLOBAL,PWRSPVCHNHB01,2033,0.7507
GLOBAL,PWRSPVCHNHB01,2034,0.7507
GLOBAL,PWRSPVCHNHB01,2035,0.7507
GLOBAL,PWRSPVCHNHB01,2036,0.7507
GLOBAL,PWRSPVCHNHB01,2037,0.7507
GLOBAL,PWRSPVCHNHB01,2038,0.7507
GLOBAL,PWRSPVCHNHB01,2039,0.7507
GLOBAL,PWRSPVCHNHB01,2040,0.7507
GLOBAL,PWRSPVCHNHB01,2041,0.7507
GLOBAL,PWRSPVCHNHB01,2042,0.7507
GLOBAL,PWRSPVCHNHB01,2043,0.7507
GLOBAL,PWRSPVCHNHB01,2044,0.7507
GLOBAL,PWRSPVCHNHB01,2045,0.0
GLOBAL,PWRSPVCHNHB01,2046,0.0
GLOBAL,PWRSPVCHNHB01,2047,0.0
GLOBAL,PWRSPVCHNHB01,2048,0.0
GLOBAL,PWRSPVCHNHB01,2049,0.0
GLOBAL,PWRSPVCHNHB01,2050,0.0
GLOBAL,PWRWONCHNHB01,2021,12.1888
GLOBAL,PWRWONCHNHB01,2022,12.1888
GLOBAL,PWRWONCHNHB01,2023,12.1888
GLOBAL,PWRWONCHNHB01,2024,12.1888
GLOBAL,PWRWONCHNHB01,2025,12.1888
GLOBAL,PWRWONCHNHB01,2026,12.1888
GLOBAL,PWRWONCHNHB01,2027,12.1888
GLOBAL,PWRWONCHNHB01,2028,12.1888
GLOBAL,PWRWONCHNHB01,2029,12.1888
GLOBAL,PWRWONCHNHB01,2030,12.1888
GLOBAL,PWRWONCHNHB01,2031,12.1888
GLOBAL,PWRWONCHNHB01,2032,12.1888
GLOBAL,PWRWONCHNHB01,2033,12.1888
GLOBAL,PWRWONCHNHB01,2034,12.1888
GLOBAL,PWRWONCHNHB01,2035,12.1888
GLOBAL,PWRWONCHNHB01,2036,12.1888
GLOBAL,PWRWONCHNHB01,2037,12.1888
GLOBAL,PWRWONCHNHB01,2038,12.1888
GLOBAL,PWRWONCHNHB01,2039,12.1888
GLOBAL,PWRWONCHNHB01,2040,0.0
GLOBAL,PWRWONCHNHB01,2041,0.0
GLOBAL,PWRWONCHNHB01,2042,0.0
GLOBAL,PWRWONCHNHB01,2043,0.0
GLOBAL,PWRWONCHNHB01,2044,0.0
GLOBAL,PWRWONCHNHB01,2045,0.0
GLOBAL,PWRWONCHNHB01,2046,0.0
GLOBAL,PWRWONCHNHB01,2047,0.0
GLOBAL,PWRWONCHNHB01,2048,0.0
GLOBAL,PWRWONCHNHB01,2049,0.0
GLOBAL,PWRWONCHNHB01,2050,0.0
GLOBAL,PWRBIOCHNHE01,2021,0.5071
GLOBAL,PWRBIOCHNHE01,2022,0.5071
GLOBAL,PWRBIOCHNHE01,2023,0.5071
GLOBAL,PWRBIOCHNHE01,2024,0.5071
GLOBAL,PWRBIOCHNHE01,2025,0.5071
GLOBAL,PWRBIOCHNHE01,2026,0.5071
GLOBAL,PWRBIOCHNHE01,2027,0.5071
GLOBAL,PWRBIOCHNHE01,2028,0.5071
GLOBAL,PWRBIOCHNHE01,2029,0.5071
GLOBAL,PWRBIOCHNHE01,2030,0.5071
GLOBAL,PWRBIOCHNHE01,2031,0.5071
GLOBAL,PWRBIOCHNHE01,2032,0.0
GLOBAL,PWRBIOCHNHE01,2033,0.0
GLOBAL,PWRBIOCHNHE01,2034,0.0
GLOBAL,PWRBIOCHNHE01,2035,0.0
GLOBAL,PWRBIOCHNHE01,2036,0.0
GLOBAL,PWRBIOCHNHE01,2037,0.0
GLOBAL,PWRBIOCHNHE01,2038,0.0
GLOBAL,PWRBIOCHNHE01,2039,0.0
GLOBAL,PWRBIOCHNHE01,2040,0.0
GLOBAL,PWRBIOCHNHE01,2041,0.0
GLOBAL,PWRBIOCHNHE01,2042,0.0
GLOBAL,PWRBIOCHNHE01,2043,0.0
GLOBAL,PWRBIOCHNHE01,2044,0.0
GLOBAL,PWRBIOCHNHE01,2045,0.0
GLOBAL,PWRBIOCHNHE01,2046,0.0
GLOBAL,PWRBIOCHNHE01,2047,0.0
GLOBAL,PWRBIOCHNHE01,2048,0.0
GLOBAL,PWRBIOCHNHE01,2049,0.0
GLOBAL,PWRBIOCHNHE01,2050,0.0
GLOBAL,PWRCCGCHNHE00,2021,2.6014
GLOBAL,PWRCCGCHNHE00,2022,2.6014
GLOBAL,PWRCCGCHNHE00,2023,2.6014
GLOBAL,PWRCCGCHNHE00,2024,2.6014
GLOBAL,PWRCCGCHNHE00,2025,0.0
GLOBAL,PWRCCGCHNHE00,2026,0.0
GLOBAL,PWRCCGCHNHE00,2027,0.0
GLOBAL,PWRCCGCHNHE00,2028,0.0
GLOBAL,PWRCCGCHNHE00,2029,0.0
GLOBAL,PWRCCGCHNHE00,2030,0.0
GLOBAL,PWRCCGCHNHE00,2031,0.0
GLOBAL,PWRCCGCHNHE00,2032,0.0
GLOBAL,PWRCCGCHNHE00,2033,0.0
GLOBAL,PWRCCGCHNHE00,2034,0.0
GLOBAL,PWRCCGCHNHE00,2035,0.0
GLOBAL,PWRCCGCHNHE00,2036,0.0
GLOBAL,PWRCCGCHNHE00,2037,0.0
GLOBAL,PWRCCGCHNHE00,2038,0.0
GLOBAL,PWRCCGCHNHE00,2039,0.0
GLOBAL,PWRCCGCHNHE00,2040,0.0
GLOBAL,PWRCCGCHNHE00,2041,0.0
GLOBAL,PWRCCGCHNHE00,2042,0.0
GLOBAL,PWRCCGCHNHE00,2043,0.0
GLOBAL,PWRCCGCHNHE00,2044,0.0
GLOBAL,PWRCCGCHNHE00,2045,0.0
GLOBAL,PWRCCGCHNHE00,2046,0.0
GLOBAL,PWRCCGCHNHE00,2047,0.0
GLOBAL,PWRCCGCHNHE00,2048,0.0
GLOBAL,PWRCCGCHNHE00,2049,0.0
GLOBAL,PWRCCGCHNHE00,2050,0.0
GLOBAL,PWRCOACHNHE01,2021,60.4978
GLOBAL,PWRCOACHNHE01,2022,59.4578
GLOBAL,PWRCOACHNHE01,2023,59.4578
GLOBAL,PWRCOACHNHE01,2024,59.4578
GLOBAL,PWRCOACHNHE01,2025,57.2978
GLOBAL,PWRCOACHNHE01,2026,57.0278
GLOBAL,PWRCOACHNHE01,2027,57.0278
GLOBAL,PWRCOACHNHE01,2028,53.726
GLOBAL,PWRCOACHNHE01,2029,53.476
GLOBAL,PWRCOACHNHE01,2030,53.476
GLOBAL,PWRCOACHNHE01,2031,53.476
GLOBAL,PWRCOACHNHE01,2032,53.206
GLOBAL,PWRCOACHNHE01,2033,52.786
GLOBAL,PWRCOACHNHE01,2034,47.802
GLOBAL,PWRCOACHNHE01,2035,45.63
GLOBAL,PWRCOACHNHE01,2036,43.41
GLOBAL,PWRCOACHNHE01,2037,36.129
GLOBAL,PWRCOACHNHE01,2038,29.829
GLOBAL,PWRCOACHNHE01,2039,26.199
GLOBAL,PWRCOACHNHE01,2040,19.907
GLOBAL,PWRCOACHNHE01,2041,15.369
GLOBAL,PWRCOACHNHE01,2042,8.91
GLOBAL,PWRCOACHNHE01,2043,5.958
GLOBAL,PWRCOACHNHE01,2044,3.939
GLOBAL,PWRCOACHNHE01,2045,3.939
GLOBAL,PWRCOACHNHE01,2046,1.299
GLOBAL,PWRCOACHNHE01,2047,0.6
GLOBAL,PWRCOACHNHE01,2048,0.0
GLOBAL,PWRCOACHNHE01,2049,0.0
GLOBAL,PWRCOACHNHE01,2050,0.0
GLOBAL,PWRHYDCHNHE01,2021,4.1986
GLOBAL,PWRHYDCHNHE01,2022,4.1986
GLOBAL,PWRHYDCHNHE01,2023,4.1986
GLOBAL,PWRHYDCHNHE01,2024,4.1986
GLOBAL,PWRHYDCHNHE01,2025,4.1986
GLOBAL,PWRHYDCHNHE01,2026,4.1986
GLOBAL,PWRHYDCHNHE01,2027,4.1986
GLOBAL,PWRHYDCHNHE01,2028,4.1986
GLOBAL,PWRHYDCHNHE01,2029,4.1986
GLOBAL,PWRHYDCHNHE01,2030,4.1986
GLOBAL,PWRHYDCHNHE01,2031,4.1986
GLOBAL,PWRHYDCHNHE01,2032,4.1986
GLOBAL,PWRHYDCHNHE01,2033,4.1986
GLOBAL,PWRHYDCHNHE01,2034,4.1986
GLOBAL,PWRHYDCHNHE01,2035,4.1986
GLOBAL,PWRHYDCHNHE01,2036,4.1986
GLOBAL,PWRHYDCHNHE01,2037,4.1986
GLOBAL,PWRHYDCHNHE01,2038,4.1986
GLOBAL,PWRHYDCHNHE01,2039,4.1986
GLOBAL,PWRHYDCHNHE01,2040,4.1986
GLOBAL,PWRHYDCHNHE01,2041,4.1986
GLOBAL,PWRHYDCHNHE01,2042,4.1986
GLOBAL,PWRHYDCHNHE01,2043,4.1986
GLOBAL,PWRHYDCHNHE01,2044,4.1986
GLOBAL,PWRHYDCHNHE01,2045,4.1986
GLOBAL,PWRHYDCHNHE01,2046,4.1986
GLOBAL,PWRHYDCHNHE01,2047,4.1986
GLOBAL,PWRHYDCHNHE01,2048,4.1986
GLOBAL,PWRHYDCHNHE01,2049,4.1986
GLOBAL,PWRHYDCHNHE01,2050,4.1986
GLOBAL,PWROCGCHNHE00,2021,0.063
GLOBAL,PWROCGCHNHE00,2022,0.063
GLOBAL,PWROCGCHNHE00,2023,0.063
GLOBAL,PWROCGCHNHE00,2024,0.063
GLOBAL,PWROCGCHNHE00,2025,0.0
GLOBAL,PWROCGCHNHE00,2026,0.0
GLOBAL,PWROCGCHNHE00,2027,0.0
GLOBAL,PWROCGCHNHE00,2028,0.0
GLOBAL,PWROCGCHNHE00,2029,0.0
GLOBAL,PWROCGCHNHE00,2030,0.0
GLOBAL,PWROCGCHNHE00,2031,0.0
GLOBAL,PWROCGCHNHE00,2032,0.0
GLOBAL,PWROCGCHNHE00,2033,0.0
GLOBAL,PWROCGCHNHE00,2034,0.0
GLOBAL,PWROCGCHNHE00,2035,0.0
GLOBAL,PWROCGCHNHE00,2036,0.0
GLOBAL,PWROCGCHNHE00,2037,0.0
GLOBAL,PWROCGCHNHE00,2038,0.0
GLOBAL,PWROCGCHNHE00,2039,0.0
GLOBAL,PWROCGCHNHE00,2040,0.0
GLOBAL,PWROCGCHNHE00,2041,0.0
GLOBAL,PWROCGCHNHE00,2042,0.0
GLOBAL,PWROCGCHNHE00,2043,0.0
GLOBAL,PWROCGCHNHE00,2044,0.0
GLOBAL,PWROCGCHNHE00,2045,0.0
GLOBAL,PWROCGCHNHE00,2046,0.0
GLOBAL,PWROCGCHNHE00,2047,0.0
GLOBAL,PWROCGCHNHE00,2048,0.0
GLOBAL,PWROCGCHNHE00,2049,0.0
GLOBAL,PWROCGCHNHE00,2050,0.0
GLOBAL,PWRWONCHNHE01,2021,0.8091
GLOBAL,PWRWONCHNHE01,2022,0.8091
GLOBAL,PWRWONCHNHE01,2023,0.8091
GLOBAL,PWRWONCHNHE01,2024,0.8091
GLOBAL,PWRWONCHNHE01,2025,0.8091
GLOBAL,PWRWONCHNHE01,2026,0.8091
GLOBAL,PWRWONCHNHE01,2027,0.8091
GLOBAL,PWRWONCHNHE01,2028,0.8091
GLOBAL,PWRWONCHNHE01,2029,0.8091
GLOBAL,PWRWONCHNHE01,2030,0.8091
GLOBAL,PWRWONCHNHE01,2031,0.8091
GLOBAL,PWRWONCHNHE01,2032,0.8091
GLOBAL,PWRWONCHNHE01,2033,0.8091
GLOBAL,PWRWONCHNHE01,2034,0.8091
GLOBAL,PWRWONCHNHE01,2035,0.8091
GLOBAL,PWRWONCHNHE01,2036,0.8091
GLOBAL,PWRWONCHNHE01,2037,0.8091
GLOBAL,PWRWONCHNHE01,2038,0.8091
GLOBAL,PWRWONCHNHE01,2039,0.8091
GLOBAL,PWRWONCHNHE01,2040,0.0
GLOBAL,PWRWONCHNHE01,2041,0.0
GLOBAL,PWRWONCHNHE01,2042,0.0
GLOBAL,PWRWONCHNHE01,2043,0.0
GLOBAL,PWRWONCHNHE01,2044,0.0
GLOBAL,PWRWONCHNHE01,2045,0.0
GLOBAL,PWRWONCHNHE01,2046,0.0
GLOBAL,PWRWONCHNHE01,2047,0.0
GLOBAL,PWRWONCHNHE01,2048,0.0
GLOBAL,PWRWONCHNHE01,2049,0.0
GLOBAL,PWRWONCHNHE01,2050,0.0
GLOBAL,PWRBIOCHNHJ01,2021,0.1843
GLOBAL,PWRBIOCHNHJ01,2022,0.1843
GLOBAL,PWRBIOCHNHJ01,2023,0.1843
GLOBAL,PWRBIOCHNHJ01,2024,0.1843
GLOBAL,PWRBIOCHNHJ01,2025,0.1843
GLOBAL,PWRBIOCHNHJ01,2026,0.1843
GLOBAL,PWRBIOCHNHJ01,2027,0.1843
GLOBAL,PWRBIOCHNHJ01,2028,0.1843
GLOBAL,PWRBIOCHNHJ01,2029,0.1843
GLOBAL,PWRBIOCHNHJ01,2030,0.1843
GLOBAL,PWRBIOCHNHJ01,2031,0.1843
GLOBAL,PWRBIOCHNHJ01,2032,0.0
GLOBAL,PWRBIOCHNHJ01,2033,0.0
GLOBAL,PWRBIOCHNHJ01,2034,0.0
GLOBAL,PWRBIOCHNHJ01,2035,0.0
GLOBAL,PWRBIOCHNHJ01,2036,0.0
GLOBAL,PWRBIOCHNHJ01,2037,0.0
GLOBAL,PWRBIOCHNHJ01,2038,0.0
GLOBAL,PWRBIOCHNHJ01,2039,0.0
GLOBAL,PWRBIOCHNHJ01,2040,0.0
GLOBAL,PWRBIOCHNHJ01,2041,0.0
GLOBAL,PWRBIOCHNHJ01,2042,0.0
GLOBAL,PWRBIOCHNHJ01,2043,0.0
GLOBAL,PWRBIOCHNHJ01,2044,0.0
GLOBAL,PWRBIOCHNHJ01,2045,0.0
GLOBAL,PWRBIOCHNHJ01,2046,0.0
GLOBAL,PWRBIOCHNHJ01,2047,0.0
GLOBAL,PWRBIOCHNHJ01,2048,0.0
GLOBAL,PWRBIOCHNHJ01,2049,0.0
GLOBAL,PWRBIOCHNHJ01,2050,0.0
GLOBAL,PWRCOACHNHJ01,2021,21.0931
GLOBAL,PWRCOACHNHJ01,2022,21.0931
GLOBAL,PWRCOACHNHJ01,2023,21.0931
GLOBAL,PWRCOACHNHJ01,2024,21.0931
GLOBAL,PWRCOACHNHJ01,2025,21.0931
GLOBAL,PWRCOACHNHJ01,2026,19.4551
GLOBAL,PWRCOACHNHJ01,2027,18.2251
GLOBAL,PWRCOACHNHJ01,2028,16.107
GLOBAL,PWRCOACHNHJ01,2029,16.107
GLOBAL,PWRCOACHNHJ01,2030,15.207
GLOBAL,PWRCOACHNHJ01,2031,12.77
GLOBAL,PWRCOACHNHJ01,2032,12.77
GLOBAL,PWRCOACHNHJ01,2033,11.57
GLOBAL,PWRCOACHNHJ01,2034,8.22
GLOBAL,PWRCOACHNHJ01,2035,7.268
GLOBAL,PWRCOACHNHJ01,2036,7.268
GLOBAL,PWRCOACHNHJ01,2037,4.971
GLOBAL,PWRCOACHNHJ01,2038,4.371
GLOBAL,PWRCOACHNHJ01,2039,2.922
GLOBAL,PWRCOACHNHJ01,2040,2.322
GLOBAL,PWRCOACHNHJ01,2041,2.322
GLOBAL,PWRCOACHNHJ01,2042,2.322
GLOBAL,PWRCOACHNHJ01,2043,2.322
GLOBAL,PWRCOACHNHJ01,2044,1.623
GLOBAL,PWRCOACHNHJ01,2045,0.699
GLOBAL,PWRCOACHNHJ01,2046,0.0
GLOBAL,PWRCOACHNHJ01,2047,0.0
GLOBAL,PWRCOACHNHJ01,2048,0.0
GLOBAL,PWRCOACHNHJ01,2049,0.0
GLOBAL,PWRCOACHNHJ01,2050,0.0
GLOBAL,PWRHYDCHNHJ01,2021,0.657
GLOBAL,PWRHYDCHNHJ01,2022,0.657
GLOBAL,PWRHYDCHNHJ01,2023,0.657
GLOBAL,PWRHYDCHNHJ01,2024,0.657
GLOBAL,PWRHYDCHNHJ01,2025,0.657
GLOBAL,PWRHYDCHNHJ01,2026,0.657
GLOBAL,PWRHYDCHNHJ01,2027,0.657
GLOBAL,PWRHYDCHNHJ01,2028,0.657
GLOBAL,PWRHYDCHNHJ01,2029,0.657
GLOBAL,PWRHYDCHNHJ01,2030,0.657
GLOBAL,PWRHYDCHNHJ01,2031,0.657
GLOBAL,PWRHYDCHNHJ01,2032,0.657
GLOBAL,PWRHYDCHNHJ01,2033,0.657
GLOBAL,PWRHYDCHNHJ01,2034,0.657
GLOBAL,PWRHYDCHNHJ01,2035,0.657
GLOBAL,PWRHYDCHNHJ01,2036,0.657
GLOBAL,PWRHYDCHNHJ01,2037,0.657
GLOBAL,PWRHYDCHNHJ01,2038,0.657
GLOBAL,PWRHYDCHNHJ01,2039,0.657
GLOBAL,PWRHYDCHNHJ01,2040,0.657
GLOBAL,PWRHYDCHNHJ01,2041,0.657
GLOBAL,PWRHYDCHNHJ01,2042,0.657
GLOBAL,PWRHYDCHNHJ01,2043,0.657
GLOBAL,PWRHYDCHNHJ01,2044,0.657
GLOBAL,PWRHYDCHNHJ01,2045,0.657
GLOBAL,PWRHYDCHNHJ01,2046,0.657
GLOBAL,PWRHYDCHNHJ01,2047,0.657
GLOBAL,PWRHYDCHNHJ01,2048,0.657
GLOBAL,PWRHYDCHNHJ01,2049,0.657
GLOBAL,PWRHYDCHNHJ01,2050,0.657
GLOBAL,PWROCGCHNHJ00,2021,0.003
GLOBAL,PWROCGCHNHJ00,2022,0.003
GLOBAL,PWROCGCHNHJ00,2023,0.003
GLOBAL,PWROCGCHNHJ00,2024,0.003
GLOBAL,PWROCGCHNHJ00,2025,0.0
GLOBAL,PWROCGCHNHJ00,2026,0.0
GLOBAL,PWROCGCHNHJ00,2027,0.0
GLOBAL,PWROCGCHNHJ00,2028,0.0
GLOBAL,PWROCGCHNHJ00,2029,0.0
GLOBAL,PWROCGCHNHJ00,2030,0.0
GLOBAL,PWROCGCHNHJ00,2031,0.0
GLOBAL,PWROCGCHNHJ00,2032,0.0
GLOBAL,PWROCGCHNHJ00,2033,0.0
GLOBAL,PWROCGCHNHJ00,2034,0.0
GLOBAL,PWROCGCHNHJ00,2035,0.0
GLOBAL,PWROCGCHNHJ00,2036,0.0
GLOBAL,PWROCGCHNHJ00,2037,0.0
GLOBAL,PWROCGCHNHJ00,2038,0.0
GLOBAL,PWROCGCHNHJ00,2039,0.0
GLOBAL,PWROCGCHNHJ00,2040,0.0
GLOBAL,PWROCGCHNHJ00,2041,0.0
GLOBAL,PWROCGCHNHJ00,2042,0.0
GLOBAL,PWROCGCHNHJ00,2043,0.0
GLOBAL,PWROCGCHNHJ00,2044,0.0
GLOBAL,PWROCGCHNHJ00,2045,0.0
GLOBAL,PWROCGCHNHJ00,2046,0.0
GLOBAL,PWROCGCHNHJ00,2047,0.0
GLOBAL,PWROCGCHNHJ00,2048,0.0
GLOBAL,PWROCGCHNHJ00,2049,0.0
GLOBAL,PWROCGCHNHJ00,2050,0.0
GLOBAL,PWRSPVCHNHJ01,2021,0.1802
GLOBAL,PWRSPVCHNHJ01,2022,0.1802
GLOBAL,PWRSPVCHNHJ01,2023,0.1802
GLOBAL,PWRSPVCHNHJ01,2024,0.1802
GLOBAL,PWRSPVCHNHJ01,2025,0.1802
GLOBAL,PWRSPVCHNHJ01,2026,0.1802
GLOBAL,PWRSPVCHNHJ01,2027,0.1802
GLOBAL,PWRSPVCHNHJ01,2028,0.1802
GLOBAL,PWRSPVCHNHJ01,2029,0.1802
GLOBAL,PWRSPVCHNHJ01,2030,0.1802
GLOBAL,PWRSPVCHNHJ01,2031,0.1802
GLOBAL,PWRSPVCHNHJ01,2032,0.1802
GLOBAL,PWRSPVCHNHJ01,2033,0.1802
GLOBAL,PWRSPVCHNHJ01,2034,0.1802
GLOBAL,PWRSPVCHNHJ01,2035,0.1802
GLOBAL,PWRSPVCHNHJ01,2036,0.1802
GLOBAL,PWRSPVCHNHJ01,2037,0.1802
GLOBAL,PWRSPVCHNHJ01,2038,0.1802
GLOBAL,PWRSPVCHNHJ01,2039,0.1802
GLOBAL,PWRSPVCHNHJ01,2040,0.1802
GLOBAL,PWRSPVCHNHJ01,2041,0.1802
GLOBAL,PWRSPVCHNHJ01,2042,0.1802
GLOBAL,PWRSPVCHNHJ01,2043,0.1802
GLOBAL,PWRSPVCHNHJ01,2044,0.1802
GLOBAL,PWRSPVCHNHJ01,2045,0.0
GLOBAL,PWRSPVCHNHJ01,2046,0.0
GLOBAL,PWRSPVCHNHJ01,2047,0.0
GLOBAL,PWRSPVCHNHJ01,2048,0.0
GLOBAL,PWRSPVCHNHJ01,2049,0.0
GLOBAL,PWRSPVCHNHJ01,2050,0.0
GLOBAL,PWRWONCHNHJ01,2021,6.4903
GLOBAL,PWRWONCHNHJ01,2022,6.4903
GLOBAL,PWRWONCHNHJ01,2023,6.4903
GLOBAL,PWRWONCHNHJ01,2024,6.4903
GLOBAL,PWRWONCHNHJ01,2025,6.4903
GLOBAL,PWRWONCHNHJ01,2026,6.4903
GLOBAL,PWRWONCHNHJ01,2027,6.4903
GLOBAL,PWRWONCHNHJ01,2028,6.4903
GLOBAL,PWRWONCHNHJ01,2029,6.4903
GLOBAL,PWRWONCHNHJ01,2030,6.4903
GLOBAL,PWRWONCHNHJ01,2031,6.4903
GLOBAL,PWRWONCHNHJ01,2032,6.4903
GLOBAL,PWRWONCHNHJ01,2033,6.4903
GLOBAL,PWRWONCHNHJ01,2034,6.4903
GLOBAL,PWRWONCHNHJ01,2035,6.4903
GLOBAL,PWRWONCHNHJ01,2036,6.4903
GLOBAL,PWRWONCHNHJ01,2037,6.4903
GLOBAL,PWRWONCHNHJ01,2038,6.4903
GLOBAL,PWRWONCHNHJ01,2039,6.4903
GLOBAL,PWRWONCHNHJ01,2040,0.0
GLOBAL,PWRWONCHNHJ01,2041,0.0
GLOBAL,PWRWONCHNHJ01,2042,0.0
GLOBAL,PWRWONCHNHJ01,2043,0.0
GLOBAL,PWRWONCHNHJ01,2044,0.0
GLOBAL,PWRWONCHNHJ01,2045,0.0
GLOBAL,PWRWONCHNHJ01,2046,0.0
GLOBAL,PWRWONCHNHJ01,2047,0.0
GLOBAL,PWRWONCHNHJ01,2048,0.0
GLOBAL,PWRWONCHNHJ01,2049,0.0
GLOBAL,PWRWONCHNHJ01,2050,0.0
GLOBAL,PWRBIOCHNHK01,2021,0.0875
GLOBAL,PWRBIOCHNHK01,2022,0.0875
GLOBAL,PWRBIOCHNHK01,2023,0.0875
GLOBAL,PWRBIOCHNHK01,2024,0.0875
GLOBAL,PWRBIOCHNHK01,2025,0.0875
GLOBAL,PWRBIOCHNHK01,2026,0.0875
GLOBAL,PWRBIOCHNHK01,2027,0.0875
GLOBAL,PWRBIOCHNHK01,2028,0.0875
GLOBAL,PWRBIOCHNHK01,2029,0.0875
GLOBAL,PWRBIOCHNHK01,2030,0.0875
GLOBAL,PWRBIOCHNHK01,2031,0.0875
GLOBAL,PWRBIOCHNHK01,2032,0.0
GLOBAL,PWRBIOCHNHK01,2033,0.0
GLOBAL,PWRBIOCHNHK01,2034,0.0
GLOBAL,PWRBIOCHNHK01,2035,0.0
GLOBAL,PWRBIOCHNHK01,2036,0.0
GLOBAL,PWRBIOCHNHK01,2037,0.0
GLOBAL,PWRBIOCHNHK01,2038,0.0
GLOBAL,PWRBIOCHNHK01,2039,0.0
GLOBAL,PWRBIOCHNHK01,2040,0.0
GLOBAL,PWRBIOCHNHK01,2041,0.0
GLOBAL,PWRBIOCHNHK01,2042,0.0
GLOBAL,PWRBIOCHNHK01,2043,0.0
GLOBAL,PWRBIOCHNHK01,2044,0.0
GLOBAL,PWRBIOCHNHK01,2045,0.0
GLOBAL,PWRBIOCHNHK01,2046,0.0
GLOBAL,PWRBIOCHNHK01,2047,0.0
GLOBAL,PWRBIOCHNHK01,2048,0.0
GLOBAL,PWRBIOCHNHK01,2049,0.0
GLOBAL,PWRBIOCHNHK01,2050,0.0
GLOBAL,PWRCCGCHNHK00,2021,4.2089
GLOBAL,PWRCCGCHNHK00,2022,4.2089
GLOBAL,PWRCCGCHNHK00,2023,4.2089
GLOBAL,PWRCCGCHNHK00,2024,4.2089
GLOBAL,PWRCCGCHNHK00,2025,0.0
GLOBAL,PWRCCGCHNHK00,2026,0.0
GLOBAL,PWRCCGCHNHK00,2027,0.0
GLOBAL,PWRCCGCHNHK00,2028,0.0
GLOBAL,PWRCCGCHNHK00,2029,0.0
GLOBAL,PWRCCGCHNHK00,2030,0.0
GLOBAL,PWRCCGCHNHK00,2031,0.0
GLOBAL,PWRCCGCHNHK00,2032,0.0
GLOBAL,PWRCCGCHNHK00,2033,0.0
GLOBAL,PWRCCGCHNHK00,2034,0.0
GLOBAL,PWRCCGCHNHK00,2035,0.0
GLOBAL,PWRCCGCHNHK00,2036,0.0
GLOBAL,PWRCCGCHNHK00,2037,0.0
GLOBAL,PWRCCGCHNHK00,2038,0.0
GLOBAL,PWRCCGCHNHK00,2039,0.0
GLOBAL,PWRCCGCHNHK00,2040,0.0
GLOBAL,PWRCCGCHNHK00,2041,0.0
GLOBAL,PWRCCGCHNHK00,2042,0.0
GLOBAL,PWRCCGCHNHK00,2043,0.0
GLOBAL,PWRCCGCHNHK00,2044,0.0
GLOBAL,PWRCCGCHNHK00,2045,0.0
GLOBAL,PWRCCGCHNHK00,2046,0.0
GLOBAL,PWRCCGCHNHK00,2047,0.0
GLOBAL,PWRCCGCHNHK00,2048,0.0
GLOBAL,PWRCCGCHNHK00,2049,0.0
GLOBAL,PWRCCGCHNHK00,2050,0.0
GLOBAL,PWRCOACHNHK01,2021,6.9793
GLOBAL,PWRCOACHNHK01,2022,6.9793
GLOBAL,PWRCOACHNHK01,2023,6.9793
GLOBAL,PWRCOACHNHK01,2024,6.9793
GLOBAL,PWRCOACHNHK01,2025,6.9793
GLOBAL,PWRCOACHNHK01,2026,6.9793
GLOBAL,PWRCOACHNHK01,2027,6.9793
GLOBAL,PWRCOACHNHK01,2028,6.604
GLOBAL,PWRCOACHNHK01,2029,6.604
GLOBAL,PWRCOACHNHK01,2030,6.604
GLOBAL,PWRCOACHNHK01,2031,6.604
GLOBAL,PWRCOACHNHK01,2032,6.604
GLOBAL,PWRCOACHNHK01,2033,6.604
GLOBAL,PWRCOACHNHK01,2034,0.0
GLOBAL,PWRCOACHNHK01,2035,0.0
GLOBAL,PWRCOACHNHK01,2036,0.0
GLOBAL,PWRCOACHNHK01,2037,0.0
GLOBAL,PWRCOACHNHK01,2038,0.0
GLOBAL,PWRCOACHNHK01,2039,0.0
GLOBAL,PWRCOACHNHK01,2040,0.0
GLOBAL,PWRCOACHNHK01,2041,0.0
GLOBAL,PWRCOACHNHK01,2042,0.0
GLOBAL,PWRCOACHNHK01,2043,0.0
GLOBAL,PWRCOACHNHK01,2044,0.0
GLOBAL,PWRCOACHNHK01,2045,0.0
GLOBAL,PWRCOACHNHK01,2046,0.0
GLOBAL,PWRCOACHNHK01,2047,0.0
GLOBAL,PWRCOACHNHK01,2048,0.0
GLOBAL,PWRCOACHNHK01,2049,0.0
GLOBAL,PWRCOACHNHK01,2050,0.0
GLOBAL,PWROILCHNHK01,2021,4.0632
GLOBAL,PWROILCHNHK01,2022,4.0632
GLOBAL,PWROILCHNHK01,2023,3.7632
GLOBAL,PWROILCHNHK01,2024,3.7632
GLOBAL,PWROILCHNHK01,2025,3.7632
GLOBAL,PWROILCHNHK01,2026,3.7632
GLOBAL,PWROILCHNHK01,2027,0.0
GLOBAL,PWROILCHNHK01,2028,0.0
GLOBAL,PWROILCHNHK01,2029,0.0
GLOBAL,PWROILCHNHK01,2030,0.0
GLOBAL,PWROILCHNHK01,2031,0.0
GLOBAL,PWROILCHNHK01,2032,0.0
GLOBAL,PWROILCHNHK01,2033,0.0
GLOBAL,PWROILCHNHK01,2034,0.0
GLOBAL,PWROILCHNHK01,2035,0.0
GLOBAL,PWROILCHNHK01,2036,0.0
GLOBAL,PWROILCHNHK01,2037,0.0
GLOBAL,PWROILCHNHK01,2038,0.0
GLOBAL,PWROILCHNHK01,2039,0.0
GLOBAL,PWROILCHNHK01,2040,0.0
GLOBAL,PWROILCHNHK01,2041,0.0
GLOBAL,PWROILCHNHK01,2042,0.0
GLOBAL,PWROILCHNHK01,2043,0.0
GLOBAL,PWROILCHNHK01,2044,0.0
GLOBAL,PWROILCHNHK01,2045,0.0
GLOBAL,PWROILCHNHK01,2046,0.0
GLOBAL,PWROILCHNHK01,2047,0.0
GLOBAL,PWROILCHNHK01,2048,0.0
GLOBAL,PWROILCHNHK01,2049,0.0
GLOBAL,PWROILCHNHK01,2050,0.0
GLOBAL,PWRBIOCHNHN01,2021,0.2297
GLOBAL,PWRBIOCHNHN01,2022,0.2297
GLOBAL,PWRBIOCHNHN01,2023,0.2297
GLOBAL,PWRBIOCHNHN01,2024,0.2297
GLOBAL,PWRBIOCHNHN01,2025,0.2297
GLOBAL,PWRBIOCHNHN01,2026,0.2297
GLOBAL,PWRBIOCHNHN01,2027,0.2297
GLOBAL,PWRBIOCHNHN01,2028,0.2297
GLOBAL,PWRBIOCHNHN01,2029,0.2297
GLOBAL,PWRBIOCHNHN01,2030,0.2297
GLOBAL,PWRBIOCHNHN01,2031,0.2297
GLOBAL,PWRBIOCHNHN01,2032,0.0
GLOBAL,PWRBIOCHNHN01,2033,0.0
GLOBAL,PWRBIOCHNHN01,2034,0.0
GLOBAL,PWRBIOCHNHN01,2035,0.0
GLOBAL,PWRBIOCHNHN01,2036,0.0
GLOBAL,PWRBIOCHNHN01,2037,0.0
GLOBAL,PWRBIOCHNHN01,2038,0.0
GLOBAL,PWRBIOCHNHN01,2039,0.0
GLOBAL,PWRBIOCHNHN01,2040,0.0
GLOBAL,PWRBIOCHNHN01,2041,0.0
GLOBAL,PWRBIOCHNHN01,2042,0.0
GLOBAL,PWRBIOCHNHN01,2043,0.0
GLOBAL,PWRBIOCHNHN01,2044,0.0
GLOBAL,PWRBIOCHNHN01,2045,0.0
GLOBAL,PWRBIOCHNHN01,2046,0.0
GLOBAL,PWRBIOCHNHN01,2047,0.0
GLOBAL,PWRBIOCHNHN01,2048,0.0
GLOBAL,PWRBIOCHNHN01,2049,0.0
GLOBAL,PWRBIOCHNHN01,2050,0.0
GLOBAL,PWRCOACHNHN01,2021,21.7216
GLOBAL,PWRCOACHNHN01,2022,21.7216
GLOBAL,PWRCOACHNHN01,2023,21.7216
GLOBAL,PWRCOACHNHN01,2024,21.7216
GLOBAL,PWRCOACHNHN01,2025,21.7216
GLOBAL,PWRCOACHNHN01,2026,21.7216
GLOBAL,PWRCOACHNHN01,2027,21.7216
GLOBAL,PWRCOACHNHN01,2028,20.622
GLOBAL,PWRCOACHNHN01,2029,19.602
GLOBAL,PWRCOACHNHN01,2030,18.972
GLOBAL,PWRCOACHNHN01,2031,17.019
GLOBAL,PWRCOACHNHN01,2032,15.138
GLOBAL,PWRCOACHNHN01,2033,15.138
GLOBAL,PWRCOACHNHN01,2034,15.138
GLOBAL,PWRCOACHNHN01,2035,13.338
GLOBAL,PWRCOACHNHN01,2036,8.9
GLOBAL,PWRCOACHNHN01,2037,8.78
GLOBAL,PWRCOACHNHN01,2038,6.04
GLOBAL,PWRCOACHNHN01,2039,5.92
GLOBAL,PWRCOACHNHN01,2040,5.32
GLOBAL,PWRCOACHNHN01,2041,5.22
GLOBAL,PWRCOACHNHN01,2042,5.22
GLOBAL,PWRCOACHNHN01,2043,3.9
GLOBAL,PWRCOACHNHN01,2044,3.9
GLOBAL,PWRCOACHNHN01,2045,3.9
GLOBAL,PWRCOACHNHN01,2046,1.26
GLOBAL,PWRCOACHNHN01,2047,0.0
GLOBAL,PWRCOACHNHN01,2048,0.0
GLOBAL,PWRCOACHNHN01,2049,0.0
GLOBAL,PWRCOACHNHN01,2050,0.0
GLOBAL,PWRHYDCHNHN01,2021,9.4926
GLOBAL,PWRHYDCHNHN01,2022,9.4926
GLOBAL,PWRHYDCHNHN01,2023,9.4926
GLOBAL,PWRHYDCHNHN01,2024,9.4926
GLOBAL,PWRHYDCHNHN01,2025,9.4926
GLOBAL,PWRHYDCHNHN01,2026,9.4926
GLOBAL,PWRHYDCHNHN01,2027,9.4926
GLOBAL,PWRHYDCHNHN01,2028,9.4926
GLOBAL,PWRHYDCHNHN01,2029,9.4926
GLOBAL,PWRHYDCHNHN01,2030,9.4926
GLOBAL,PWRHYDCHNHN01,2031,9.4926
GLOBAL,PWRHYDCHNHN01,2032,9.4926
GLOBAL,PWRHYDCHNHN01,2033,9.4926
GLOBAL,PWRHYDCHNHN01,2034,9.4926
GLOBAL,PWRHYDCHNHN01,2035,9.4926
GLOBAL,PWRHYDCHNHN01,2036,9.4926
GLOBAL,PWRHYDCHNHN01,2037,9.4926
GLOBAL,PWRHYDCHNHN01,2038,9.4926
GLOBAL,PWRHYDCHNHN01,2039,9.4926
GLOBAL,PWRHYDCHNHN01,2040,9.4926
GLOBAL,PWRHYDCHNHN01,2041,9.4926
GLOBAL,PWRHYDCHNHN01,2042,9.4926
GLOBAL,PWRHYDCHNHN01,2043,9.4926
GLOBAL,PWRHYDCHNHN01,2044,9.4926
GLOBAL,PWRHYDCHNHN01,2045,9.4926
GLOBAL,PWRHYDCHNHN01,2046,9.4926
GLOBAL,PWRHYDCHNHN01,2047,9.4926
GLOBAL,PWRHYDCHNHN01,2048,9.4926
GLOBAL,PWRHYDCHNHN01,2049,9.4926
GLOBAL,PWRHYDCHNHN01,2050,9.4926
GLOBAL,PWROCGCHNHN00,2021,0.016
GLOBAL,PWROCGCHNHN00,2022,0.016
GLOBAL,PWROCGCHNHN00,2023,0.016
GLOBAL,PWROCGCHNHN00,2024,0.016
GLOBAL,PWROCGCHNHN00,2025,0.0
GLOBAL,PWROCGCHNHN00,2026,0.0
GLOBAL,PWROCGCHNHN00,2027,0.0
GLOBAL,PWROCGCHNHN00,2028,0.0
GLOBAL,PWROCGCHNHN00,2029,0.0
GLOBAL,PWROCGCHNHN00,2030,0.0
GLOBAL,PWROCGCHNHN00,2031,0.0
GLOBAL,PWROCGCHNHN00,2032,0.0
GLOBAL,PWROCGCHNHN00,2033,0.0
GLOBAL,PWROCGCHNHN00,2034,0.0
GLOBAL,PWROCGCHNHN00,2035,0.0
GLOBAL,PWROCGCHNHN00,2036,0.0
GLOBAL,PWROCGCHNHN00,2037,0.0
GLOBAL,PWROCGCHNHN00,2038,0.0
GLOBAL,PWROCGCHNHN00,2039,0.0
GLOBAL,PWROCGCHNHN00,2040,0.0
GLOBAL,PWROCGCHNHN00,2041,0.0
GLOBAL,PWROCGCHNHN00,2042,0.0
GLOBAL,PWROCGCHNHN00,2043,0.0
GLOBAL,PWROCGCHNHN00,2044,0.0
GLOBAL,PWROCGCHNHN00,2045,0.0
GLOBAL,PWROCGCHNHN00,2046,0.0
GLOBAL,PWROCGCHNHN00,2047,0.0
GLOBAL,PWROCGCHNHN00,2048,0.0
GLOBAL,PWROCGCHNHN00,2049,0.0
GLOBAL,PWROCGCHNHN00,2050,0.0
GLOBAL,PWRWONCHNHN01,2021,0.4895
GLOBAL,PWRWONCHNHN01,2022,0.4895
GLOBAL,PWRWONCHNHN01,2023,0.4895
GLOBAL,PWRWONCHNHN01,2024,0.4895
GLOBAL,PWRWONCHNHN01,2025,0.4895
GLOBAL,PWRWONCHNHN01,2026,0.4895
GLOBAL,PWRWONCHNHN01,2027,0.4895
GLOBAL,PWRWONCHNHN01,2028,0.4895
GLOBAL,PWRWONCHNHN01,2029,0.4895
GLOBAL,PWRWONCHNHN01,2030,0.4895
GLOBAL,PWRWONCHNHN01,2031,0.4895
GLOBAL,PWRWONCHNHN01,2032,0.4895
GLOBAL,PWRWONCHNHN01,2033,0.4895
GLOBAL,PWRWONCHNHN01,2034,0.4895
GLOBAL,PWRWONCHNHN01,2035,0.4895
GLOBAL,PWRWONCHNHN01,2036,0.4895
GLOBAL,PWRWONCHNHN01,2037,0.4895
GLOBAL,PWRWONCHNHN01,2038,0.4895
GLOBAL,PWRWONCHNHN01,2039,0.4895
GLOBAL,PWRWONCHNHN01,2040,0.0
GLOBAL,PWRWONCHNHN01,2041,0.0
GLOBAL,PWRWONCHNHN01,2042,0.0
GLOBAL,PWRWONCHNHN01,2043,0.0
GLOBAL,PWRWONCHNHN01,2044,0.0
GLOBAL,PWRWONCHNHN01,2045,0.0
GLOBAL,PWRWONCHNHN01,2046,0.0
GLOBAL,PWRWONCHNHN01,2047,0.0
GLOBAL,PWRWONCHNHN01,2048,0.0
GLOBAL,PWRWONCHNHN01,2049,0.0
GLOBAL,PWRWONCHNHN01,2050,0.0
GLOBAL,PWRBIOCHNHU01,2021,0.4571
GLOBAL,PWRBIOCHNHU01,2022,0.4571
GLOBAL,PWRBIOCHNHU01,2023,0.4571
GLOBAL,PWRBIOCHNHU01,2024,0.4571
GLOBAL,PWRBIOCHNHU01,2025,0.4571
GLOBAL,PWRBIOCHNHU01,2026,0.4571
GLOBAL,PWRBIOCHNHU01,2027,0.4571
GLOBAL,PWRBIOCHNHU01,2028,0.4571
GLOBAL,PWRBIOCHNHU01,2029,0.4571
GLOBAL,PWRBIOCHNHU01,2030,0.4571
GLOBAL,PWRBIOCHNHU01,2031,0.4571
GLOBAL,PWRBIOCHNHU01,2032,0.0
GLOBAL,PWRBIOCHNHU01,2033,0.0
GLOBAL,PWRBIOCHNHU01,2034,0.0
GLOBAL,PWRBIOCHNHU01,2035,0.0
GLOBAL,PWRBIOCHNHU01,2036,0.0
GLOBAL,PWRBIOCHNHU01,2037,0.0
GLOBAL,PWRBIOCHNHU01,2038,0.0
GLOBAL,PWRBIOCHNHU01,2039,0.0
GLOBAL,PWRBIOCHNHU01,2040,0.0
GLOBAL,PWRBIOCHNHU01,2041,0.0
GLOBAL,PWRBIOCHNHU01,2042,0.0
GLOBAL,PWRBIOCHNHU01,2043,0.0
GLOBAL,PWRBIOCHNHU01,2044,0.0
GLOBAL,PWRBIOCHNHU01,2045,0.0
GLOBAL,PWRBIOCHNHU01,2046,0.0
GLOBAL,PWRBIOCHNHU01,2047,0.0
GLOBAL,PWRBIOCHNHU01,2048,0.0
GLOBAL,PWRBIOCHNHU01,2049,0.0
GLOBAL,PWRBIOCHNHU01,2050,0.0
GLOBAL,PWRCOACHNHU01,2021,24.5186
GLOBAL,PWRCOACHNHU01,2022,24.5186
GLOBAL,PWRCOACHNHU01,2023,24.5186
GLOBAL,PWRCOACHNHU01,2024,24.5186
GLOBAL,PWRCOACHNHU01,2025,24.5186
GLOBAL,PWRCOACHNHU01,2026,24.4186
GLOBAL,PWRCOACHNHU01,2027,22.7786
GLOBAL,PWRCOACHNHU01,2028,20.14
GLOBAL,PWRCOACHNHU01,2029,20.14
GLOBAL,PWRCOACHNHU01,2030,20.14
GLOBAL,PWRCOACHNHU01,2031,17.14
GLOBAL,PWRCOACHNHU01,2032,17.14
GLOBAL,PWRCOACHNHU01,2033,14.74
GLOBAL,PWRCOACHNHU01,2034,14.56
GLOBAL,PWRCOACHNHU01,2035,14.56
GLOBAL,PWRCOACHNHU01,2036,14.38
GLOBAL,PWRCOACHNHU01,2037,14.38
GLOBAL,PWRCOACHNHU01,2038,11.124
GLOBAL,PWRCOACHNHU01,2039,9.924
GLOBAL,PWRCOACHNHU01,2040,7.301
GLOBAL,PWRCOACHNHU01,2041,7.301
GLOBAL,PWRCOACHNHU01,2042,4.7
GLOBAL,PWRCOACHNHU01,2043,2.563
GLOBAL,PWRCOACHNHU01,2044,2.563
GLOBAL,PWRCOACHNHU01,2045,1.165
GLOBAL,PWRCOACHNHU01,2046,0.765
GLOBAL,PWRCOACHNHU01,2047,0.765
GLOBAL,PWRCOACHNHU01,2048,0.0
GLOBAL,PWRCOACHNHU01,2049,0.0
GLOBAL,PWRCOACHNHU01,2050,0.0
GLOBAL,PWRHYDCHNHU01,2021,40.2733
GLOBAL,PWRHYDCHNHU01,2022,40.2733
GLOBAL,PWRHYDCHNHU01,2023,40.2733
GLOBAL,PWRHYDCHNHU01,2024,40.2733
GLOBAL,PWRHYDCHNHU01,2025,40.2733
GLOBAL,PWRHYDCHNHU01,2026,40.2733
GLOBAL,PWRHYDCHNHU01,2027,40.2733
GLOBAL,PWRHYDCHNHU01,2028,40.2733
GLOBAL,PWRHYDCHNHU01,2029,40.2733
GLOBAL,PWRHYDCHNHU01,2030,40.2733
GLOBAL,PWRHYDCHNHU01,2031,40.2733
GLOBAL,PWRHYDCHNHU01,2032,40.2733
GLOBAL,PWRHYDCHNHU01,2033,40.2733
GLOBAL,PWRHYDCHNHU01,2034,40.2733
GLOBAL,PWRHYDCHNHU01,2035,40.2733
GLOBAL,PWRHYDCHNHU01,2036,40.2733
GLOBAL,PWRHYDCHNHU01,2037,40.2733
GLOBAL,PWRHYDCHNHU01,2038,40.2733
GLOBAL,PWRHYDCHNHU01,2039,40.2733
GLOBAL,PWRHYDCHNHU01,2040,40.2733
GLOBAL,PWRHYDCHNHU01,2041,40.2733
GLOBAL,PWRHYDCHNHU01,2042,40.2733
GLOBAL,PWRHYDCHNHU01,2043,40.2733
GLOBAL,PWRHYDCHNHU01,2044,40.2733
GLOBAL,PWRHYDCHNHU01,2045,40.2733
GLOBAL,PWRHYDCHNHU01,2046,40.2733
GLOBAL,PWRHYDCHNHU01,2047,40.2733
GLOBAL,PWRHYDCHNHU01,2048,40.2733
GLOBAL,PWRHYDCHNHU01,2049,40.2733
GLOBAL,PWRHYDCHNHU01,2050,40.2733
GLOBAL,PWROCGCHNHU00,2021,0.046
GLOBAL,PWROCGCHNHU00,2022,0.046
GLOBAL,PWROCGCHNHU00,2023,0.046
GLOBAL,PWROCGCHNHU00,2024,0.046
GLOBAL,PWROCGCHNHU00,2025,0.0
GLOBAL,PWROCGCHNHU00,2026,0.0
GLOBAL,PWROCGCHNHU00,2027,0.0
GLOBAL,PWROCGCHNHU00,2028,0.0
GLOBAL,PWROCGCHNHU00,2029,0.0
GLOBAL,PWROCGCHNHU00,2030,0.0
GLOBAL,PWROCGCHNHU00,2031,0.0
GLOBAL,PWROCGCHNHU00,2032,0.0
GLOBAL,PWROCGCHNHU00,2033,0.0
GLOBAL,PWROCGCHNHU00,2034,0.0
GLOBAL,PWROCGCHNHU00,2035,0.0
GLOBAL,PWROCGCHNHU00,2036,0.0
GLOBAL,PWROCGCHNHU00,2037,0.0
GLOBAL,PWROCGCHNHU00,2038,0.0
GLOBAL,PWROCGCHNHU00,2039,0.0
GLOBAL,PWROCGCHNHU00,2040,0.0
GLOBAL,PWROCGCHNHU00,2041,0.0
GLOBAL,PWROCGCHNHU00,2042,0.0
GLOBAL,PWROCGCHNHU00,2043,0.0
GLOBAL,PWROCGCHNHU00,2044,0.0
GLOBAL,PWROCGCHNHU00,2045,0.0
GLOBAL,PWROCGCHNHU00,2046,0.0
GLOBAL,PWROCGCHNHU00,2047,0.0
GLOBAL,PWROCGCHNHU00,2048,0.0
GLOBAL,PWROCGCHNHU00,2049,0.0
GLOBAL,PWROCGCHNHU00,2050,0.0
GLOBAL,PWROILCHNHU01,2021,1.219
GLOBAL,PWROILCHNHU01,2022,1.219
GLOBAL,PWROILCHNHU01,2023,1.219
GLOBAL,PWROILCHNHU01,2024,1.219
GLOBAL,PWROILCHNHU01,2025,1.219
GLOBAL,PWROILCHNHU01,2026,1.219
GLOBAL,PWROILCHNHU01,2027,0.0
GLOBAL,PWROILCHNHU01,2028,0.0
GLOBAL,PWROILCHNHU01,2029,0.0
GLOBAL,PWROILCHNHU01,2030,0.0
GLOBAL,PWROILCHNHU01,2031,0.0
GLOBAL,PWROILCHNHU01,2032,0.0
GLOBAL,PWROILCHNHU01,2033,0.0
GLOBAL,PWROILCHNHU01,2034,0.0
GLOBAL,PWROILCHNHU01,2035,0.0
GLOBAL,PWROILCHNHU01,2036,0.0
GLOBAL,PWROILCHNHU01,2037,0.0
GLOBAL,PWROILCHNHU01,2038,0.0
GLOBAL,PWROILCHNHU01,2039,0.0
GLOBAL,PWROILCHNHU01,2040,0.0
GLOBAL,PWROILCHNHU01,2041,0.0
GLOBAL,PWROILCHNHU01,2042,0.0
GLOBAL,PWROILCHNHU01,2043,0.0
GLOBAL,PWROILCHNHU01,2044,0.0
GLOBAL,PWROILCHNHU01,2045,0.0
GLOBAL,PWROILCHNHU01,2046,0.0
GLOBAL,PWROILCHNHU01,2047,0.0
GLOBAL,PWROILCHNHU01,2048,0.0
GLOBAL,PWROILCHNHU01,2049,0.0
GLOBAL,PWROILCHNHU01,2050,0.0
GLOBAL,PWRSPVCHNHU01,2021,0.0629
GLOBAL,PWRSPVCHNHU01,2022,0.0629
GLOBAL,PWRSPVCHNHU01,2023,0.0629
GLOBAL,PWRSPVCHNHU01,2024,0.0629
GLOBAL,PWRSPVCHNHU01,2025,0.0629
GLOBAL,PWRSPVCHNHU01,2026,0.0629
GLOBAL,PWRSPVCHNHU01,2027,0.0629
GLOBAL,PWRSPVCHNHU01,2028,0.0629
GLOBAL,PWRSPVCHNHU01,2029,0.0629
GLOBAL,PWRSPVCHNHU01,2030,0.0629
GLOBAL,PWRSPVCHNHU01,2031,0.0629
GLOBAL,PWRSPVCHNHU01,2032,0.0629
GLOBAL,PWRSPVCHNHU01,2033,0.0629
GLOBAL,PWRSPVCHNHU01,2034,0.0629
GLOBAL,PWRSPVCHNHU01,2035,0.0629
GLOBAL,PWRSPVCHNHU01,2036,0.0629
GLOBAL,PWRSPVCHNHU01,2037,0.0629
GLOBAL,PWRSPVCHNHU01,2038,0.0629
GLOBAL,PWRSPVCHNHU01,2039,0.0629
GLOBAL,PWRSPVCHNHU01,2040,0.0629
GLOBAL,PWRSPVCHNHU01,2041,0.0629
GLOBAL,PWRSPVCHNHU01,2042,0.0629
GLOBAL,PWRSPVCHNHU01,2043,0.0629
GLOBAL,PWRSPVCHNHU01,2044,0.0629
GLOBAL,PWRSPVCHNHU01,2045,0.0
GLOBAL,PWRSPVCHNHU01,2046,0.0
GLOBAL,PWRSPVCHNHU01,2047,0.0
GLOBAL,PWRSPVCHNHU01,2048,0.0
GLOBAL,PWRSPVCHNHU01,2049,0.0
GLOBAL,PWRSPVCHNHU01,2050,0.0
GLOBAL,PWRWONCHNHU01,2021,0.246
GLOBAL,PWRWONCHNHU01,2022,0.246
GLOBAL,PWRWONCHNHU01,2023,0.246
GLOBAL,PWRWONCHNHU01,2024,0.246
GLOBAL,PWRWONCHNHU01,2025,0.246
GLOBAL,PWRWONCHNHU01,2026,0.246
GLOBAL,PWRWONCHNHU01,2027,0.246
GLOBAL,PWRWONCHNHU01,2028,0.246
GLOBAL,PWRWONCHNHU01,2029,0.246
GLOBAL,PWRWONCHNHU01,2030,0.246
GLOBAL,PWRWONCHNHU01,2031,0.246
GLOBAL,PWRWONCHNHU01,2032,0.246
GLOBAL,PWRWONCHNHU01,2033,0.246
GLOBAL,PWRWONCHNHU01,2034,0.246
GLOBAL,PWRWONCHNHU01,2035,0.246
GLOBAL,PWRWONCHNHU01,2036,0.246
GLOBAL,PWRWONCHNHU01,2037,0.246
GLOBAL,PWRWONCHNHU01,2038,0.246
GLOBAL,PWRWONCHNHU01,2039,0.246
GLOBAL,PWRWONCHNHU01,2040,0.0
GLOBAL,PWRWONCHNHU01,2041,0.0
GLOBAL,PWRWONCHNHU01,2042,0.0
GLOBAL,PWRWONCHNHU01,2043,0.0
GLOBAL,PWRWONCHNHU01,2044,0.0
GLOBAL,PWRWONCHNHU01,2045,0.0
GLOBAL,PWRWONCHNHU01,2046,0.0
GLOBAL,PWRWONCHNHU01,2047,0.0
GLOBAL,PWRWONCHNHU01,2048,0.0
GLOBAL,PWRWONCHNHU01,2049,0.0
GLOBAL,PWRWONCHNHU01,2050,0.0
GLOBAL,PWRBIOCHNJI01,2021,0.1874
GLOBAL,PWRBIOCHNJI01,2022,0.1874
GLOBAL,PWRBIOCHNJI01,2023,0.1874
GLOBAL,PWRBIOCHNJI01,2024,0.1874
GLOBAL,PWRBIOCHNJI01,2025,0.1874
GLOBAL,PWRBIOCHNJI01,2026,0.1874
GLOBAL,PWRBIOCHNJI01,2027,0.1874
GLOBAL,PWRBIOCHNJI01,2028,0.1874
GLOBAL,PWRBIOCHNJI01,2029,0.1874
GLOBAL,PWRBIOCHNJI01,2030,0.1874
GLOBAL,PWRBIOCHNJI01,2031,0.1874
GLOBAL,PWRBIOCHNJI01,2032,0.0
GLOBAL,PWRBIOCHNJI01,2033,0.0
GLOBAL,PWRBIOCHNJI01,2034,0.0
GLOBAL,PWRBIOCHNJI01,2035,0.0
GLOBAL,PWRBIOCHNJI01,2036,0.0
GLOBAL,PWRBIOCHNJI01,2037,0.0
GLOBAL,PWRBIOCHNJI01,2038,0.0
GLOBAL,PWRBIOCHNJI01,2039,0.0
GLOBAL,PWRBIOCHNJI01,2040,0.0
GLOBAL,PWRBIOCHNJI01,2041,0.0
GLOBAL,PWRBIOCHNJI01,2042,0.0
GLOBAL,PWRBIOCHNJI01,2043,0.0
GLOBAL,PWRBIOCHNJI01,2044,0.0
GLOBAL,PWRBIOCHNJI01,2045,0.0
GLOBAL,PWRBIOCHNJI01,2046,0.0
GLOBAL,PWRBIOCHNJI01,2047,0.0
GLOBAL,PWRBIOCHNJI01,2048,0.0
GLOBAL,PWRBIOCHNJI01,2049,0.0
GLOBAL,PWRBIOCHNJI01,2050,0.0
GLOBAL,PWRCOACHNJI01,2021,17.8461
GLOBAL,PWRCOACHNJI01,2022,17.8461
GLOBAL,PWRCOACHNJI01,2023,17.8461
GLOBAL,PWRCOACHNJI01,2024,17.8461
GLOBAL,PWRCOACHNJI01,2025,17.8461
GLOBAL,PWRCOACHNJI01,2026,17.8461
GLOBAL,PWRCOACHNJI01,2027,17.8461
GLOBAL,PWRCOACHNJI01,2028,16.931
GLOBAL,PWRCOACHNJI01,2029,15.464
GLOBAL,PWRCOACHNJI01,2030,15.464
GLOBAL,PWRCOACHNJI01,2031,15.464
GLOBAL,PWRCOACHNJI01,2032,14.244
GLOBAL,PWRCOACHNJI01,2033,13.584
GLOBAL,PWRCOACHNJI01,2034,10.697
GLOBAL,PWRCOACHNJI01,2035,10.097
GLOBAL,PWRCOACHNJI01,2036,10.097
GLOBAL,PWRCOACHNJI01,2037,10.097
GLOBAL,PWRCOACHNJI01,2038,8.287
GLOBAL,PWRCOACHNJI01,2039,7.627
GLOBAL,PWRCOACHNJI01,2040,4.958
GLOBAL,PWRCOACHNJI01,2041,1.879
GLOBAL,PWRCOACHNJI01,2042,0.819
GLOBAL,PWRCOACHNJI01,2043,0.819
GLOBAL,PWRCOACHNJI01,2044,0.819
GLOBAL,PWRCOACHNJI01,2045,0.819
GLOBAL,PWRCOACHNJI01,2046,0.819
GLOBAL,PWRCOACHNJI01,2047,0.819
GLOBAL,PWRCOACHNJI01,2048,0.699
GLOBAL,PWRCOACHNJI01,2049,0.0
GLOBAL,PWRCOACHNJI01,2050,0.0
GLOBAL,PWRHYDCHNJI01,2021,4.1029
GLOBAL,PWRHYDCHNJI01,2022,4.1029
GLOBAL,PWRHYDCHNJI01,2023,4.1029
GLOBAL,PWRHYDCHNJI01,2024,4.1029
GLOBAL,PWRHYDCHNJI01,2025,4.1029
GLOBAL,PWRHYDCHNJI01,2026,4.1029
GLOBAL,PWRHYDCHNJI01,2027,4.1029
GLOBAL,PWRHYDCHNJI01,2028,4.1029
GLOBAL,PWRHYDCHNJI01,2029,4.1029
GLOBAL,PWRHYDCHNJI01,2030,4.1029
GLOBAL,PWRHYDCHNJI01,2031,4.1029
GLOBAL,PWRHYDCHNJI01,2032,4.1029
GLOBAL,PWRHYDCHNJI01,2033,4.1029
GLOBAL,PWRHYDCHNJI01,2034,4.1029
GLOBAL,PWRHYDCHNJI01,2035,4.1029
GLOBAL,PWRHYDCHNJI01,2036,4.1029
GLOBAL,PWRHYDCHNJI01,2037,4.1029
GLOBAL,PWRHYDCHNJI01,2038,4.1029
GLOBAL,PWRHYDCHNJI01,2039,4.1029
GLOBAL,PWRHYDCHNJI01,2040,4.1029
GLOBAL,PWRHYDCHNJI01,2041,4.1029
GLOBAL,PWRHYDCHNJI01,2042,3.2929
GLOBAL,PWRHYDCHNJI01,2043,3.2929
GLOBAL,PWRHYDCHNJI01,2044,3.2929
GLOBAL,PWRHYDCHNJI01,2045,3.2929
GLOBAL,PWRHYDCHNJI01,2046,3.2929
GLOBAL,PWRHYDCHNJI01,2047,3.2929
GLOBAL,PWRHYDCHNJI01,2048,3.2929
GLOBAL,PWRHYDCHNJI01,2049,3.2929
GLOBAL,PWRHYDCHNJI01,2050,3.2929
GLOBAL,PWROCGCHNJI00,2021,0.007
GLOBAL,PWROCGCHNJI00,2022,0.007
GLOBAL,PWROCGCHNJI00,2023,0.007
GLOBAL,PWROCGCHNJI00,2024,0.007
GLOBAL,PWROCGCHNJI00,2025,0.0
GLOBAL,PWROCGCHNJI00,2026,0.0
GLOBAL,PWROCGCHNJI00,2027,0.0
GLOBAL,PWROCGCHNJI00,2028,0.0
GLOBAL,PWROCGCHNJI00,2029,0.0
GLOBAL,PWROCGCHNJI00,2030,0.0
GLOBAL,PWROCGCHNJI00,2031,0.0
GLOBAL,PWROCGCHNJI00,2032,0.0
GLOBAL,PWROCGCHNJI00,2033,0.0
GLOBAL,PWROCGCHNJI00,2034,0.0
GLOBAL,PWROCGCHNJI00,2035,0.0
GLOBAL,PWROCGCHNJI00,2036,0.0
GLOBAL,PWROCGCHNJI00,2037,0.0
GLOBAL,PWROCGCHNJI00,2038,0.0
GLOBAL,PWROCGCHNJI00,2039,0.0
GLOBAL,PWROCGCHNJI00,2040,0.0
GLOBAL,PWROCGCHNJI00,2041,0.0
GLOBAL,PWROCGCHNJI00,2042,0.0
GLOBAL,PWROCGCHNJI00,2043,0.0
GLOBAL,PWROCGCHNJI00,2044,0.0
GLOBAL,PWROCGCHNJI00,2045,0.0
GLOBAL,PWROCGCHNJI00,2046,0.0
GLOBAL,PWROCGCHNJI00,2047,0.0
GLOBAL,PWROCGCHNJI00,2048,0.0
GLOBAL,PWROCGCHNJI00,2049,0.0
GLOBAL,PWROCGCHNJI00,2050,0.0
GLOBAL,PWRWONCHNJI01,2021,7.8802
GLOBAL,PWRWONCHNJI01,2022,7.8802
GLOBAL,PWRWONCHNJI01,2023,7.8802
GLOBAL,PWRWONCHNJI01,2024,7.8802
GLOBAL,PWRWONCHNJI01,2025,7.8802
GLOBAL,PWRWONCHNJI01,2026,7.8802
GLOBAL,PWRWONCHNJI01,2027,7.8802
GLOBAL,PWRWONCHNJI01,2028,7.8802
GLOBAL,PWRWONCHNJI01,2029,7.8802
GLOBAL,PWRWONCHNJI01,2030,7.8802
GLOBAL,PWRWONCHNJI01,2031,7.8802
GLOBAL,PWRWONCHNJI01,2032,7.8802
GLOBAL,PWRWONCHNJI01,2033,7.8802
GLOBAL,PWRWONCHNJI01,2034,7.8802
GLOBAL,PWRWONCHNJI01,2035,7.8802
GLOBAL,PWRWONCHNJI01,2036,7.8802
GLOBAL,PWRWONCHNJI01,2037,7.8802
GLOBAL,PWRWONCHNJI01,2038,7.8802
GLOBAL,PWRWONCHNJI01,2039,7.8802
GLOBAL,PWRWONCHNJI01,2040,0.0
GLOBAL,PWRWONCHNJI01,2041,0.0
GLOBAL,PWRWONCHNJI01,2042,0.0
GLOBAL,PWRWONCHNJI01,2043,0.0
GLOBAL,PWRWONCHNJI01,2044,0.0
GLOBAL,PWRWONCHNJI01,2045,0.0
GLOBAL,PWRWONCHNJI01,2046,0.0
GLOBAL,PWRWONCHNJI01,2047,0.0
GLOBAL,PWRWONCHNJI01,2048,0.0
GLOBAL,PWRWONCHNJI01,2049,0.0
GLOBAL,PWRWONCHNJI01,2050,0.0
GLOBAL,PWRBIOCHNJS01,2021,0.7105
GLOBAL,PWRBIOCHNJS01,2022,0.7105
GLOBAL,PWRBIOCHNJS01,2023,0.7105
GLOBAL,PWRBIOCHNJS01,2024,0.7105
GLOBAL,PWRBIOCHNJS01,2025,0.7105
GLOBAL,PWRBIOCHNJS01,2026,0.7105
GLOBAL,PWRBIOCHNJS01,2027,0.7105
GLOBAL,PWRBIOCHNJS01,2028,0.7105
GLOBAL,PWRBIOCHNJS01,2029,0.7105
GLOBAL,PWRBIOCHNJS01,2030,0.7105
GLOBAL,PWRBIOCHNJS01,2031,0.7105
GLOBAL,PWRBIOCHNJS01,2032,0.0
GLOBAL,PWRBIOCHNJS01,2033,0.0
GLOBAL,PWRBIOCHNJS01,2034,0.0
GLOBAL,PWRBIOCHNJS01,2035,0.0
GLOBAL,PWRBIOCHNJS01,2036,0.0
GLOBAL,PWRBIOCHNJS01,2037,0.0
GLOBAL,PWRBIOCHNJS01,2038,0.0
GLOBAL,PWRBIOCHNJS01,2039,0.0
GLOBAL,PWRBIOCHNJS01,2040,0.0
GLOBAL,PWRBIOCHNJS01,2041,0.0
GLOBAL,PWRBIOCHNJS01,2042,0.0
GLOBAL,PWRBIOCHNJS01,2043,0.0
GLOBAL,PWRBIOCHNJS01,2044,0.0
GLOBAL,PWRBIOCHNJS01,2045,0.0
GLOBAL,PWRBIOCHNJS01,2046,0.0
GLOBAL,PWRBIOCHNJS01,2047,0.0
GLOBAL,PWRBIOCHNJS01,2048,0.0
GLOBAL,PWRBIOCHNJS01,2049,0.0
GLOBAL,PWRBIOCHNJS01,2050,0.0
GLOBAL,PWRCCGCHNJS00,2021,7.6982
GLOBAL,PWRCCGCHNJS00,2022,7.6982
GLOBAL,PWRCCGCHNJS00,2023,7.6982
GLOBAL,PWRCCGCHNJS00,2024,7.6982
GLOBAL,PWRCCGCHNJS00,2025,0.7
GLOBAL,PWRCCGCHNJS00,2026,0.7
GLOBAL,PWRCCGCHNJS00,2027,0.7
GLOBAL,PWRCCGCHNJS00,2028,0.7
GLOBAL,PWRCCGCHNJS00,2029,0.7
GLOBAL,PWRCCGCHNJS00,2030,0.7
GLOBAL,PWRCCGCHNJS00,2031,0.7
GLOBAL,PWRCCGCHNJS00,2032,0.7
GLOBAL,PWRCCGCHNJS00,2033,0.7
GLOBAL,PWRCCGCHNJS00,2034,0.7
GLOBAL,PWRCCGCHNJS00,2035,0.0
GLOBAL,PWRCCGCHNJS00,2036,0.0
GLOBAL,PWRCCGCHNJS00,2037,0.0
GLOBAL,PWRCCGCHNJS00,2038,0.0
GLOBAL,PWRCCGCHNJS00,2039,0.0
GLOBAL,PWRCCGCHNJS00,2040,0.0
GLOBAL,PWRCCGCHNJS00,2041,0.0
GLOBAL,PWRCCGCHNJS00,2042,0.0
GLOBAL,PWRCCGCHNJS00,2043,0.0
GLOBAL,PWRCCGCHNJS00,2044,0.0
GLOBAL,PWRCCGCHNJS00,2045,0.0
GLOBAL,PWRCCGCHNJS00,2046,0.0
GLOBAL,PWRCCGCHNJS00,2047,0.0
GLOBAL,PWRCCGCHNJS00,2048,0.0
GLOBAL,PWRCCGCHNJS00,2049,0.0
GLOBAL,PWRCCGCHNJS00,2050,0.0
GLOBAL,PWRCOACHNJS01,2021,79.626
GLOBAL,PWRCOACHNJS01,2022,79.626
GLOBAL,PWRCOACHNJS01,2023,79.426
GLOBAL,PWRCOACHNJS01,2024,79.276
GLOBAL,PWRCOACHNJS01,2025,78.637
GLOBAL,PWRCOACHNJS01,2026,78.487
GLOBAL,PWRCOACHNJS01,2027,78.487
GLOBAL,PWRCOACHNJS01,2028,71.334
GLOBAL,PWRCOACHNJS01,2029,71.234
GLOBAL,PWRCOACHNJS01,2030,70.204
GLOBAL,PWRCOACHNJS01,2031,67.642
GLOBAL,PWRCOACHNJS01,2032,67.532
GLOBAL,PWRCOACHNJS01,2033,58.08
GLOBAL,PWRCOACHNJS01,2034,53.438
GLOBAL,PWRCOACHNJS01,2035,45.91
GLOBAL,PWRCOACHNJS01,2036,39.633
GLOBAL,PWRCOACHNJS01,2037,28.919
GLOBAL,PWRCOACHNJS01,2038,28.484
GLOBAL,PWRCOACHNJS01,2039,27.053
GLOBAL,PWRCOACHNJS01,2040,22.589
GLOBAL,PWRCOACHNJS01,2041,15.172
GLOBAL,PWRCOACHNJS01,2042,13.782
GLOBAL,PWRCOACHNJS01,2043,8.298
GLOBAL,PWRCOACHNJS01,2044,5.042
GLOBAL,PWRCOACHNJS01,2045,3.722
GLOBAL,PWRCOACHNJS01,2046,2.801
GLOBAL,PWRCOACHNJS01,2047,0.0
GLOBAL,PWRCOACHNJS01,2048,0.0
GLOBAL,PWRCOACHNJS01,2049,0.0
GLOBAL,PWRCOACHNJS01,2050,0.0
GLOBAL,PWRHYDCHNJS01,2021,2.5129
GLOBAL,PWRHYDCHNJS01,2022,2.5129
GLOBAL,PWRHYDCHNJS01,2023,2.5129
GLOBAL,PWRHYDCHNJS01,2024,2.5129
GLOBAL,PWRHYDCHNJS01,2025,2.5129
GLOBAL,PWRHYDCHNJS01,2026,2.5129
GLOBAL,PWRHYDCHNJS01,2027,2.5129
GLOBAL,PWRHYDCHNJS01,2028,2.5129
GLOBAL,PWRHYDCHNJS01,2029,2.5129
GLOBAL,PWRHYDCHNJS01,2030,2.5129
GLOBAL,PWRHYDCHNJS01,2031,2.5129
GLOBAL,PWRHYDCHNJS01,2032,2.5129
GLOBAL,PWRHYDCHNJS01,2033,2.5129
GLOBAL,PWRHYDCHNJS01,2034,2.5129
GLOBAL,PWRHYDCHNJS01,2035,2.5129
GLOBAL,PWRHYDCHNJS01,2036,2.5129
GLOBAL,PWRHYDCHNJS01,2037,2.5129
GLOBAL,PWRHYDCHNJS01,2038,2.5129
GLOBAL,PWRHYDCHNJS01,2039,2.5129
GLOBAL,PWRHYDCHNJS01,2040,2.5129
GLOBAL,PWRHYDCHNJS01,2041,2.5129
GLOBAL,PWRHYDCHNJS01,2042,2.5129
GLOBAL,PWRHYDCHNJS01,2043,2.5129
GLOBAL,PWRHYDCHNJS01,2044,2.5129
GLOBAL,PWRHYDCHNJS01,2045,2.5129
GLOBAL,PWRHYDCHNJS01,2046,2.5129
GLOBAL,PWRHYDCHNJS01,2047,2.5129
GLOBAL,PWRHYDCHNJS01,2048,2.5129
GLOBAL,PWRHYDCHNJS01,2049,2.5129
GLOBAL,PWRHYDCHNJS01,2050,2.5129
GLOBAL,PWROCGCHNJS00,2021,0.074
GLOBAL,PWROCGCHNJS00,2022,0.074
GLOBAL,PWROCGCHNJS00,2023,0.074
GLOBAL,PWROCGCHNJS00,2024,0.074
GLOBAL,PWROCGCHNJS00,2025,0.0
GLOBAL,PWROCGCHNJS00,2026,0.0
GLOBAL,PWROCGCHNJS00,2027,0.0
GLOBAL,PWROCGCHNJS00,2028,0.0
GLOBAL,PWROCGCHNJS00,2029,0.0
GLOBAL,PWROCGCHNJS00,2030,0.0
GLOBAL,PWROCGCHNJS00,2031,0.0
GLOBAL,PWROCGCHNJS00,2032,0.0
GLOBAL,PWROCGCHNJS00,2033,0.0
GLOBAL,PWROCGCHNJS00,2034,0.0
GLOBAL,PWROCGCHNJS00,2035,0.0
GLOBAL,PWROCGCHNJS00,2036,0.0
GLOBAL,PWROCGCHNJS00,2037,0.0
GLOBAL,PWROCGCHNJS00,2038,0.0
GLOBAL,PWROCGCHNJS00,2039,0.0
GLOBAL,PWROCGCHNJS00,2040,0.0
GLOBAL,PWROCGCHNJS00,2041,0.0
GLOBAL,PWROCGCHNJS00,2042,0.0
GLOBAL,PWROCGCHNJS00,2043,0.0
GLOBAL,PWROCGCHNJS00,2044,0.0
GLOBAL,PWROCGCHNJS00,2045,0.0
GLOBAL,PWROCGCHNJS00,2046,0.0
GLOBAL,PWROCGCHNJS00,2047,0.0
GLOBAL,PWROCGCHNJS00,2048,0.0
GLOBAL,PWROCGCHNJS00,2049,0.0
GLOBAL,PWROCGCHNJS00,2050,0.0
GLOBAL,PWRSPVCHNJS01,2021,3.5026
GLOBAL,PWRSPVCHNJS01,2022,3.5026
GLOBAL,PWRSPVCHNJS01,2023,3.5026
GLOBAL,PWRSPVCHNJS01,2024,3.5026
GLOBAL,PWRSPVCHNJS01,2025,3.5026
GLOBAL,PWRSPVCHNJS01,2026,3.5026
GLOBAL,PWRSPVCHNJS01,2027,3.5026
GLOBAL,PWRSPVCHNJS01,2028,3.5026
GLOBAL,PWRSPVCHNJS01,2029,3.5026
GLOBAL,PWRSPVCHNJS01,2030,3.5026
GLOBAL,PWRSPVCHNJS01,2031,3.5026
GLOBAL,PWRSPVCHNJS01,2032,3.5026
GLOBAL,PWRSPVCHNJS01,2033,3.5026
GLOBAL,PWRSPVCHNJS01,2034,3.5026
GLOBAL,PWRSPVCHNJS01,2035,3.5026
GLOBAL,PWRSPVCHNJS01,2036,3.5026
GLOBAL,PWRSPVCHNJS01,2037,3.5026
GLOBAL,PWRSPVCHNJS01,2038,3.5026
GLOBAL,PWRSPVCHNJS01,2039,3.5026
GLOBAL,PWRSPVCHNJS01,2040,3.5026
GLOBAL,PWRSPVCHNJS01,2041,3.5026
GLOBAL,PWRSPVCHNJS01,2042,3.5026
GLOBAL,PWRSPVCHNJS01,2043,3.5026
GLOBAL,PWRSPVCHNJS01,2044,3.5026
GLOBAL,PWRSPVCHNJS01,2045,0.0
GLOBAL,PWRSPVCHNJS01,2046,0.0
GLOBAL,PWRSPVCHNJS01,2047,0.0
GLOBAL,PWRSPVCHNJS01,2048,0.0
GLOBAL,PWRSPVCHNJS01,2049,0.0
GLOBAL,PWRSPVCHNJS01,2050,0.0
GLOBAL,PWRURNCHNJS01,2021,1.98
GLOBAL,PWRURNCHNJS01,2022,1.98
GLOBAL,PWRURNCHNJS01,2023,1.98
GLOBAL,PWRURNCHNJS01,2024,1.98
GLOBAL,PWRURNCHNJS01,2025,1.98
GLOBAL,PWRURNCHNJS01,2026,1.98
GLOBAL,PWRURNCHNJS01,2027,1.98
GLOBAL,PWRURNCHNJS01,2028,1.98
GLOBAL,PWRURNCHNJS01,2029,1.98
GLOBAL,PWRURNCHNJS01,2030,1.98
GLOBAL,PWRURNCHNJS01,2031,1.98
GLOBAL,PWRURNCHNJS01,2032,1.98
GLOBAL,PWRURNCHNJS01,2033,1.98
GLOBAL,PWRURNCHNJS01,2034,1.98
GLOBAL,PWRURNCHNJS01,2035,1.98
GLOBAL,PWRURNCHNJS01,2036,1.98
GLOBAL,PWRURNCHNJS01,2037,1.98
GLOBAL,PWRURNCHNJS01,2038,1.98
GLOBAL,PWRURNCHNJS01,2039,1.98
GLOBAL,PWRURNCHNJS01,2040,1.98
GLOBAL,PWRURNCHNJS01,2041,1.98
GLOBAL,PWRURNCHNJS01,2042,1.98
GLOBAL,PWRURNCHNJS01,2043,1.98
GLOBAL,PWRURNCHNJS01,2044,1.98
GLOBAL,PWRURNCHNJS01,2045,0.0
GLOBAL,PWRURNCHNJS01,2046,0.0
GLOBAL,PWRURNCHNJS01,2047,0.0
GLOBAL,PWRURNCHNJS01,2048,0.0
GLOBAL,PWRURNCHNJS01,2049,0.0
GLOBAL,PWRURNCHNJS01,2050,0.0
GLOBAL,PWRWOFCHNJS01,2021,1.166
GLOBAL,PWRWOFCHNJS01,2022,1.166
GLOBAL,PWRWOFCHNJS01,2023,1.166
GLOBAL,PWRWOFCHNJS01,2024,1.166
GLOBAL,PWRWOFCHNJS01,2025,1.166
GLOBAL,PWRWOFCHNJS01,2026,1.166
GLOBAL,PWRWOFCHNJS01,2027,1.166
GLOBAL,PWRWOFCHNJS01,2028,1.166
GLOBAL,PWRWOFCHNJS01,2029,1.166
GLOBAL,PWRWOFCHNJS01,2030,1.166
GLOBAL,PWRWOFCHNJS01,2031,1.166
GLOBAL,PWRWOFCHNJS01,2032,1.166
GLOBAL,PWRWOFCHNJS01,2033,1.166
GLOBAL,PWRWOFCHNJS01,2034,1.166
GLOBAL,PWRWOFCHNJS01,2035,1.166
GLOBAL,PWRWOFCHNJS01,2036,1.166
GLOBAL,PWRWOFCHNJS01,2037,1.166
GLOBAL,PWRWOFCHNJS01,2038,1.166
GLOBAL,PWRWOFCHNJS01,2039,1.166
GLOBAL,PWRWOFCHNJS01,2040,1.166
GLOBAL,PWRWOFCHNJS01,2041,0.0
GLOBAL,PWRWOFCHNJS01,2042,0.0
GLOBAL,PWRWOFCHNJS01,2043,0.0
GLOBAL,PWRWOFCHNJS01,2044,0.0
GLOBAL,PWRWOFCHNJS01,2045,0.0
GLOBAL,PWRWOFCHNJS01,2046,0.0
GLOBAL,PWRWOFCHNJS01,2047,0.0
GLOBAL,PWRWOFCHNJS01,2048,0.0
GLOBAL,PWRWOFCHNJS01,2049,0.0
GLOBAL,PWRWOFCHNJS01,2050,0.0
GLOBAL,PWRWONCHNJS01,2021,4.3146
GLOBAL,PWRWONCHNJS01,2022,4.3146
GLOBAL,PWRWONCHNJS01,2023,4.3146
GLOBAL,PWRWONCHNJS01,2024,4.3146
GLOBAL,PWRWONCHNJS01,2025,4.3146
GLOBAL,PWRWONCHNJS01,2026,4.3146
GLOBAL,PWRWONCHNJS01,2027,4.3146
GLOBAL,PWRWONCHNJS01,2028,4.3146
GLOBAL,PWRWONCHNJS01,2029,4.3146
GLOBAL,PWRWONCHNJS01,2030,4.3146
GLOBAL,PWRWONCHNJS01,2031,4.3146
GLOBAL,PWRWONCHNJS01,2032,4.3146
GLOBAL,PWRWONCHNJS01,2033,4.3146
GLOBAL,PWRWONCHNJS01,2034,4.3146
GLOBAL,PWRWONCHNJS01,2035,4.3146
GLOBAL,PWRWONCHNJS01,2036,4.3146
GLOBAL,PWRWONCHNJS01,2037,4.3146
GLOBAL,PWRWONCHNJS01,2038,4.3146
GLOBAL,PWRWONCHNJS01,2039,4.3146
GLOBAL,PWRWONCHNJS01,2040,0.0
GLOBAL,PWRWONCHNJS01,2041,0.0
GLOBAL,PWRWONCHNJS01,2042,0.0
GLOBAL,PWRWONCHNJS01,2043,0.0
GLOBAL,PWRWONCHNJS01,2044,0.0
GLOBAL,PWRWONCHNJS01,2045,0.0
GLOBAL,PWRWONCHNJS01,2046,0.0
GLOBAL,PWRWONCHNJS01,2047,0.0
GLOBAL,PWRWONCHNJS01,2048,0.0
GLOBAL,PWRWONCHNJS01,2049,0.0
GLOBAL,PWRWONCHNJS01,2050,0.0
GLOBAL,PWRBIOCHNJX01,2021,0.1677
GLOBAL,PWRBIOCHNJX01,2022,0.1677
GLOBAL,PWRBIOCHNJX01,2023,0.1677
GLOBAL,PWRBIOCHNJX01,2024,0.1677
GLOBAL,PWRBIOCHNJX01,2025,0.1677
GLOBAL,PWRBIOCHNJX01,2026,0.1677
GLOBAL,PWRBIOCHNJX01,2027,0.1677
GLOBAL,PWRBIOCHNJX01,2028,0.1677
GLOBAL,PWRBIOCHNJX01,2029,0.1677
GLOBAL,PWRBIOCHNJX01,2030,0.1677
GLOBAL,PWRBIOCHNJX01,2031,0.1677
GLOBAL,PWRBIOCHNJX01,2032,0.0
GLOBAL,PWRBIOCHNJX01,2033,0.0
GLOBAL,PWRBIOCHNJX01,2034,0.0
GLOBAL,PWRBIOCHNJX01,2035,0.0
GLOBAL,PWRBIOCHNJX01,2036,0.0
GLOBAL,PWRBIOCHNJX01,2037,0.0
GLOBAL,PWRBIOCHNJX01,2038,0.0
GLOBAL,PWRBIOCHNJX01,2039,0.0
GLOBAL,PWRBIOCHNJX01,2040,0.0
GLOBAL,PWRBIOCHNJX01,2041,0.0
GLOBAL,PWRBIOCHNJX01,2042,0.0
GLOBAL,PWRBIOCHNJX01,2043,0.0
GLOBAL,PWRBIOCHNJX01,2044,0.0
GLOBAL,PWRBIOCHNJX01,2045,0.0
GLOBAL,PWRBIOCHNJX01,2046,0.0
GLOBAL,PWRBIOCHNJX01,2047,0.0
GLOBAL,PWRBIOCHNJX01,2048,0.0
GLOBAL,PWRBIOCHNJX01,2049,0.0
GLOBAL,PWRBIOCHNJX01,2050,0.0
GLOBAL,PWRCOACHNJX01,2021,18.6685
GLOBAL,PWRCOACHNJX01,2022,18.6685
GLOBAL,PWRCOACHNJX01,2023,18.6685
GLOBAL,PWRCOACHNJX01,2024,18.6685
GLOBAL,PWRCOACHNJX01,2025,18.6685
GLOBAL,PWRCOACHNJX01,2026,18.6685
GLOBAL,PWRCOACHNJX01,2027,18.2285
GLOBAL,PWRCOACHNJX01,2028,17.446
GLOBAL,PWRCOACHNJX01,2029,17.446
GLOBAL,PWRCOACHNJX01,2030,17.446
GLOBAL,PWRCOACHNJX01,2031,17.446
GLOBAL,PWRCOACHNJX01,2032,16.086
GLOBAL,PWRCOACHNJX01,2033,16.086
GLOBAL,PWRCOACHNJX01,2034,16.086
GLOBAL,PWRCOACHNJX01,2035,14.203
GLOBAL,PWRCOACHNJX01,2036,14.203
GLOBAL,PWRCOACHNJX01,2037,10.325
GLOBAL,PWRCOACHNJX01,2038,7.625
GLOBAL,PWRCOACHNJX01,2039,6.926
GLOBAL,PWRCOACHNJX01,2040,6.926
GLOBAL,PWRCOACHNJX01,2041,5.526
GLOBAL,PWRCOACHNJX01,2042,4.206
GLOBAL,PWRCOACHNJX01,2043,4.106
GLOBAL,PWRCOACHNJX01,2044,4.106
GLOBAL,PWRCOACHNJX01,2045,4.106
GLOBAL,PWRCOACHNJX01,2046,4.106
GLOBAL,PWRCOACHNJX01,2047,2.104
GLOBAL,PWRCOACHNJX01,2048,2.104
GLOBAL,PWRCOACHNJX01,2049,0.0
GLOBAL,PWRCOACHNJX01,2050,0.0
GLOBAL,PWRHYDCHNJX01,2021,3.3895
GLOBAL,PWRHYDCHNJX01,2022,3.3895
GLOBAL,PWRHYDCHNJX01,2023,3.3895
GLOBAL,PWRHYDCHNJX01,2024,3.3895
GLOBAL,PWRHYDCHNJX01,2025,3.3895
GLOBAL,PWRHYDCHNJX01,2026,3.3895
GLOBAL,PWRHYDCHNJX01,2027,3.3895
GLOBAL,PWRHYDCHNJX01,2028,3.3895
GLOBAL,PWRHYDCHNJX01,2029,3.3895
GLOBAL,PWRHYDCHNJX01,2030,3.3895
GLOBAL,PWRHYDCHNJX01,2031,3.3895
GLOBAL,PWRHYDCHNJX01,2032,3.3895
GLOBAL,PWRHYDCHNJX01,2033,3.3895
GLOBAL,PWRHYDCHNJX01,2034,3.3895
GLOBAL,PWRHYDCHNJX01,2035,3.3895
GLOBAL,PWRHYDCHNJX01,2036,3.3895
GLOBAL,PWRHYDCHNJX01,2037,3.3895
GLOBAL,PWRHYDCHNJX01,2038,3.3895
GLOBAL,PWRHYDCHNJX01,2039,3.3895
GLOBAL,PWRHYDCHNJX01,2040,3.3895
GLOBAL,PWRHYDCHNJX01,2041,3.3895
GLOBAL,PWRHYDCHNJX01,2042,3.3895
GLOBAL,PWRHYDCHNJX01,2043,3.3895
GLOBAL,PWRHYDCHNJX01,2044,3.3895
GLOBAL,PWRHYDCHNJX01,2045,3.3895
GLOBAL,PWRHYDCHNJX01,2046,3.3895
GLOBAL,PWRHYDCHNJX01,2047,3.3895
GLOBAL,PWRHYDCHNJX01,2048,3.3895
GLOBAL,PWRHYDCHNJX01,2049,3.3895
GLOBAL,PWRHYDCHNJX01,2050,3.3895
GLOBAL,PWROCGCHNJX00,2021,0.012
GLOBAL,PWROCGCHNJX00,2022,0.012
GLOBAL,PWROCGCHNJX00,2023,0.012
GLOBAL,PWROCGCHNJX00,2024,0.012
GLOBAL,PWROCGCHNJX00,2025,0.0
GLOBAL,PWROCGCHNJX00,2026,0.0
GLOBAL,PWROCGCHNJX00,2027,0.0
GLOBAL,PWROCGCHNJX00,2028,0.0
GLOBAL,PWROCGCHNJX00,2029,0.0
GLOBAL,PWROCGCHNJX00,2030,0.0
GLOBAL,PWROCGCHNJX00,2031,0.0
GLOBAL,PWROCGCHNJX00,2032,0.0
GLOBAL,PWROCGCHNJX00,2033,0.0
GLOBAL,PWROCGCHNJX00,2034,0.0
GLOBAL,PWROCGCHNJX00,2035,0.0
GLOBAL,PWROCGCHNJX00,2036,0.0
GLOBAL,PWROCGCHNJX00,2037,0.0
GLOBAL,PWROCGCHNJX00,2038,0.0
GLOBAL,PWROCGCHNJX00,2039,0.0
GLOBAL,PWROCGCHNJX00,2040,0.0
GLOBAL,PWROCGCHNJX00,2041,0.0
GLOBAL,PWROCGCHNJX00,2042,0.0
GLOBAL,PWROCGCHNJX00,2043,0.0
GLOBAL,PWROCGCHNJX00,2044,0.0
GLOBAL,PWROCGCHNJX00,2045,0.0
GLOBAL,PWROCGCHNJX00,2046,0.0
GLOBAL,PWROCGCHNJX00,2047,0.0
GLOBAL,PWROCGCHNJX00,2048,0.0
GLOBAL,PWROCGCHNJX00,2049,0.0
GLOBAL,PWROCGCHNJX00,2050,0.0
GLOBAL,PWRWONCHNJX01,2021,0.2105
GLOBAL,PWRWONCHNJX01,2022,0.2105
GLOBAL,PWRWONCHNJX01,2023,0.2105
GLOBAL,PWRWONCHNJX01,2024,0.2105
GLOBAL,PWRWONCHNJX01,2025,0.2105
GLOBAL,PWRWONCHNJX01,2026,0.2105
GLOBAL,PWRWONCHNJX01,2027,0.2105
GLOBAL,PWRWONCHNJX01,2028,0.2105
GLOBAL,PWRWONCHNJX01,2029,0.2105
GLOBAL,PWRWONCHNJX01,2030,0.2105
GLOBAL,PWRWONCHNJX01,2031,0.2105
GLOBAL,PWRWONCHNJX01,2032,0.2105
GLOBAL,PWRWONCHNJX01,2033,0.2105
GLOBAL,PWRWONCHNJX01,2034,0.2105
GLOBAL,PWRWONCHNJX01,2035,0.2105
GLOBAL,PWRWONCHNJX01,2036,0.2105
GLOBAL,PWRWONCHNJX01,2037,0.2105
GLOBAL,PWRWONCHNJX01,2038,0.2105
GLOBAL,PWRWONCHNJX01,2039,0.2105
GLOBAL,PWRWONCHNJX01,2040,0.0
GLOBAL,PWRWONCHNJX01,2041,0.0
GLOBAL,PWRWONCHNJX01,2042,0.0
GLOBAL,PWRWONCHNJX01,2043,0.0
GLOBAL,PWRWONCHNJX01,2044,0.0
GLOBAL,PWRWONCHNJX01,2045,0.0
GLOBAL,PWRWONCHNJX01,2046,0.0
GLOBAL,PWRWONCHNJX01,2047,0.0
GLOBAL,PWRWONCHNJX01,2048,0.0
GLOBAL,PWRWONCHNJX01,2049,0.0
GLOBAL,PWRWONCHNJX01,2050,0.0
GLOBAL,PWRBIOCHNLI01,2021,0.3136
GLOBAL,PWRBIOCHNLI01,2022,0.3136
GLOBAL,PWRBIOCHNLI01,2023,0.3136
GLOBAL,PWRBIOCHNLI01,2024,0.3136
GLOBAL,PWRBIOCHNLI01,2025,0.3136
GLOBAL,PWRBIOCHNLI01,2026,0.3136
GLOBAL,PWRBIOCHNLI01,2027,0.3136
GLOBAL,PWRBIOCHNLI01,2028,0.3136
GLOBAL,PWRBIOCHNLI01,2029,0.3136
GLOBAL,PWRBIOCHNLI01,2030,0.3136
GLOBAL,PWRBIOCHNLI01,2031,0.3136
GLOBAL,PWRBIOCHNLI01,2032,0.0
GLOBAL,PWRBIOCHNLI01,2033,0.0
GLOBAL,PWRBIOCHNLI01,2034,0.0
GLOBAL,PWRBIOCHNLI01,2035,0.0
GLOBAL,PWRBIOCHNLI01,2036,0.0
GLOBAL,PWRBIOCHNLI01,2037,0.0
GLOBAL,PWRBIOCHNLI01,2038,0.0
GLOBAL,PWRBIOCHNLI01,2039,0.0
GLOBAL,PWRBIOCHNLI01,2040,0.0
GLOBAL,PWRBIOCHNLI01,2041,0.0
GLOBAL,PWRBIOCHNLI01,2042,0.0
GLOBAL,PWRBIOCHNLI01,2043,0.0
GLOBAL,PWRBIOCHNLI01,2044,0.0
GLOBAL,PWRBIOCHNLI01,2045,0.0
GLOBAL,PWRBIOCHNLI01,2046,0.0
GLOBAL,PWRBIOCHNLI01,2047,0.0
GLOBAL,PWRBIOCHNLI01,2048,0.0
GLOBAL,PWRBIOCHNLI01,2049,0.0
GLOBAL,PWRBIOCHNLI01,2050,0.0
GLOBAL,PWRCOACHNLI01,2021,30.4383
GLOBAL,PWRCOACHNLI01,2022,29.4383
GLOBAL,PWRCOACHNLI01,2023,29.4383
GLOBAL,PWRCOACHNLI01,2024,29.4383
GLOBAL,PWRCOACHNLI01,2025,28.0383
GLOBAL,PWRCOACHNLI01,2026,26.4363
GLOBAL,PWRCOACHNLI01,2027,26.2363
GLOBAL,PWRCOACHNLI01,2028,24.638
GLOBAL,PWRCOACHNLI01,2029,23.593
GLOBAL,PWRCOACHNLI01,2030,23.593
GLOBAL,PWRCOACHNLI01,2031,22.493
GLOBAL,PWRCOACHNLI01,2032,22.493
GLOBAL,PWRCOACHNLI01,2033,19.873
GLOBAL,PWRCOACHNLI01,2034,18.032
GLOBAL,PWRCOACHNLI01,2035,17.432
GLOBAL,PWRCOACHNLI01,2036,12.976
GLOBAL,PWRCOACHNLI01,2037,12.706
GLOBAL,PWRCOACHNLI01,2038,10.906
GLOBAL,PWRCOACHNLI01,2039,9.146
GLOBAL,PWRCOACHNLI01,2040,7.567
GLOBAL,PWRCOACHNLI01,2041,4.628
GLOBAL,PWRCOACHNLI01,2042,4.628
GLOBAL,PWRCOACHNLI01,2043,1.448
GLOBAL,PWRCOACHNLI01,2044,1.448
GLOBAL,PWRCOACHNLI01,2045,0.749
GLOBAL,PWRCOACHNLI01,2046,0.699
GLOBAL,PWRCOACHNLI01,2047,0.699
GLOBAL,PWRCOACHNLI01,2048,0.699
GLOBAL,PWRCOACHNLI01,2049,0.0
GLOBAL,PWRCOACHNLI01,2050,0.0
GLOBAL,PWRHYDCHNLI01,2021,2.8771
GLOBAL,PWRHYDCHNLI01,2022,2.8771
GLOBAL,PWRHYDCHNLI01,2023,2.8771
GLOBAL,PWRHYDCHNLI01,2024,2.8771
GLOBAL,PWRHYDCHNLI01,2025,2.8771
GLOBAL,PWRHYDCHNLI01,2026,2.8771
GLOBAL,PWRHYDCHNLI01,2027,2.8771
GLOBAL,PWRHYDCHNLI01,2028,2.8771
GLOBAL,PWRHYDCHNLI01,2029,2.8771
GLOBAL,PWRHYDCHNLI01,2030,2.8771
GLOBAL,PWRHYDCHNLI01,2031,2.8771
GLOBAL,PWRHYDCHNLI01,2032,2.8771
GLOBAL,PWRHYDCHNLI01,2033,2.8771
GLOBAL,PWRHYDCHNLI01,2034,2.8771
GLOBAL,PWRHYDCHNLI01,2035,2.8771
GLOBAL,PWRHYDCHNLI01,2036,2.8771
GLOBAL,PWRHYDCHNLI01,2037,2.8771
GLOBAL,PWRHYDCHNLI01,2038,2.8771
GLOBAL,PWRHYDCHNLI01,2039,2.8771
GLOBAL,PWRHYDCHNLI01,2040,2.8771
GLOBAL,PWRHYDCHNLI01,2041,2.8771
GLOBAL,PWRHYDCHNLI01,2042,2.8771
GLOBAL,PWRHYDCHNLI01,2043,2.8771
GLOBAL,PWRHYDCHNLI01,2044,2.1111
GLOBAL,PWRHYDCHNLI01,2045,2.1111
GLOBAL,PWRHYDCHNLI01,2046,2.1111
GLOBAL,PWRHYDCHNLI01,2047,2.1111
GLOBAL,PWRHYDCHNLI01,2048,2.1111
GLOBAL,PWRHYDCHNLI01,2049,2.1111
GLOBAL,PWRHYDCHNLI01,2050,2.1111
GLOBAL,PWRURNCHNLI01,2021,4.186
GLOBAL,PWRURNCHNLI01,2022,4.186
GLOBAL,PWRURNCHNLI01,2023,4.186
GLOBAL,PWRURNCHNLI01,2024,4.186
GLOBAL,PWRURNCHNLI01,2025,4.186
GLOBAL,PWRURNCHNLI01,2026,4.186
GLOBAL,PWRURNCHNLI01,2027,4.186
GLOBAL,PWRURNCHNLI01,2028,4.186
GLOBAL,PWRURNCHNLI01,2029,4.186
GLOBAL,PWRURNCHNLI01,2030,4.186
GLOBAL,PWRURNCHNLI01,2031,4.186
GLOBAL,PWRURNCHNLI01,2032,4.186
GLOBAL,PWRURNCHNLI01,2033,4.186
GLOBAL,PWRURNCHNLI01,2034,4.186
GLOBAL,PWRURNCHNLI01,2035,4.186
GLOBAL,PWRURNCHNLI01,2036,4.186
GLOBAL,PWRURNCHNLI01,2037,4.186
GLOBAL,PWRURNCHNLI01,2038,4.186
GLOBAL,PWRURNCHNLI01,2039,4.186
GLOBAL,PWRURNCHNLI01,2040,4.186
GLOBAL,PWRURNCHNLI01,2041,4.186
GLOBAL,PWRURNCHNLI01,2042,4.186
GLOBAL,PWRURNCHNLI01,2043,4.186
GLOBAL,PWRURNCHNLI01,2044,4.186
GLOBAL,PWRURNCHNLI01,2045,0.0
GLOBAL,PWRURNCHNLI01,2046,0.0
GLOBAL,PWRURNCHNLI01,2047,0.0
GLOBAL,PWRURNCHNLI01,2048,0.0
GLOBAL,PWRURNCHNLI01,2049,0.0
GLOBAL,PWRURNCHNLI01,2050,0.0
GLOBAL,PWRWONCHNLI01,2021,9.772
GLOBAL,PWRWONCHNLI01,2022,9.772
GLOBAL,PWRWONCHNLI01,2023,9.772
GLOBAL,PWRWONCHNLI01,2024,9.772
GLOBAL,PWRWONCHNLI01,2025,9.772
GLOBAL,PWRWONCHNLI01,2026,9.772
GLOBAL,PWRWONCHNLI01,2027,9.772
GLOBAL,PWRWONCHNLI01,2028,9.772
GLOBAL,PWRWONCHNLI01,2029,9.772
GLOBAL,PWRWONCHNLI01,2030,9.772
GLOBAL,PWRWONCHNLI01,2031,9.772
GLOBAL,PWRWONCHNLI01,2032,9.772
GLOBAL,PWRWONCHNLI01,2033,9.772
GLOBAL,PWRWONCHNLI01,2034,9.772
GLOBAL,PWRWONCHNLI01,2035,9.772
GLOBAL,PWRWONCHNLI01,2036,9.772
GLOBAL,PWRWONCHNLI01,2037,9.772
GLOBAL,PWRWONCHNLI01,2038,9.772
GLOBAL,PWRWONCHNLI01,2039,9.772
GLOBAL,PWRWONCHNLI01,2040,0.0
GLOBAL,PWRWONCHNLI01,2041,0.0
GLOBAL,PWRWONCHNLI01,2042,0.0
GLOBAL,PWRWONCHNLI01,2043,0.0
GLOBAL,PWRWONCHNLI01,2044,0.0
GLOBAL,PWRWONCHNLI01,2045,0.0
GLOBAL,PWRWONCHNLI01,2046,0.0
GLOBAL,PWRWONCHNLI01,2047,0.0
GLOBAL,PWRWONCHNLI01,2048,0.0
GLOBAL,PWRWONCHNLI01,2049,0.0
GLOBAL,PWRWONCHNLI01,2050,0.0
GLOBAL,PWRCCGCHNMA00,2021,0.136
GLOBAL,PWRCCGCHNMA00,2022,0.136
GLOBAL,PWRCCGCHNMA00,2023,0.136
GLOBAL,PWRCCGCHNMA00,2024,0.136
GLOBAL,PWRCCGCHNMA00,2025,0.136
GLOBAL,PWRCCGCHNMA00,2026,0.136
GLOBAL,PWRCCGCHNMA00,2027,0.136
GLOBAL,PWRCCGCHNMA00,2028,0.136
GLOBAL,PWRCCGCHNMA00,2029,0.136
GLOBAL,PWRCCGCHNMA00,2030,0.136
GLOBAL,PWRCCGCHNMA00,2031,0.136
GLOBAL,PWRCCGCHNMA00,2032,0.136
GLOBAL,PWRCCGCHNMA00,2033,0.136
GLOBAL,PWRCCGCHNMA00,2034,0.0
GLOBAL,PWRCCGCHNMA00,2035,0.0
GLOBAL,PWRCCGCHNMA00,2036,0.0
GLOBAL,PWRCCGCHNMA00,2037,0.0
GLOBAL,PWRCCGCHNMA00,2038,0.0
GLOBAL,PWRCCGCHNMA00,2039,0.0
GLOBAL,PWRCCGCHNMA00,2040,0.0
GLOBAL,PWRCCGCHNMA00,2041,0.0
GLOBAL,PWRCCGCHNMA00,2042,0.0
GLOBAL,PWRCCGCHNMA00,2043,0.0
GLOBAL,PWRCCGCHNMA00,2044,0.0
GLOBAL,PWRCCGCHNMA00,2045,0.0
GLOBAL,PWRCCGCHNMA00,2046,0.0
GLOBAL,PWRCCGCHNMA00,2047,0.0
GLOBAL,PWRCCGCHNMA00,2048,0.0
GLOBAL,PWRCCGCHNMA00,2049,0.0
GLOBAL,PWRCCGCHNMA00,2050,0.0
GLOBAL,PWROCGCHNMA00,2021,0.064
GLOBAL,PWROCGCHNMA00,2022,0.064
GLOBAL,PWROCGCHNMA00,2023,0.064
GLOBAL,PWROCGCHNMA00,2024,0.064
GLOBAL,PWROCGCHNMA00,2025,0.064
GLOBAL,PWROCGCHNMA00,2026,0.064
GLOBAL,PWROCGCHNMA00,2027,0.064
GLOBAL,PWROCGCHNMA00,2028,0.064
GLOBAL,PWROCGCHNMA00,2029,0.0
GLOBAL,PWROCGCHNMA00,2030,0.0
GLOBAL,PWROCGCHNMA00,2031,0.0
GLOBAL,PWROCGCHNMA00,2032,0.0
GLOBAL,PWROCGCHNMA00,2033,0.0
GLOBAL,PWROCGCHNMA00,2034,0.0
GLOBAL,PWROCGCHNMA00,2035,0.0
GLOBAL,PWROCGCHNMA00,2036,0.0
GLOBAL,PWROCGCHNMA00,2037,0.0
GLOBAL,PWROCGCHNMA00,2038,0.0
GLOBAL,PWROCGCHNMA00,2039,0.0
GLOBAL,PWROCGCHNMA00,2040,0.0
GLOBAL,PWROCGCHNMA00,2041,0.0
GLOBAL,PWROCGCHNMA00,2042,0.0
GLOBAL,PWROCGCHNMA00,2043,0.0
GLOBAL,PWROCGCHNMA00,2044,0.0
GLOBAL,PWROCGCHNMA00,2045,0.0
GLOBAL,PWROCGCHNMA00,2046,0.0
GLOBAL,PWROCGCHNMA00,2047,0.0
GLOBAL,PWROCGCHNMA00,2048,0.0
GLOBAL,PWROCGCHNMA00,2049,0.0
GLOBAL,PWROCGCHNMA00,2050,0.0
GLOBAL,PWROILCHNMA01,2021,1.8352
GLOBAL,PWROILCHNMA01,2022,1.8352
GLOBAL,PWROILCHNMA01,2023,1.8352
GLOBAL,PWROILCHNMA01,2024,1.8352
GLOBAL,PWROILCHNMA01,2025,1.8352
GLOBAL,PWROILCHNMA01,2026,1.8352
GLOBAL,PWROILCHNMA01,2027,0.0
GLOBAL,PWROILCHNMA01,2028,0.0
GLOBAL,PWROILCHNMA01,2029,0.0
GLOBAL,PWROILCHNMA01,2030,0.0
GLOBAL,PWROILCHNMA01,2031,0.0
GLOBAL,PWROILCHNMA01,2032,0.0
GLOBAL,PWROILCHNMA01,2033,0.0
GLOBAL,PWROILCHNMA01,2034,0.0
GLOBAL,PWROILCHNMA01,2035,0.0
GLOBAL,PWROILCHNMA01,2036,0.0
GLOBAL,PWROILCHNMA01,2037,0.0
GLOBAL,PWROILCHNMA01,2038,0.0
GLOBAL,PWROILCHNMA01,2039,0.0
GLOBAL,PWROILCHNMA01,2040,0.0
GLOBAL,PWROILCHNMA01,2041,0.0
GLOBAL,PWROILCHNMA01,2042,0.0
GLOBAL,PWROILCHNMA01,2043,0.0
GLOBAL,PWROILCHNMA01,2044,0.0
GLOBAL,PWROILCHNMA01,2045,0.0
GLOBAL,PWROILCHNMA01,2046,0.0
GLOBAL,PWROILCHNMA01,2047,0.0
GLOBAL,PWROILCHNMA01,2048,0.0
GLOBAL,PWROILCHNMA01,2049,0.0
GLOBAL,PWROILCHNMA01,2050,0.0
GLOBAL,PWRBIOCHNNI01,2021,0.2058
GLOBAL,PWRBIOCHNNI01,2022,0.2058
GLOBAL,PWRBIOCHNNI01,2023,0.2058
GLOBAL,PWRBIOCHNNI01,2024,0.2058
GLOBAL,PWRBIOCHNNI01,2025,0.2058
GLOBAL,PWRBIOCHNNI01,2026,0.2058
GLOBAL,PWRBIOCHNNI01,2027,0.2058
GLOBAL,PWRBIOCHNNI01,2028,0.2058
GLOBAL,PWRBIOCHNNI01,2029,0.2058
GLOBAL,PWRBIOCHNNI01,2030,0.2058
GLOBAL,PWRBIOCHNNI01,2031,0.2058
GLOBAL,PWRBIOCHNNI01,2032,0.0
GLOBAL,PWRBIOCHNNI01,2033,0.0
GLOBAL,PWRBIOCHNNI01,2034,0.0
GLOBAL,PWRBIOCHNNI01,2035,0.0
GLOBAL,PWRBIOCHNNI01,2036,0.0
GLOBAL,PWRBIOCHNNI01,2037,0.0
GLOBAL,PWRBIOCHNNI01,2038,0.0
GLOBAL,PWRBIOCHNNI01,2039,0.0
GLOBAL,PWRBIOCHNNI01,2040,0.0
GLOBAL,PWRBIOCHNNI01,2041,0.0
GLOBAL,PWRBIOCHNNI01,2042,0.0
GLOBAL,PWRBIOCHNNI01,2043,0.0
GLOBAL,PWRBIOCHNNI01,2044,0.0
GLOBAL,PWRBIOCHNNI01,2045,0.0
GLOBAL,PWRBIOCHNNI01,2046,0.0
GLOBAL,PWRBIOCHNNI01,2047,0.0
GLOBAL,PWRBIOCHNNI01,2048,0.0
GLOBAL,PWRBIOCHNNI01,2049,0.0
GLOBAL,PWRBIOCHNNI01,2050,0.0
GLOBAL,PWRCOACHNNI01,2021,23.0038
GLOBAL,PWRCOACHNNI01,2022,23.0038
GLOBAL,PWRCOACHNNI01,2023,23.0038
GLOBAL,PWRCOACHNNI01,2024,23.0038
GLOBAL,PWRCOACHNNI01,2025,23.0038
GLOBAL,PWRCOACHNNI01,2026,23.0038
GLOBAL,PWRCOACHNNI01,2027,23.0038
GLOBAL,PWRCOACHNNI01,2028,21.175
GLOBAL,PWRCOACHNNI01,2029,21.175
GLOBAL,PWRCOACHNNI01,2030,21.175
GLOBAL,PWRCOACHNNI01,2031,20.515
GLOBAL,PWRCOACHNNI01,2032,17.995
GLOBAL,PWRCOACHNNI01,2033,17.995
GLOBAL,PWRCOACHNNI01,2034,17.995
GLOBAL,PWRCOACHNNI01,2035,15.972
GLOBAL,PWRCOACHNNI01,2036,15.972
GLOBAL,PWRCOACHNNI01,2037,14.282
GLOBAL,PWRCOACHNNI01,2038,14.282
GLOBAL,PWRCOACHNNI01,2039,14.282
GLOBAL,PWRCOACHNNI01,2040,10.958
GLOBAL,PWRCOACHNNI01,2041,7.658
GLOBAL,PWRCOACHNNI01,2042,6.458
GLOBAL,PWRCOACHNNI01,2043,6.458
GLOBAL,PWRCOACHNNI01,2044,5.138
GLOBAL,PWRCOACHNNI01,2045,4.038
GLOBAL,PWRCOACHNNI01,2046,4.038
GLOBAL,PWRCOACHNNI01,2047,2.64
GLOBAL,PWRCOACHNNI01,2048,0.0
GLOBAL,PWRCOACHNNI01,2049,0.0
GLOBAL,PWRCOACHNNI01,2050,0.0
GLOBAL,PWRHYDCHNNI01,2021,0.5077
GLOBAL,PWRHYDCHNNI01,2022,0.5077
GLOBAL,PWRHYDCHNNI01,2023,0.5077
GLOBAL,PWRHYDCHNNI01,2024,0.5077
GLOBAL,PWRHYDCHNNI01,2025,0.5077
GLOBAL,PWRHYDCHNNI01,2026,0.5077
GLOBAL,PWRHYDCHNNI01,2027,0.5077
GLOBAL,PWRHYDCHNNI01,2028,0.5077
GLOBAL,PWRHYDCHNNI01,2029,0.5077
GLOBAL,PWRHYDCHNNI01,2030,0.5077
GLOBAL,PWRHYDCHNNI01,2031,0.5077
GLOBAL,PWRHYDCHNNI01,2032,0.5077
GLOBAL,PWRHYDCHNNI01,2033,0.5077
GLOBAL,PWRHYDCHNNI01,2034,0.5077
GLOBAL,PWRHYDCHNNI01,2035,0.5077
GLOBAL,PWRHYDCHNNI01,2036,0.5077
GLOBAL,PWRHYDCHNNI01,2037,0.5077
GLOBAL,PWRHYDCHNNI01,2038,0.5077
GLOBAL,PWRHYDCHNNI01,2039,0.5077
GLOBAL,PWRHYDCHNNI01,2040,0.5077
GLOBAL,PWRHYDCHNNI01,2041,0.5077
GLOBAL,PWRHYDCHNNI01,2042,0.5077
GLOBAL,PWRHYDCHNNI01,2043,0.5077
GLOBAL,PWRHYDCHNNI01,2044,0.5077
GLOBAL,PWRHYDCHNNI01,2045,0.5077
GLOBAL,PWRHYDCHNNI01,2046,0.5077
GLOBAL,PWRHYDCHNNI01,2047,0.5077
GLOBAL,PWRHYDCHNNI01,2048,0.5077
GLOBAL,PWRHYDCHNNI01,2049,0.5077
GLOBAL,PWRHYDCHNNI01,2050,0.5077
GLOBAL,PWROCGCHNNI00,2021,0.004
GLOBAL,PWROCGCHNNI00,2022,0.004
GLOBAL,PWROCGCHNNI00,2023,0.004
GLOBAL,PWROCGCHNNI00,2024,0.004
GLOBAL,PWROCGCHNNI00,2025,0.0
GLOBAL,PWROCGCHNNI00,2026,0.0
GLOBAL,PWROCGCHNNI00,2027,0.0
GLOBAL,PWROCGCHNNI00,2028,0.0
GLOBAL,PWROCGCHNNI00,2029,0.0
GLOBAL,PWROCGCHNNI00,2030,0.0
GLOBAL,PWROCGCHNNI00,2031,0.0
GLOBAL,PWROCGCHNNI00,2032,0.0
GLOBAL,PWROCGCHNNI00,2033,0.0
GLOBAL,PWROCGCHNNI00,2034,0.0
GLOBAL,PWROCGCHNNI00,2035,0.0
GLOBAL,PWROCGCHNNI00,2036,0.0
GLOBAL,PWROCGCHNNI00,2037,0.0
GLOBAL,PWROCGCHNNI00,2038,0.0
GLOBAL,PWROCGCHNNI00,2039,0.0
GLOBAL,PWROCGCHNNI00,2040,0.0
GLOBAL,PWROCGCHNNI00,2041,0.0
GLOBAL,PWROCGCHNNI00,2042,0.0
GLOBAL,PWROCGCHNNI00,2043,0.0
GLOBAL,PWROCGCHNNI00,2044,0.0
GLOBAL,PWROCGCHNNI00,2045,0.0
GLOBAL,PWROCGCHNNI00,2046,0.0
GLOBAL,PWROCGCHNNI00,2047,0.0
GLOBAL,PWROCGCHNNI00,2048,0.0
GLOBAL,PWROCGCHNNI00,2049,0.0
GLOBAL,PWROCGCHNNI00,2050,0.0
GLOBAL,PWRSPVCHNNI01,2021,7.2186
GLOBAL,PWRSPVCHNNI01,2022,7.2186
GLOBAL,PWRSPVCHNNI01,2023,7.2186
GLOBAL,PWRSPVCHNNI01,2024,7.2186
GLOBAL,PWRSPVCHNNI01,2025,7.2186
GLOBAL,PWRSPVCHNNI01,2026,7.2186
GLOBAL,PWRSPVCHNNI01,2027,7.2186
GLOBAL,PWRSPVCHNNI01,2028,7.2186
GLOBAL,PWRSPVCHNNI01,2029,7.2186
GLOBAL,PWRSPVCHNNI01,2030,7.2186
GLOBAL,PWRSPVCHNNI01,2031,7.2186
GLOBAL,PWRSPVCHNNI01,2032,7.2186
GLOBAL,PWRSPVCHNNI01,2033,7.2186
GLOBAL,PWRSPVCHNNI01,2034,7.2186
GLOBAL,PWRSPVCHNNI01,2035,7.2186
GLOBAL,PWRSPVCHNNI01,2036,7.2186
GLOBAL,PWRSPVCHNNI01,2037,7.2186
GLOBAL,PWRSPVCHNNI01,2038,7.2186
GLOBAL,PWRSPVCHNNI01,2039,7.2186
GLOBAL,PWRSPVCHNNI01,2040,7.2186
GLOBAL,PWRSPVCHNNI01,2041,7.2186
GLOBAL,PWRSPVCHNNI01,2042,7.2186
GLOBAL,PWRSPVCHNNI01,2043,7.2186
GLOBAL,PWRSPVCHNNI01,2044,7.2186
GLOBAL,PWRSPVCHNNI01,2045,0.0
GLOBAL,PWRSPVCHNNI01,2046,0.0
GLOBAL,PWRSPVCHNNI01,2047,0.0
GLOBAL,PWRSPVCHNNI01,2048,0.0
GLOBAL,PWRSPVCHNNI01,2049,0.0
GLOBAL,PWRSPVCHNNI01,2050,0.0
GLOBAL,PWRWONCHNNI01,2021,7.3475
GLOBAL,PWRWONCHNNI01,2022,7.3475
GLOBAL,PWRWONCHNNI01,2023,7.3475
GLOBAL,PWRWONCHNNI01,2024,7.3475
GLOBAL,PWRWONCHNNI01,2025,7.3475
GLOBAL,PWRWONCHNNI01,2026,7.3475
GLOBAL,PWRWONCHNNI01,2027,7.3475
GLOBAL,PWRWONCHNNI01,2028,7.3475
GLOBAL,PWRWONCHNNI01,2029,7.3475
GLOBAL,PWRWONCHNNI01,2030,7.3475
GLOBAL,PWRWONCHNNI01,2031,7.3475
GLOBAL,PWRWONCHNNI01,2032,7.3475
GLOBAL,PWRWONCHNNI01,2033,7.3475
GLOBAL,PWRWONCHNNI01,2034,7.3475
GLOBAL,PWRWONCHNNI01,2035,7.3475
GLOBAL,PWRWONCHNNI01,2036,7.3475
GLOBAL,PWRWONCHNNI01,2037,7.3475
GLOBAL,PWRWONCHNNI01,2038,7.3475
GLOBAL,PWRWONCHNNI01,2039,7.3475
GLOBAL,PWRWONCHNNI01,2040,0.0
GLOBAL,PWRWONCHNNI01,2041,0.0
GLOBAL,PWRWONCHNNI01,2042,0.0
GLOBAL,PWRWONCHNNI01,2043,0.0
GLOBAL,PWRWONCHNNI01,2044,0.0
GLOBAL,PWRWONCHNNI01,2045,0.0
GLOBAL,PWRWONCHNNI01,2046,0.0
GLOBAL,PWRWONCHNNI01,2047,0.0
GLOBAL,PWRWONCHNNI01,2048,0.0
GLOBAL,PWRWONCHNNI01,2049,0.0
GLOBAL,PWRWONCHNNI01,2050,0.0
GLOBAL,PWRBIOCHNQI01,2021,0.1419
GLOBAL,PWRBIOCHNQI01,2022,0.1419
GLOBAL,PWRBIOCHNQI01,2023,0.1419
GLOBAL,PWRBIOCHNQI01,2024,0.1419
GLOBAL,PWRBIOCHNQI01,2025,0.1419
GLOBAL,PWRBIOCHNQI01,2026,0.1419
GLOBAL,PWRBIOCHNQI01,2027,0.1419
GLOBAL,PWRBIOCHNQI01,2028,0.1419
GLOBAL,PWRBIOCHNQI01,2029,0.1419
GLOBAL,PWRBIOCHNQI01,2030,0.1419
GLOBAL,PWRBIOCHNQI01,2031,0.1419
GLOBAL,PWRBIOCHNQI01,2032,0.0
GLOBAL,PWRBIOCHNQI01,2033,0.0
GLOBAL,PWRBIOCHNQI01,2034,0.0
GLOBAL,PWRBIOCHNQI01,2035,0.0
GLOBAL,PWRBIOCHNQI01,2036,0.0
GLOBAL,PWRBIOCHNQI01,2037,0.0
GLOBAL,PWRBIOCHNQI01,2038,0.0
GLOBAL,PWRBIOCHNQI01,2039,0.0
GLOBAL,PWRBIOCHNQI01,2040,0.0
GLOBAL,PWRBIOCHNQI01,2041,0.0
GLOBAL,PWRBIOCHNQI01,2042,0.0
GLOBAL,PWRBIOCHNQI01,2043,0.0
GLOBAL,PWRBIOCHNQI01,2044,0.0
GLOBAL,PWRBIOCHNQI01,2045,0.0
GLOBAL,PWRBIOCHNQI01,2046,0.0
GLOBAL,PWRBIOCHNQI01,2047,0.0
GLOBAL,PWRBIOCHNQI01,2048,0.0
GLOBAL,PWRBIOCHNQI01,2049,0.0
GLOBAL,PWRBIOCHNQI01,2050,0.0
GLOBAL,PWRCCGCHNQI00,2021,0.3
GLOBAL,PWRCCGCHNQI00,2022,0.3
GLOBAL,PWRCCGCHNQI00,2023,0.3
GLOBAL,PWRCCGCHNQI00,2024,0.3
GLOBAL,PWRCCGCHNQI00,2025,0.3
GLOBAL,PWRCCGCHNQI00,2026,0.3
GLOBAL,PWRCCGCHNQI00,2027,0.3
GLOBAL,PWRCCGCHNQI00,2028,0.3
GLOBAL,PWRCCGCHNQI00,2029,0.3
GLOBAL,PWRCCGCHNQI00,2030,0.3
GLOBAL,PWRCCGCHNQI00,2031,0.3
GLOBAL,PWRCCGCHNQI00,2032,0.3
GLOBAL,PWRCCGCHNQI00,2033,0.3
GLOBAL,PWRCCGCHNQI00,2034,0.3
GLOBAL,PWRCCGCHNQI00,2035,0.0
GLOBAL,PWRCCGCHNQI00,2036,0.0
GLOBAL,PWRCCGCHNQI00,2037,0.0
GLOBAL,PWRCCGCHNQI00,2038,0.0
GLOBAL,PWRCCGCHNQI00,2039,0.0
GLOBAL,PWRCCGCHNQI00,2040,0.0
GLOBAL,PWRCCGCHNQI00,2041,0.0
GLOBAL,PWRCCGCHNQI00,2042,0.0
GLOBAL,PWRCCGCHNQI00,2043,0.0
GLOBAL,PWRCCGCHNQI00,2044,0.0
GLOBAL,PWRCCGCHNQI00,2045,0.0
GLOBAL,PWRCCGCHNQI00,2046,0.0
GLOBAL,PWRCCGCHNQI00,2047,0.0
GLOBAL,PWRCCGCHNQI00,2048,0.0
GLOBAL,PWRCCGCHNQI00,2049,0.0
GLOBAL,PWRCCGCHNQI00,2050,0.0
GLOBAL,PWRCOACHNQI01,2021,4.0375
GLOBAL,PWRCOACHNQI01,2022,4.0375
GLOBAL,PWRCOACHNQI01,2023,4.0375
GLOBAL,PWRCOACHNQI01,2024,4.0375
GLOBAL,PWRCOACHNQI01,2025,4.0375
GLOBAL,PWRCOACHNQI01,2026,4.0375
GLOBAL,PWRCOACHNQI01,2027,4.0375
GLOBAL,PWRCOACHNQI01,2028,3.159
GLOBAL,PWRCOACHNQI01,2029,3.159
GLOBAL,PWRCOACHNQI01,2030,2.889
GLOBAL,PWRCOACHNQI01,2031,2.889
GLOBAL,PWRCOACHNQI01,2032,2.889
GLOBAL,PWRCOACHNQI01,2033,2.889
GLOBAL,PWRCOACHNQI01,2034,2.889
GLOBAL,PWRCOACHNQI01,2035,2.889
GLOBAL,PWRCOACHNQI01,2036,2.889
GLOBAL,PWRCOACHNQI01,2037,2.289
GLOBAL,PWRCOACHNQI01,2038,2.019
GLOBAL,PWRCOACHNQI01,2039,2.019
GLOBAL,PWRCOACHNQI01,2040,2.019
GLOBAL,PWRCOACHNQI01,2041,2.019
GLOBAL,PWRCOACHNQI01,2042,2.019
GLOBAL,PWRCOACHNQI01,2043,2.019
GLOBAL,PWRCOACHNQI01,2044,2.019
GLOBAL,PWRCOACHNQI01,2045,2.019
GLOBAL,PWRCOACHNQI01,2046,0.699
GLOBAL,PWRCOACHNQI01,2047,0.0
GLOBAL,PWRCOACHNQI01,2048,0.0
GLOBAL,PWRCOACHNQI01,2049,0.0
GLOBAL,PWRCOACHNQI01,2050,0.0
GLOBAL,PWRCSPCHNQI01,2021,0.04
GLOBAL,PWRCSPCHNQI01,2022,0.04
GLOBAL,PWRCSPCHNQI01,2023,0.04
GLOBAL,PWRCSPCHNQI01,2024,0.04
GLOBAL,PWRCSPCHNQI01,2025,0.04
GLOBAL,PWRCSPCHNQI01,2026,0.04
GLOBAL,PWRCSPCHNQI01,2027,0.04
GLOBAL,PWRCSPCHNQI01,2028,0.04
GLOBAL,PWRCSPCHNQI01,2029,0.04
GLOBAL,PWRCSPCHNQI01,2030,0.04
GLOBAL,PWRCSPCHNQI01,2031,0.04
GLOBAL,PWRCSPCHNQI01,2032,0.04
GLOBAL,PWRCSPCHNQI01,2033,0.04
GLOBAL,PWRCSPCHNQI01,2034,0.04
GLOBAL,PWRCSPCHNQI01,2035,0.04
GLOBAL,PWRCSPCHNQI01,2036,0.04
GLOBAL,PWRCSPCHNQI01,2037,0.04
GLOBAL,PWRCSPCHNQI01,2038,0.04
GLOBAL,PWRCSPCHNQI01,2039,0.04
GLOBAL,PWRCSPCHNQI01,2040,0.0
GLOBAL,PWRCSPCHNQI01,2041,0.0
GLOBAL,PWRCSPCHNQI01,2042,0.0
GLOBAL,PWRCSPCHNQI01,2043,0.0
GLOBAL,PWRCSPCHNQI01,2044,0.0
GLOBAL,PWRCSPCHNQI01,2045,0.0
GLOBAL,PWRCSPCHNQI01,2046,0.0
GLOBAL,PWRCSPCHNQI01,2047,0.0
GLOBAL,PWRCSPCHNQI01,2048,0.0
GLOBAL,PWRCSPCHNQI01,2049,0.0
GLOBAL,PWRCSPCHNQI01,2050,0.0
GLOBAL,PWRHYDCHNQI01,2021,14.9867
GLOBAL,PWRHYDCHNQI01,2022,14.9867
GLOBAL,PWRHYDCHNQI01,2023,14.9867
GLOBAL,PWRHYDCHNQI01,2024,14.9867
GLOBAL,PWRHYDCHNQI01,2025,14.9867
GLOBAL,PWRHYDCHNQI01,2026,14.9867
GLOBAL,PWRHYDCHNQI01,2027,14.9867
GLOBAL,PWRHYDCHNQI01,2028,14.9867
GLOBAL,PWRHYDCHNQI01,2029,14.9867
GLOBAL,PWRHYDCHNQI01,2030,14.9867
GLOBAL,PWRHYDCHNQI01,2031,14.9867
GLOBAL,PWRHYDCHNQI01,2032,14.9867
GLOBAL,PWRHYDCHNQI01,2033,14.9867
GLOBAL,PWRHYDCHNQI01,2034,14.9867
GLOBAL,PWRHYDCHNQI01,2035,14.9867
GLOBAL,PWRHYDCHNQI01,2036,14.9867
GLOBAL,PWRHYDCHNQI01,2037,14.9867
GLOBAL,PWRHYDCHNQI01,2038,14.9867
GLOBAL,PWRHYDCHNQI01,2039,14.9867
GLOBAL,PWRHYDCHNQI01,2040,14.9867
GLOBAL,PWRHYDCHNQI01,2041,14.9867
GLOBAL,PWRHYDCHNQI01,2042,14.9867
GLOBAL,PWRHYDCHNQI01,2043,14.9867
GLOBAL,PWRHYDCHNQI01,2044,14.9867
GLOBAL,PWRHYDCHNQI01,2045,14.9867
GLOBAL,PWRHYDCHNQI01,2046,14.9867
GLOBAL,PWRHYDCHNQI01,2047,14.9867
GLOBAL,PWRHYDCHNQI01,2048,14.9867
GLOBAL,PWRHYDCHNQI01,2049,14.9867
GLOBAL,PWRHYDCHNQI01,2050,14.9867
GLOBAL,PWROCGCHNQI00,2021,0.002
GLOBAL,PWROCGCHNQI00,2022,0.002
GLOBAL,PWROCGCHNQI00,2023,0.002
GLOBAL,PWROCGCHNQI00,2024,0.002
GLOBAL,PWROCGCHNQI00,2025,0.0
GLOBAL,PWROCGCHNQI00,2026,0.0
GLOBAL,PWROCGCHNQI00,2027,0.0
GLOBAL,PWROCGCHNQI00,2028,0.0
GLOBAL,PWROCGCHNQI00,2029,0.0
GLOBAL,PWROCGCHNQI00,2030,0.0
GLOBAL,PWROCGCHNQI00,2031,0.0
GLOBAL,PWROCGCHNQI00,2032,0.0
GLOBAL,PWROCGCHNQI00,2033,0.0
GLOBAL,PWROCGCHNQI00,2034,0.0
GLOBAL,PWROCGCHNQI00,2035,0.0
GLOBAL,PWROCGCHNQI00,2036,0.0
GLOBAL,PWROCGCHNQI00,2037,0.0
GLOBAL,PWROCGCHNQI00,2038,0.0
GLOBAL,PWROCGCHNQI00,2039,0.0
GLOBAL,PWROCGCHNQI00,2040,0.0
GLOBAL,PWROCGCHNQI00,2041,0.0
GLOBAL,PWROCGCHNQI00,2042,0.0
GLOBAL,PWROCGCHNQI00,2043,0.0
GLOBAL,PWROCGCHNQI00,2044,0.0
GLOBAL,PWROCGCHNQI00,2045,0.0
GLOBAL,PWROCGCHNQI00,2046,0.0
GLOBAL,PWROCGCHNQI00,2047,0.0
GLOBAL,PWROCGCHNQI00,2048,0.0
GLOBAL,PWROCGCHNQI00,2049,0.0
GLOBAL,PWROCGCHNQI00,2050,0.0
GLOBAL,PWRSPVCHNQI01,2021,11.1107
GLOBAL,PWRSPVCHNQI01,2022,11.1107
GLOBAL,PWRSPVCHNQI01,2023,11.1107
GLOBAL,PWRSPVCHNQI01,2024,11.1107
GLOBAL,PWRSPVCHNQI01,2025,11.1107
GLOBAL,PWRSPVCHNQI01,2026,11.1107
GLOBAL,PWRSPVCHNQI01,2027,11.1107
GLOBAL,PWRSPVCHNQI01,2028,11.1107
GLOBAL,PWRSPVCHNQI01,2029,11.1107
GLOBAL,PWRSPVCHNQI01,2030,11.1107
GLOBAL,PWRSPVCHNQI01,2031,11.1107
GLOBAL,PWRSPVCHNQI01,2032,11.1107
GLOBAL,PWRSPVCHNQI01,2033,11.1107
GLOBAL,PWRSPVCHNQI01,2034,11.1107
GLOBAL,PWRSPVCHNQI01,2035,10.9107
GLOBAL,PWRSPVCHNQI01,2036,10.9107
GLOBAL,PWRSPVCHNQI01,2037,10.9107
GLOBAL,PWRSPVCHNQI01,2038,10.9107
GLOBAL,PWRSPVCHNQI01,2039,10.9107
GLOBAL,PWRSPVCHNQI01,2040,10.9107
GLOBAL,PWRSPVCHNQI01,2041,10.9107
GLOBAL,PWRSPVCHNQI01,2042,10.9107
GLOBAL,PWRSPVCHNQI01,2043,10.9107
GLOBAL,PWRSPVCHNQI01,2044,10.9107
GLOBAL,PWRSPVCHNQI01,2045,0.0
GLOBAL,PWRSPVCHNQI01,2046,0.0
GLOBAL,PWRSPVCHNQI01,2047,0.0
GLOBAL,PWRSPVCHNQI01,2048,0.0
GLOBAL,PWRSPVCHNQI01,2049,0.0
GLOBAL,PWRSPVCHNQI01,2050,0.0
GLOBAL,PWRWONCHNQI01,2021,0.2486
GLOBAL,PWRWONCHNQI01,2022,0.2486
GLOBAL,PWRWONCHNQI01,2023,0.2486
GLOBAL,PWRWONCHNQI01,2024,0.2486
GLOBAL,PWRWONCHNQI01,2025,0.2486
GLOBAL,PWRWONCHNQI01,2026,0.2486
GLOBAL,PWRWONCHNQI01,2027,0.2486
GLOBAL,PWRWONCHNQI01,2028,0.2486
GLOBAL,PWRWONCHNQI01,2029,0.2486
GLOBAL,PWRWONCHNQI01,2030,0.2486
GLOBAL,PWRWONCHNQI01,2031,0.2486
GLOBAL,PWRWONCHNQI01,2032,0.2486
GLOBAL,PWRWONCHNQI01,2033,0.2486
GLOBAL,PWRWONCHNQI01,2034,0.2486
GLOBAL,PWRWONCHNQI01,2035,0.2486
GLOBAL,PWRWONCHNQI01,2036,0.2486
GLOBAL,PWRWONCHNQI01,2037,0.2486
GLOBAL,PWRWONCHNQI01,2038,0.2486
GLOBAL,PWRWONCHNQI01,2039,0.2486
GLOBAL,PWRWONCHNQI01,2040,0.0
GLOBAL,PWRWONCHNQI01,2041,0.0
GLOBAL,PWRWONCHNQI01,2042,0.0
GLOBAL,PWRWONCHNQI01,2043,0.0
GLOBAL,PWRWONCHNQI01,2044,0.0
GLOBAL,PWRWONCHNQI01,2045,0.0
GLOBAL,PWRWONCHNQI01,2046,0.0
GLOBAL,PWRWONCHNQI01,2047,0.0
GLOBAL,PWRWONCHNQI01,2048,0.0
GLOBAL,PWRWONCHNQI01,2049,0.0
GLOBAL,PWRWONCHNQI01,2050,0.0
GLOBAL,PWRBIOCHNSC01,2021,0.6763
GLOBAL,PWRBIOCHNSC01,2022,0.6763
GLOBAL,PWRBIOCHNSC01,2023,0.6763
GLOBAL,PWRBIOCHNSC01,2024,0.6763
GLOBAL,PWRBIOCHNSC01,2025,0.6763
GLOBAL,PWRBIOCHNSC01,2026,0.6763
GLOBAL,PWRBIOCHNSC01,2027,0.6763
GLOBAL,PWRBIOCHNSC01,2028,0.6763
GLOBAL,PWRBIOCHNSC01,2029,0.6763
GLOBAL,PWRBIOCHNSC01,2030,0.6763
GLOBAL,PWRBIOCHNSC01,2031,0.6763
GLOBAL,PWRBIOCHNSC01,2032,0.0
GLOBAL,PWRBIOCHNSC01,2033,0.0
GLOBAL,PWRBIOCHNSC01,2034,0.0
GLOBAL,PWRBIOCHNSC01,2035,0.0
GLOBAL,PWRBIOCHNSC01,2036,0.0
GLOBAL,PWRBIOCHNSC01,2037,0.0
GLOBAL,PWRBIOCHNSC01,2038,0.0
GLOBAL,PWRBIOCHNSC01,2039,0.0
GLOBAL,PWRBIOCHNSC01,2040,0.0
GLOBAL,PWRBIOCHNSC01,2041,0.0
GLOBAL,PWRBIOCHNSC01,2042,0.0
GLOBAL,PWRBIOCHNSC01,2043,0.0
GLOBAL,PWRBIOCHNSC01,2044,0.0
GLOBAL,PWRBIOCHNSC01,2045,0.0
GLOBAL,PWRBIOCHNSC01,2046,0.0
GLOBAL,PWRBIOCHNSC01,2047,0.0
GLOBAL,PWRBIOCHNSC01,2048,0.0
GLOBAL,PWRBIOCHNSC01,2049,0.0
GLOBAL,PWRBIOCHNSC01,2050,0.0
GLOBAL,PWRCCGCHNSC00,2021,2.3692
GLOBAL,PWRCCGCHNSC00,2022,2.3692
GLOBAL,PWRCCGCHNSC00,2023,2.3692
GLOBAL,PWRCCGCHNSC00,2024,2.3692
GLOBAL,PWRCCGCHNSC00,2025,2.1
GLOBAL,PWRCCGCHNSC00,2026,2.1
GLOBAL,PWRCCGCHNSC00,2027,2.1
GLOBAL,PWRCCGCHNSC00,2028,2.1
GLOBAL,PWRCCGCHNSC00,2029,2.1
GLOBAL,PWRCCGCHNSC00,2030,2.1
GLOBAL,PWRCCGCHNSC00,2031,2.1
GLOBAL,PWRCCGCHNSC00,2032,2.1
GLOBAL,PWRCCGCHNSC00,2033,2.1
GLOBAL,PWRCCGCHNSC00,2034,2.1
GLOBAL,PWRCCGCHNSC00,2035,1.4
GLOBAL,PWRCCGCHNSC00,2036,1.4
GLOBAL,PWRCCGCHNSC00,2037,1.4
GLOBAL,PWRCCGCHNSC00,2038,1.4
GLOBAL,PWRCCGCHNSC00,2039,1.4
GLOBAL,PWRCCGCHNSC00,2040,1.4
GLOBAL,PWRCCGCHNSC00,2041,0.0
GLOBAL,PWRCCGCHNSC00,2042,0.0
GLOBAL,PWRCCGCHNSC00,2043,0.0
GLOBAL,PWRCCGCHNSC00,2044,0.0
GLOBAL,PWRCCGCHNSC00,2045,0.0
GLOBAL,PWRCCGCHNSC00,2046,0.0
GLOBAL,PWRCCGCHNSC00,2047,0.0
GLOBAL,PWRCCGCHNSC00,2048,0.0
GLOBAL,PWRCCGCHNSC00,2049,0.0
GLOBAL,PWRCCGCHNSC00,2050,0.0
GLOBAL,PWRCOACHNSC01,2021,11.799
GLOBAL,PWRCOACHNSC01,2022,11.799
GLOBAL,PWRCOACHNSC01,2023,11.799
GLOBAL,PWRCOACHNSC01,2024,11.799
GLOBAL,PWRCOACHNSC01,2025,11.399
GLOBAL,PWRCOACHNSC01,2026,11.399
GLOBAL,PWRCOACHNSC01,2027,11.299
GLOBAL,PWRCOACHNSC01,2028,10.065
GLOBAL,PWRCOACHNSC01,2029,8.805
GLOBAL,PWRCOACHNSC01,2030,8.805
GLOBAL,PWRCOACHNSC01,2031,8.805
GLOBAL,PWRCOACHNSC01,2032,8.805
GLOBAL,PWRCOACHNSC01,2033,8.805
GLOBAL,PWRCOACHNSC01,2034,7.905
GLOBAL,PWRCOACHNSC01,2035,5.235
GLOBAL,PWRCOACHNSC01,2036,5.235
GLOBAL,PWRCOACHNSC01,2037,5.235
GLOBAL,PWRCOACHNSC01,2038,4.965
GLOBAL,PWRCOACHNSC01,2039,3.165
GLOBAL,PWRCOACHNSC01,2040,3.165
GLOBAL,PWRCOACHNSC01,2041,3.165
GLOBAL,PWRCOACHNSC01,2042,1.965
GLOBAL,PWRCOACHNSC01,2043,0.6
GLOBAL,PWRCOACHNSC01,2044,0.0
GLOBAL,PWRCOACHNSC01,2045,0.0
GLOBAL,PWRCOACHNSC01,2046,0.0
GLOBAL,PWRCOACHNSC01,2047,0.0
GLOBAL,PWRCOACHNSC01,2048,0.0
GLOBAL,PWRCOACHNSC01,2049,0.0
GLOBAL,PWRCOACHNSC01,2050,0.0
GLOBAL,PWRHYDCHNSC01,2021,83.6777
GLOBAL,PWRHYDCHNSC01,2022,83.6777
GLOBAL,PWRHYDCHNSC01,2023,83.6777
GLOBAL,PWRHYDCHNSC01,2024,83.6777
GLOBAL,PWRHYDCHNSC01,2025,83.6777
GLOBAL,PWRHYDCHNSC01,2026,83.6777
GLOBAL,PWRHYDCHNSC01,2027,83.6777
GLOBAL,PWRHYDCHNSC01,2028,83.6777
GLOBAL,PWRHYDCHNSC01,2029,83.6777
GLOBAL,PWRHYDCHNSC01,2030,83.6777
GLOBAL,PWRHYDCHNSC01,2031,83.6777
GLOBAL,PWRHYDCHNSC01,2032,83.6777
GLOBAL,PWRHYDCHNSC01,2033,83.6777
GLOBAL,PWRHYDCHNSC01,2034,83.6777
GLOBAL,PWRHYDCHNSC01,2035,83.6777
GLOBAL,PWRHYDCHNSC01,2036,83.6777
GLOBAL,PWRHYDCHNSC01,2037,83.6777
GLOBAL,PWRHYDCHNSC01,2038,83.6777
GLOBAL,PWRHYDCHNSC01,2039,83.6777
GLOBAL,PWRHYDCHNSC01,2040,83.6777
GLOBAL,PWRHYDCHNSC01,2041,83.6777
GLOBAL,PWRHYDCHNSC01,2042,83.6777
GLOBAL,PWRHYDCHNSC01,2043,83.6777
GLOBAL,PWRHYDCHNSC01,2044,83.6777
GLOBAL,PWRHYDCHNSC01,2045,83.6777
GLOBAL,PWRHYDCHNSC01,2046,83.6777
GLOBAL,PWRHYDCHNSC01,2047,83.6777
GLOBAL,PWRHYDCHNSC01,2048,83.6777
GLOBAL,PWRHYDCHNSC01,2049,83.6777
GLOBAL,PWRHYDCHNSC01,2050,83.6777
GLOBAL,PWROCGCHNSC00,2021,0.127
GLOBAL,PWROCGCHNSC00,2022,0.127
GLOBAL,PWROCGCHNSC00,2023,0.127
GLOBAL,PWROCGCHNSC00,2024,0.127
GLOBAL,PWROCGCHNSC00,2025,0.0
GLOBAL,PWROCGCHNSC00,2026,0.0
GLOBAL,PWROCGCHNSC00,2027,0.0
GLOBAL,PWROCGCHNSC00,2028,0.0
GLOBAL,PWROCGCHNSC00,2029,0.0
GLOBAL,PWROCGCHNSC00,2030,0.0
GLOBAL,PWROCGCHNSC00,2031,0.0
GLOBAL,PWROCGCHNSC00,2032,0.0
GLOBAL,PWROCGCHNSC00,2033,0.0
GLOBAL,PWROCGCHNSC00,2034,0.0
GLOBAL,PWROCGCHNSC00,2035,0.0
GLOBAL,PWROCGCHNSC00,2036,0.0
GLOBAL,PWROCGCHNSC00,2037,0.0
GLOBAL,PWROCGCHNSC00,2038,0.0
GLOBAL,PWROCGCHNSC00,2039,0.0
GLOBAL,PWROCGCHNSC00,2040,0.0
GLOBAL,PWROCGCHNSC00,2041,0.0
GLOBAL,PWROCGCHNSC00,2042,0.0
GLOBAL,PWROCGCHNSC00,2043,0.0
GLOBAL,PWROCGCHNSC00,2044,0.0
GLOBAL,PWROCGCHNSC00,2045,0.0
GLOBAL,PWROCGCHNSC00,2046,0.0
GLOBAL,PWROCGCHNSC00,2047,0.0
GLOBAL,PWROCGCHNSC00,2048,0.0
GLOBAL,PWROCGCHNSC00,2049,0.0
GLOBAL,PWROCGCHNSC00,2050,0.0
GLOBAL,PWRWONCHNSC01,2021,0.2004
GLOBAL,PWRWONCHNSC01,2022,0.2004
GLOBAL,PWRWONCHNSC01,2023,0.2004
GLOBAL,PWRWONCHNSC01,2024,0.2004
GLOBAL,PWRWONCHNSC01,2025,0.2004
GLOBAL,PWRWONCHNSC01,2026,0.2004
GLOBAL,PWRWONCHNSC01,2027,0.2004
GLOBAL,PWRWONCHNSC01,2028,0.2004
GLOBAL,PWRWONCHNSC01,2029,0.2004
GLOBAL,PWRWONCHNSC01,2030,0.2004
GLOBAL,PWRWONCHNSC01,2031,0.2004
GLOBAL,PWRWONCHNSC01,2032,0.2004
GLOBAL,PWRWONCHNSC01,2033,0.2004
GLOBAL,PWRWONCHNSC01,2034,0.2004
GLOBAL,PWRWONCHNSC01,2035,0.2004
GLOBAL,PWRWONCHNSC01,2036,0.2004
GLOBAL,PWRWONCHNSC01,2037,0.2004
GLOBAL,PWRWONCHNSC01,2038,0.2004
GLOBAL,PWRWONCHNSC01,2039,0.2004
GLOBAL,PWRWONCHNSC01,2040,0.0
GLOBAL,PWRWONCHNSC01,2041,0.0
GLOBAL,PWRWONCHNSC01,2042,0.0
GLOBAL,PWRWONCHNSC01,2043,0.0
GLOBAL,PWRWONCHNSC01,2044,0.0
GLOBAL,PWRWONCHNSC01,2045,0.0
GLOBAL,PWRWONCHNSC01,2046,0.0
GLOBAL,PWRWONCHNSC01,2047,0.0
GLOBAL,PWRWONCHNSC01,2048,0.0
GLOBAL,PWRWONCHNSC01,2049,0.0
GLOBAL,PWRWONCHNSC01,2050,0.0
GLOBAL,PWRBIOCHNSD01,2021,0.7054
GLOBAL,PWRBIOCHNSD01,2022,0.7054
GLOBAL,PWRBIOCHNSD01,2023,0.7054
GLOBAL,PWRBIOCHNSD01,2024,0.7054
GLOBAL,PWRBIOCHNSD01,2025,0.7054
GLOBAL,PWRBIOCHNSD01,2026,0.7054
GLOBAL,PWRBIOCHNSD01,2027,0.7054
GLOBAL,PWRBIOCHNSD01,2028,0.7054
GLOBAL,PWRBIOCHNSD01,2029,0.7054
GLOBAL,PWRBIOCHNSD01,2030,0.7054
GLOBAL,PWRBIOCHNSD01,2031,0.7054
GLOBAL,PWRBIOCHNSD01,2032,0.0
GLOBAL,PWRBIOCHNSD01,2033,0.0
GLOBAL,PWRBIOCHNSD01,2034,0.0
GLOBAL,PWRBIOCHNSD01,2035,0.0
GLOBAL,PWRBIOCHNSD01,2036,0.0
GLOBAL,PWRBIOCHNSD01,2037,0.0
GLOBAL,PWRBIOCHNSD01,2038,0.0
GLOBAL,PWRBIOCHNSD01,2039,0.0
GLOBAL,PWRBIOCHNSD01,2040,0.0
GLOBAL,PWRBIOCHNSD01,2041,0.0
GLOBAL,PWRBIOCHNSD01,2042,0.0
GLOBAL,PWRBIOCHNSD01,2043,0.0
GLOBAL,PWRBIOCHNSD01,2044,0.0
GLOBAL,PWRBIOCHNSD01,2045,0.0
GLOBAL,PWRBIOCHNSD01,2046,0.0
GLOBAL,PWRBIOCHNSD01,2047,0.0
GLOBAL,PWRBIOCHNSD01,2048,0.0
GLOBAL,PWRBIOCHNSD01,2049,0.0
GLOBAL,PWRBIOCHNSD01,2050,0.0
GLOBAL,PWRCOACHNSD01,2021,87.8871
GLOBAL,PWRCOACHNSD01,2022,87.8871
GLOBAL,PWRCOACHNSD01,2023,86.0371
GLOBAL,PWRCOACHNSD01,2024,86.0371
GLOBAL,PWRCOACHNSD01,2025,86.0371
GLOBAL,PWRCOACHNSD01,2026,86.0371
GLOBAL,PWRCOACHNSD01,2027,86.0371
GLOBAL,PWRCOACHNSD01,2028,81.499
GLOBAL,PWRCOACHNSD01,2029,72.419
GLOBAL,PWRCOACHNSD01,2030,69.869
GLOBAL,PWRCOACHNSD01,2031,69.799
GLOBAL,PWRCOACHNSD01,2032,67.399
GLOBAL,PWRCOACHNSD01,2033,60.999
GLOBAL,PWRCOACHNSD01,2034,57.316
GLOBAL,PWRCOACHNSD01,2035,53.832
GLOBAL,PWRCOACHNSD01,2036,49.681
GLOBAL,PWRCOACHNSD01,2037,45.733
GLOBAL,PWRCOACHNSD01,2038,41.261
GLOBAL,PWRCOACHNSD01,2039,37.573
GLOBAL,PWRCOACHNSD01,2040,33.694
GLOBAL,PWRCOACHNSD01,2041,32.894
GLOBAL,PWRCOACHNSD01,2042,31.544
GLOBAL,PWRCOACHNSD01,2043,27.947
GLOBAL,PWRCOACHNSD01,2044,21.66
GLOBAL,PWRCOACHNSD01,2045,16.803
GLOBAL,PWRCOACHNSD01,2046,6.787
GLOBAL,PWRCOACHNSD01,2047,0.749
GLOBAL,PWRCOACHNSD01,2048,0.699
GLOBAL,PWRCOACHNSD01,2049,0.0
GLOBAL,PWRCOACHNSD01,2050,0.0
GLOBAL,PWRHYDCHNSD01,2021,1.1935
GLOBAL,PWRHYDCHNSD01,2022,1.1935
GLOBAL,PWRHYDCHNSD01,2023,1.1935
GLOBAL,PWRHYDCHNSD01,2024,1.1935
GLOBAL,PWRHYDCHNSD01,2025,1.1935
GLOBAL,PWRHYDCHNSD01,2026,1.1935
GLOBAL,PWRHYDCHNSD01,2027,1.1935
GLOBAL,PWRHYDCHNSD01,2028,1.1935
GLOBAL,PWRHYDCHNSD01,2029,1.1935
GLOBAL,PWRHYDCHNSD01,2030,1.1935
GLOBAL,PWRHYDCHNSD01,2031,1.1935
GLOBAL,PWRHYDCHNSD01,2032,1.1935
GLOBAL,PWRHYDCHNSD01,2033,1.1935
GLOBAL,PWRHYDCHNSD01,2034,1.1935
GLOBAL,PWRHYDCHNSD01,2035,1.1935
GLOBAL,PWRHYDCHNSD01,2036,1.1935
GLOBAL,PWRHYDCHNSD01,2037,1.1935
GLOBAL,PWRHYDCHNSD01,2038,1.1935
GLOBAL,PWRHYDCHNSD01,2039,1.1935
GLOBAL,PWRHYDCHNSD01,2040,1.1935
GLOBAL,PWRHYDCHNSD01,2041,1.1935
GLOBAL,PWRHYDCHNSD01,2042,1.1935
GLOBAL,PWRHYDCHNSD01,2043,1.1935
GLOBAL,PWRHYDCHNSD01,2044,1.1935
GLOBAL,PWRHYDCHNSD01,2045,1.1935
GLOBAL,PWRHYDCHNSD01,2046,1.1935
GLOBAL,PWRHYDCHNSD01,2047,1.1935
GLOBAL,PWRHYDCHNSD01,2048,1.1935
GLOBAL,PWRHYDCHNSD01,2049,1.1935
GLOBAL,PWRHYDCHNSD01,2050,1.1935
GLOBAL,PWROCGCHNSD00,2021,0.014
GLOBAL,PWROCGCHNSD00,2022,0.014
GLOBAL,PWROCGCHNSD00,2023,0.014
GLOBAL,PWROCGCHNSD00,2024,0.014
GLOBAL,PWROCGCHNSD00,2025,0.0
GLOBAL,PWROCGCHNSD00,2026,0.0
GLOBAL,PWROCGCHNSD00,2027,0.0
GLOBAL,PWROCGCHNSD00,2028,0.0
GLOBAL,PWROCGCHNSD00,2029,0.0
GLOBAL,PWROCGCHNSD00,2030,0.0
GLOBAL,PWROCGCHNSD00,2031,0.0
GLOBAL,PWROCGCHNSD00,2032,0.0
GLOBAL,PWROCGCHNSD00,2033,0.0
GLOBAL,PWROCGCHNSD00,2034,0.0
GLOBAL,PWROCGCHNSD00,2035,0.0
GLOBAL,PWROCGCHNSD00,2036,0.0
GLOBAL,PWROCGCHNSD00,2037,0.0
GLOBAL,PWROCGCHNSD00,2038,0.0
GLOBAL,PWROCGCHNSD00,2039,0.0
GLOBAL,PWROCGCHNSD00,2040,0.0
GLOBAL,PWROCGCHNSD00,2041,0.0
GLOBAL,PWROCGCHNSD00,2042,0.0
GLOBAL,PWROCGCHNSD00,2043,0.0
GLOBAL,PWROCGCHNSD00,2044,0.0
GLOBAL,PWROCGCHNSD00,2045,0.0
GLOBAL,PWROCGCHNSD00,2046,0.0
GLOBAL,PWROCGCHNSD00,2047,0.0
GLOBAL,PWROCGCHNSD00,2048,0.0
GLOBAL,PWROCGCHNSD00,2049,0.0
GLOBAL,PWROCGCHNSD00,2050,0.0
GLOBAL,PWRSPVCHNSD01,2021,0.4054
GLOBAL,PWRSPVCHNSD01,2022,0.4054
GLOBAL,PWRSPVCHNSD01,2023,0.4054
GLOBAL,PWRSPVCHNSD01,2024,0.4054
GLOBAL,PWRSPVCHNSD01,2025,0.4054
GLOBAL,PWRSPVCHNSD01,2026,0.4054
GLOBAL,PWRSPVCHNSD01,2027,0.4054
GLOBAL,PWRSPVCHNSD01,2028,0.4054
GLOBAL,PWRSPVCHNSD01,2029,0.4054
GLOBAL,PWRSPVCHNSD01,2030,0.4054
GLOBAL,PWRSPVCHNSD01,2031,0.4054
GLOBAL,PWRSPVCHNSD01,2032,0.4054
GLOBAL,PWRSPVCHNSD01,2033,0.4054
GLOBAL,PWRSPVCHNSD01,2034,0.4054
GLOBAL,PWRSPVCHNSD01,2035,0.4054
GLOBAL,PWRSPVCHNSD01,2036,0.4054
GLOBAL,PWRSPVCHNSD01,2037,0.4054
GLOBAL,PWRSPVCHNSD01,2038,0.4054
GLOBAL,PWRSPVCHNSD01,2039,0.4054
GLOBAL,PWRSPVCHNSD01,2040,0.4054
GLOBAL,PWRSPVCHNSD01,2041,0.4054
GLOBAL,PWRSPVCHNSD01,2042,0.4054
GLOBAL,PWRSPVCHNSD01,2043,0.4054
GLOBAL,PWRSPVCHNSD01,2044,0.4054
GLOBAL,PWRSPVCHNSD01,2045,0.0
GLOBAL,PWRSPVCHNSD01,2046,0.0
GLOBAL,PWRSPVCHNSD01,2047,0.0
GLOBAL,PWRSPVCHNSD01,2048,0.0
GLOBAL,PWRSPVCHNSD01,2049,0.0
GLOBAL,PWRSPVCHNSD01,2050,0.0
GLOBAL,PWRWONCHNSD01,2021,9.678
GLOBAL,PWRWONCHNSD01,2022,9.678
GLOBAL,PWRWONCHNSD01,2023,9.678
GLOBAL,PWRWONCHNSD01,2024,9.678
GLOBAL,PWRWONCHNSD01,2025,9.678
GLOBAL,PWRWONCHNSD01,2026,9.678
GLOBAL,PWRWONCHNSD01,2027,9.678
GLOBAL,PWRWONCHNSD01,2028,9.678
GLOBAL,PWRWONCHNSD01,2029,9.678
GLOBAL,PWRWONCHNSD01,2030,9.678
GLOBAL,PWRWONCHNSD01,2031,9.678
GLOBAL,PWRWONCHNSD01,2032,9.678
GLOBAL,PWRWONCHNSD01,2033,9.678
GLOBAL,PWRWONCHNSD01,2034,9.678
GLOBAL,PWRWONCHNSD01,2035,9.678
GLOBAL,PWRWONCHNSD01,2036,9.678
GLOBAL,PWRWONCHNSD01,2037,9.678
GLOBAL,PWRWONCHNSD01,2038,9.678
GLOBAL,PWRWONCHNSD01,2039,9.678
GLOBAL,PWRWONCHNSD01,2040,0.0
GLOBAL,PWRWONCHNSD01,2041,0.0
GLOBAL,PWRWONCHNSD01,2042,0.0
GLOBAL,PWRWONCHNSD01,2043,0.0
GLOBAL,PWRWONCHNSD01,2044,0.0
GLOBAL,PWRWONCHNSD01,2045,0.0
GLOBAL,PWRWONCHNSD01,2046,0.0
GLOBAL,PWRWONCHNSD01,2047,0.0
GLOBAL,PWRWONCHNSD01,2048,0.0
GLOBAL,PWRWONCHNSD01,2049,0.0
GLOBAL,PWRWONCHNSD01,2050,0.0
GLOBAL,PWRBIOCHNSH01,2021,0.1938
GLOBAL,PWRBIOCHNSH01,2022,0.1938
GLOBAL,PWRBIOCHNSH01,2023,0.1938
GLOBAL,PWRBIOCHNSH01,2024,0.1938
GLOBAL,PWRBIOCHNSH01,2025,0.1938
GLOBAL,PWRBIOCHNSH01,2026,0.1938
GLOBAL,PWRBIOCHNSH01,2027,0.1938
GLOBAL,PWRBIOCHNSH01,2028,0.1938
GLOBAL,PWRBIOCHNSH01,2029,0.1938
GLOBAL,PWRBIOCHNSH01,2030,0.1938
GLOBAL,PWRBIOCHNSH01,2031,0.1938
GLOBAL,PWRBIOCHNSH01,2032,0.0
GLOBAL,PWRBIOCHNSH01,2033,0.0
GLOBAL,PWRBIOCHNSH01,2034,0.0
GLOBAL,PWRBIOCHNSH01,2035,0.0
GLOBAL,PWRBIOCHNSH01,2036,0.0
GLOBAL,PWRBIOCHNSH01,2037,0.0
GLOBAL,PWRBIOCHNSH01,2038,0.0
GLOBAL,PWRBIOCHNSH01,2039,0.0
GLOBAL,PWRBIOCHNSH01,2040,0.0
GLOBAL,PWRBIOCHNSH01,2041,0.0
GLOBAL,PWRBIOCHNSH01,2042,0.0
GLOBAL,PWRBIOCHNSH01,2043,0.0
GLOBAL,PWRBIOCHNSH01,2044,0.0
GLOBAL,PWRBIOCHNSH01,2045,0.0
GLOBAL,PWRBIOCHNSH01,2046,0.0
GLOBAL,PWRBIOCHNSH01,2047,0.0
GLOBAL,PWRBIOCHNSH01,2048,0.0
GLOBAL,PWRBIOCHNSH01,2049,0.0
GLOBAL,PWRBIOCHNSH01,2050,0.0
GLOBAL,PWRCCGCHNSH00,2021,10.834
GLOBAL,PWRCCGCHNSH00,2022,10.834
GLOBAL,PWRCCGCHNSH00,2023,10.834
GLOBAL,PWRCCGCHNSH00,2024,10.834
GLOBAL,PWRCCGCHNSH00,2025,1.81
GLOBAL,PWRCCGCHNSH00,2026,1.81
GLOBAL,PWRCCGCHNSH00,2027,1.81
GLOBAL,PWRCCGCHNSH00,2028,1.81
GLOBAL,PWRCCGCHNSH00,2029,1.81
GLOBAL,PWRCCGCHNSH00,2030,1.81
GLOBAL,PWRCCGCHNSH00,2031,1.81
GLOBAL,PWRCCGCHNSH00,2032,1.81
GLOBAL,PWRCCGCHNSH00,2033,1.81
GLOBAL,PWRCCGCHNSH00,2034,1.81
GLOBAL,PWRCCGCHNSH00,2035,0.76
GLOBAL,PWRCCGCHNSH00,2036,0.0
GLOBAL,PWRCCGCHNSH00,2037,0.0
GLOBAL,PWRCCGCHNSH00,2038,0.0
GLOBAL,PWRCCGCHNSH00,2039,0.0
GLOBAL,PWRCCGCHNSH00,2040,0.0
GLOBAL,PWRCCGCHNSH00,2041,0.0
GLOBAL,PWRCCGCHNSH00,2042,0.0
GLOBAL,PWRCCGCHNSH00,2043,0.0
GLOBAL,PWRCCGCHNSH00,2044,0.0
GLOBAL,PWRCCGCHNSH00,2045,0.0
GLOBAL,PWRCCGCHNSH00,2046,0.0
GLOBAL,PWRCCGCHNSH00,2047,0.0
GLOBAL,PWRCCGCHNSH00,2048,0.0
GLOBAL,PWRCCGCHNSH00,2049,0.0
GLOBAL,PWRCCGCHNSH00,2050,0.0
GLOBAL,PWRCOACHNSH01,2021,15.1266
GLOBAL,PWRCOACHNSH01,2022,15.1266
GLOBAL,PWRCOACHNSH01,2023,15.1266
GLOBAL,PWRCOACHNSH01,2024,15.1266
GLOBAL,PWRCOACHNSH01,2025,15.1266
GLOBAL,PWRCOACHNSH01,2026,15.1266
GLOBAL,PWRCOACHNSH01,2027,13.3266
GLOBAL,PWRCOACHNSH01,2028,8.442
GLOBAL,PWRCOACHNSH01,2029,8.442
GLOBAL,PWRCOACHNSH01,2030,8.442
GLOBAL,PWRCOACHNSH01,2031,8.442
GLOBAL,PWRCOACHNSH01,2032,8.442
GLOBAL,PWRCOACHNSH01,2033,8.442
GLOBAL,PWRCOACHNSH01,2034,7.24
GLOBAL,PWRCOACHNSH01,2035,2.002
GLOBAL,PWRCOACHNSH01,2036,2.002
GLOBAL,PWRCOACHNSH01,2037,2.002
GLOBAL,PWRCOACHNSH01,2038,2.002
GLOBAL,PWRCOACHNSH01,2039,2.002
GLOBAL,PWRCOACHNSH01,2040,2.002
GLOBAL,PWRCOACHNSH01,2041,0.0
GLOBAL,PWRCOACHNSH01,2042,0.0
GLOBAL,PWRCOACHNSH01,2043,0.0
GLOBAL,PWRCOACHNSH01,2044,0.0
GLOBAL,PWRCOACHNSH01,2045,0.0
GLOBAL,PWRCOACHNSH01,2046,0.0
GLOBAL,PWRCOACHNSH01,2047,0.0
GLOBAL,PWRCOACHNSH01,2048,0.0
GLOBAL,PWRCOACHNSH01,2049,0.0
GLOBAL,PWRCOACHNSH01,2050,0.0
GLOBAL,PWROCGCHNSH00,2021,0.015
GLOBAL,PWROCGCHNSH00,2022,0.015
GLOBAL,PWROCGCHNSH00,2023,0.015
GLOBAL,PWROCGCHNSH00,2024,0.015
GLOBAL,PWROCGCHNSH00,2025,0.0
GLOBAL,PWROCGCHNSH00,2026,0.0
GLOBAL,PWROCGCHNSH00,2027,0.0
GLOBAL,PWROCGCHNSH00,2028,0.0
GLOBAL,PWROCGCHNSH00,2029,0.0
GLOBAL,PWROCGCHNSH00,2030,0.0
GLOBAL,PWROCGCHNSH00,2031,0.0
GLOBAL,PWROCGCHNSH00,2032,0.0
GLOBAL,PWROCGCHNSH00,2033,0.0
GLOBAL,PWROCGCHNSH00,2034,0.0
GLOBAL,PWROCGCHNSH00,2035,0.0
GLOBAL,PWROCGCHNSH00,2036,0.0
GLOBAL,PWROCGCHNSH00,2037,0.0
GLOBAL,PWROCGCHNSH00,2038,0.0
GLOBAL,PWROCGCHNSH00,2039,0.0
GLOBAL,PWROCGCHNSH00,2040,0.0
GLOBAL,PWROCGCHNSH00,2041,0.0
GLOBAL,PWROCGCHNSH00,2042,0.0
GLOBAL,PWROCGCHNSH00,2043,0.0
GLOBAL,PWROCGCHNSH00,2044,0.0
GLOBAL,PWROCGCHNSH00,2045,0.0
GLOBAL,PWROCGCHNSH00,2046,0.0
GLOBAL,PWROCGCHNSH00,2047,0.0
GLOBAL,PWROCGCHNSH00,2048,0.0
GLOBAL,PWROCGCHNSH00,2049,0.0
GLOBAL,PWROCGCHNSH00,2050,0.0
GLOBAL,PWRSPVCHNSH01,2021,0.1006
GLOBAL,PWRSPVCHNSH01,2022,0.1006
GLOBAL,PWRSPVCHNSH01,2023,0.1006
GLOBAL,PWRSPVCHNSH01,2024,0.1006
GLOBAL,PWRSPVCHNSH01,2025,0.1006
GLOBAL,PWRSPVCHNSH01,2026,0.1006
GLOBAL,PWRSPVCHNSH01,2027,0.1006
GLOBAL,PWRSPVCHNSH01,2028,0.1006
GLOBAL,PWRSPVCHNSH01,2029,0.1006
GLOBAL,PWRSPVCHNSH01,2030,0.1006
GLOBAL,PWRSPVCHNSH01,2031,0.1006
GLOBAL,PWRSPVCHNSH01,2032,0.1006
GLOBAL,PWRSPVCHNSH01,2033,0.1006
GLOBAL,PWRSPVCHNSH01,2034,0.1006
GLOBAL,PWRSPVCHNSH01,2035,0.1006
GLOBAL,PWRSPVCHNSH01,2036,0.1006
GLOBAL,PWRSPVCHNSH01,2037,0.1006
GLOBAL,PWRSPVCHNSH01,2038,0.1006
GLOBAL,PWRSPVCHNSH01,2039,0.1006
GLOBAL,PWRSPVCHNSH01,2040,0.1006
GLOBAL,PWRSPVCHNSH01,2041,0.1006
GLOBAL,PWRSPVCHNSH01,2042,0.1006
GLOBAL,PWRSPVCHNSH01,2043,0.1006
GLOBAL,PWRSPVCHNSH01,2044,0.1006
GLOBAL,PWRSPVCHNSH01,2045,0.0
GLOBAL,PWRSPVCHNSH01,2046,0.0
GLOBAL,PWRSPVCHNSH01,2047,0.0
GLOBAL,PWRSPVCHNSH01,2048,0.0
GLOBAL,PWRSPVCHNSH01,2049,0.0
GLOBAL,PWRSPVCHNSH01,2050,0.0
GLOBAL,PWRWOFCHNSH01,2021,0.305
GLOBAL,PWRWOFCHNSH01,2022,0.305
GLOBAL,PWRWOFCHNSH01,2023,0.305
GLOBAL,PWRWOFCHNSH01,2024,0.305
GLOBAL,PWRWOFCHNSH01,2025,0.305
GLOBAL,PWRWOFCHNSH01,2026,0.305
GLOBAL,PWRWOFCHNSH01,2027,0.305
GLOBAL,PWRWOFCHNSH01,2028,0.305
GLOBAL,PWRWOFCHNSH01,2029,0.305
GLOBAL,PWRWOFCHNSH01,2030,0.305
GLOBAL,PWRWOFCHNSH01,2031,0.305
GLOBAL,PWRWOFCHNSH01,2032,0.305
GLOBAL,PWRWOFCHNSH01,2033,0.305
GLOBAL,PWRWOFCHNSH01,2034,0.305
GLOBAL,PWRWOFCHNSH01,2035,0.305
GLOBAL,PWRWOFCHNSH01,2036,0.305
GLOBAL,PWRWOFCHNSH01,2037,0.305
GLOBAL,PWRWOFCHNSH01,2038,0.305
GLOBAL,PWRWOFCHNSH01,2039,0.305
GLOBAL,PWRWOFCHNSH01,2040,0.305
GLOBAL,PWRWOFCHNSH01,2041,0.0
GLOBAL,PWRWOFCHNSH01,2042,0.0
GLOBAL,PWRWOFCHNSH01,2043,0.0
GLOBAL,PWRWOFCHNSH01,2044,0.0
GLOBAL,PWRWOFCHNSH01,2045,0.0
GLOBAL,PWRWOFCHNSH01,2046,0.0
GLOBAL,PWRWOFCHNSH01,2047,0.0
GLOBAL,PWRWOFCHNSH01,2048,0.0
GLOBAL,PWRWOFCHNSH01,2049,0.0
GLOBAL,PWRWOFCHNSH01,2050,0.0
GLOBAL,PWRWONCHNSH01,2021,0.4693
GLOBAL,PWRWONCHNSH01,2022,0.4693
GLOBAL,PWRWONCHNSH01,2023,0.4693
GLOBAL,PWRWONCHNSH01,2024,0.4693
GLOBAL,PWRWONCHNSH01,2025,0.4693
GLOBAL,PWRWONCHNSH01,2026,0.4693
GLOBAL,PWRWONCHNSH01,2027,0.4693
GLOBAL,PWRWONCHNSH01,2028,0.4693
GLOBAL,PWRWONCHNSH01,2029,0.4693
GLOBAL,PWRWONCHNSH01,2030,0.4693
GLOBAL,PWRWONCHNSH01,2031,0.4693
GLOBAL,PWRWONCHNSH01,2032,0.4693
GLOBAL,PWRWONCHNSH01,2033,0.4693
GLOBAL,PWRWONCHNSH01,2034,0.4693
GLOBAL,PWRWONCHNSH01,2035,0.4693
GLOBAL,PWRWONCHNSH01,2036,0.4693
GLOBAL,PWRWONCHNSH01,2037,0.4693
GLOBAL,PWRWONCHNSH01,2038,0.4693
GLOBAL,PWRWONCHNSH01,2039,0.4693
GLOBAL,PWRWONCHNSH01,2040,0.0
GLOBAL,PWRWONCHNSH01,2041,0.0
GLOBAL,PWRWONCHNSH01,2042,0.0
GLOBAL,PWRWONCHNSH01,2043,0.0
GLOBAL,PWRWONCHNSH01,2044,0.0
GLOBAL,PWRWONCHNSH01,2045,0.0
GLOBAL,PWRWONCHNSH01,2046,0.0
GLOBAL,PWRWONCHNSH01,2047,0.0
GLOBAL,PWRWONCHNSH01,2048,0.0
GLOBAL,PWRWONCHNSH01,2049,0.0
GLOBAL,PWRWONCHNSH01,2050,0.0
GLOBAL,PWRBIOCHNSI01,2021,0.2801
GLOBAL,PWRBIOCHNSI01,2022,0.2801
GLOBAL,PWRBIOCHNSI01,2023,0.2801
GLOBAL,PWRBIOCHNSI01,2024,0.2801
GLOBAL,PWRBIOCHNSI01,2025,0.2801
GLOBAL,PWRBIOCHNSI01,2026,0.2801
GLOBAL,PWRBIOCHNSI01,2027,0.2801
GLOBAL,PWRBIOCHNSI01,2028,0.2801
GLOBAL,PWRBIOCHNSI01,2029,0.2801
GLOBAL,PWRBIOCHNSI01,2030,0.2801
GLOBAL,PWRBIOCHNSI01,2031,0.2801
GLOBAL,PWRBIOCHNSI01,2032,0.0
GLOBAL,PWRBIOCHNSI01,2033,0.0
GLOBAL,PWRBIOCHNSI01,2034,0.0
GLOBAL,PWRBIOCHNSI01,2035,0.0
GLOBAL,PWRBIOCHNSI01,2036,0.0
GLOBAL,PWRBIOCHNSI01,2037,0.0
GLOBAL,PWRBIOCHNSI01,2038,0.0
GLOBAL,PWRBIOCHNSI01,2039,0.0
GLOBAL,PWRBIOCHNSI01,2040,0.0
GLOBAL,PWRBIOCHNSI01,2041,0.0
GLOBAL,PWRBIOCHNSI01,2042,0.0
GLOBAL,PWRBIOCHNSI01,2043,0.0
GLOBAL,PWRBIOCHNSI01,2044,0.0
GLOBAL,PWRBIOCHNSI01,2045,0.0
GLOBAL,PWRBIOCHNSI01,2046,0.0
GLOBAL,PWRBIOCHNSI01,2047,0.0
GLOBAL,PWRBIOCHNSI01,2048,0.0
GLOBAL,PWRBIOCHNSI01,2049,0.0
GLOBAL,PWRBIOCHNSI01,2050,0.0
GLOBAL,PWRCOACHNSI01,2021,34.1338
GLOBAL,PWRCOACHNSI01,2022,34.1338
GLOBAL,PWRCOACHNSI01,2023,34.1338
GLOBAL,PWRCOACHNSI01,2024,34.1338
GLOBAL,PWRCOACHNSI01,2025,32.9338
GLOBAL,PWRCOACHNSI01,2026,32.9338
GLOBAL,PWRCOACHNSI01,2027,32.8338
GLOBAL,PWRCOACHNSI01,2028,29.638
GLOBAL,PWRCOACHNSI01,2029,28.438
GLOBAL,PWRCOACHNSI01,2030,28.108
GLOBAL,PWRCOACHNSI01,2031,27.898
GLOBAL,PWRCOACHNSI01,2032,27.898
GLOBAL,PWRCOACHNSI01,2033,25.398
GLOBAL,PWRCOACHNSI01,2034,24.738
GLOBAL,PWRCOACHNSI01,2035,21.875
GLOBAL,PWRCOACHNSI01,2036,21.275
GLOBAL,PWRCOACHNSI01,2037,18.655
GLOBAL,PWRCOACHNSI01,2038,14.206
GLOBAL,PWRCOACHNSI01,2039,12.706
GLOBAL,PWRCOACHNSI01,2040,10.786
GLOBAL,PWRCOACHNSI01,2041,9.986
GLOBAL,PWRCOACHNSI01,2042,8.826
GLOBAL,PWRCOACHNSI01,2043,8.626
GLOBAL,PWRCOACHNSI01,2044,5.446
GLOBAL,PWRCOACHNSI01,2045,4.246
GLOBAL,PWRCOACHNSI01,2046,2.947
GLOBAL,PWRCOACHNSI01,2047,1.398
GLOBAL,PWRCOACHNSI01,2048,0.699
GLOBAL,PWRCOACHNSI01,2049,0.0
GLOBAL,PWRCOACHNSI01,2050,0.0
GLOBAL,PWRHYDCHNSI01,2021,2.5395
GLOBAL,PWRHYDCHNSI01,2022,2.5395
GLOBAL,PWRHYDCHNSI01,2023,2.5395
GLOBAL,PWRHYDCHNSI01,2024,2.5395
GLOBAL,PWRHYDCHNSI01,2025,2.5395
GLOBAL,PWRHYDCHNSI01,2026,2.5395
GLOBAL,PWRHYDCHNSI01,2027,2.5395
GLOBAL,PWRHYDCHNSI01,2028,2.5395
GLOBAL,PWRHYDCHNSI01,2029,2.5395
GLOBAL,PWRHYDCHNSI01,2030,2.5395
GLOBAL,PWRHYDCHNSI01,2031,2.5395
GLOBAL,PWRHYDCHNSI01,2032,2.5395
GLOBAL,PWRHYDCHNSI01,2033,2.5395
GLOBAL,PWRHYDCHNSI01,2034,2.5395
GLOBAL,PWRHYDCHNSI01,2035,2.5395
GLOBAL,PWRHYDCHNSI01,2036,2.5395
GLOBAL,PWRHYDCHNSI01,2037,2.5395
GLOBAL,PWRHYDCHNSI01,2038,2.5395
GLOBAL,PWRHYDCHNSI01,2039,2.5395
GLOBAL,PWRHYDCHNSI01,2040,2.5395
GLOBAL,PWRHYDCHNSI01,2041,2.5395
GLOBAL,PWRHYDCHNSI01,2042,2.5395
GLOBAL,PWRHYDCHNSI01,2043,2.5395
GLOBAL,PWRHYDCHNSI01,2044,2.5395
GLOBAL,PWRHYDCHNSI01,2045,2.5395
GLOBAL,PWRHYDCHNSI01,2046,2.5395
GLOBAL,PWRHYDCHNSI01,2047,2.5395
GLOBAL,PWRHYDCHNSI01,2048,2.5395
GLOBAL,PWRHYDCHNSI01,2049,2.5395
GLOBAL,PWRHYDCHNSI01,2050,2.5395
GLOBAL,PWROCGCHNSI00,2021,0.036
GLOBAL,PWROCGCHNSI00,2022,0.036
GLOBAL,PWROCGCHNSI00,2023,0.036
GLOBAL,PWROCGCHNSI00,2024,0.036
GLOBAL,PWROCGCHNSI00,2025,0.0
GLOBAL,PWROCGCHNSI00,2026,0.0
GLOBAL,PWROCGCHNSI00,2027,0.0
GLOBAL,PWROCGCHNSI00,2028,0.0
GLOBAL,PWROCGCHNSI00,2029,0.0
GLOBAL,PWROCGCHNSI00,2030,0.0
GLOBAL,PWROCGCHNSI00,2031,0.0
GLOBAL,PWROCGCHNSI00,2032,0.0
GLOBAL,PWROCGCHNSI00,2033,0.0
GLOBAL,PWROCGCHNSI00,2034,0.0
GLOBAL,PWROCGCHNSI00,2035,0.0
GLOBAL,PWROCGCHNSI00,2036,0.0
GLOBAL,PWROCGCHNSI00,2037,0.0
GLOBAL,PWROCGCHNSI00,2038,0.0
GLOBAL,PWROCGCHNSI00,2039,0.0
GLOBAL,PWROCGCHNSI00,2040,0.0
GLOBAL,PWROCGCHNSI00,2041,0.0
GLOBAL,PWROCGCHNSI00,2042,0.0
GLOBAL,PWROCGCHNSI00,2043,0.0
GLOBAL,PWROCGCHNSI00,2044,0.0
GLOBAL,PWROCGCHNSI00,2045,0.0
GLOBAL,PWROCGCHNSI00,2046,0.0
GLOBAL,PWROCGCHNSI00,2047,0.0
GLOBAL,PWROCGCHNSI00,2048,0.0
GLOBAL,PWROCGCHNSI00,2049,0.0
GLOBAL,PWROCGCHNSI00,2050,0.0
GLOBAL,PWRSPVCHNSI01,2021,0.6006
GLOBAL,PWRSPVCHNSI01,2022,0.6006
GLOBAL,PWRSPVCHNSI01,2023,0.6006
GLOBAL,PWRSPVCHNSI01,2024,0.6006
GLOBAL,PWRSPVCHNSI01,2025,0.6006
GLOBAL,PWRSPVCHNSI01,2026,0.6006
GLOBAL,PWRSPVCHNSI01,2027,0.6006
GLOBAL,PWRSPVCHNSI01,2028,0.6006
GLOBAL,PWRSPVCHNSI01,2029,0.6006
GLOBAL,PWRSPVCHNSI01,2030,0.6006
GLOBAL,PWRSPVCHNSI01,2031,0.6006
GLOBAL,PWRSPVCHNSI01,2032,0.6006
GLOBAL,PWRSPVCHNSI01,2033,0.6006
GLOBAL,PWRSPVCHNSI01,2034,0.6006
GLOBAL,PWRSPVCHNSI01,2035,0.6006
GLOBAL,PWRSPVCHNSI01,2036,0.6006
GLOBAL,PWRSPVCHNSI01,2037,0.6006
GLOBAL,PWRSPVCHNSI01,2038,0.6006
GLOBAL,PWRSPVCHNSI01,2039,0.6006
GLOBAL,PWRSPVCHNSI01,2040,0.6006
GLOBAL,PWRSPVCHNSI01,2041,0.6006
GLOBAL,PWRSPVCHNSI01,2042,0.6006
GLOBAL,PWRSPVCHNSI01,2043,0.6006
GLOBAL,PWRSPVCHNSI01,2044,0.6006
GLOBAL,PWRSPVCHNSI01,2045,0.0
GLOBAL,PWRSPVCHNSI01,2046,0.0
GLOBAL,PWRSPVCHNSI01,2047,0.0
GLOBAL,PWRSPVCHNSI01,2048,0.0
GLOBAL,PWRSPVCHNSI01,2049,0.0
GLOBAL,PWRSPVCHNSI01,2050,0.0
GLOBAL,PWRWONCHNSI01,2021,1.1135
GLOBAL,PWRWONCHNSI01,2022,1.1135
GLOBAL,PWRWONCHNSI01,2023,1.1135
GLOBAL,PWRWONCHNSI01,2024,1.1135
GLOBAL,PWRWONCHNSI01,2025,1.1135
GLOBAL,PWRWONCHNSI01,2026,1.1135
GLOBAL,PWRWONCHNSI01,2027,1.1135
GLOBAL,PWRWONCHNSI01,2028,1.1135
GLOBAL,PWRWONCHNSI01,2029,1.1135
GLOBAL,PWRWONCHNSI01,2030,1.1135
GLOBAL,PWRWONCHNSI01,2031,1.1135
GLOBAL,PWRWONCHNSI01,2032,1.1135
GLOBAL,PWRWONCHNSI01,2033,1.1135
GLOBAL,PWRWONCHNSI01,2034,1.1135
GLOBAL,PWRWONCHNSI01,2035,1.1135
GLOBAL,PWRWONCHNSI01,2036,1.1135
GLOBAL,PWRWONCHNSI01,2037,1.1135
GLOBAL,PWRWONCHNSI01,2038,1.1135
GLOBAL,PWRWONCHNSI01,2039,1.1135
GLOBAL,PWRWONCHNSI01,2040,0.0
GLOBAL,PWRWONCHNSI01,2041,0.0
GLOBAL,PWRWONCHNSI01,2042,0.0
GLOBAL,PWRWONCHNSI01,2043,0.0
GLOBAL,PWRWONCHNSI01,2044,0.0
GLOBAL,PWRWONCHNSI01,2045,0.0
GLOBAL,PWRWONCHNSI01,2046,0.0
GLOBAL,PWRWONCHNSI01,2047,0.0
GLOBAL,PWRWONCHNSI01,2048,0.0
GLOBAL,PWRWONCHNSI01,2049,0.0
GLOBAL,PWRWONCHNSI01,2050,0.0
GLOBAL,PWRBIOCHNSX01,2021,0.5345
GLOBAL,PWRBIOCHNSX01,2022,0.5345
GLOBAL,PWRBIOCHNSX01,2023,0.5345
GLOBAL,PWRBIOCHNSX01,2024,0.5345
GLOBAL,PWRBIOCHNSX01,2025,0.5345
GLOBAL,PWRBIOCHNSX01,2026,0.5345
GLOBAL,PWRBIOCHNSX01,2027,0.5345
GLOBAL,PWRBIOCHNSX01,2028,0.5345
GLOBAL,PWRBIOCHNSX01,2029,0.5345
GLOBAL,PWRBIOCHNSX01,2030,0.5345
GLOBAL,PWRBIOCHNSX01,2031,0.5345
GLOBAL,PWRBIOCHNSX01,2032,0.0
GLOBAL,PWRBIOCHNSX01,2033,0.0
GLOBAL,PWRBIOCHNSX01,2034,0.0
GLOBAL,PWRBIOCHNSX01,2035,0.0
GLOBAL,PWRBIOCHNSX01,2036,0.0
GLOBAL,PWRBIOCHNSX01,2037,0.0
GLOBAL,PWRBIOCHNSX01,2038,0.0
GLOBAL,PWRBIOCHNSX01,2039,0.0
GLOBAL,PWRBIOCHNSX01,2040,0.0
GLOBAL,PWRBIOCHNSX01,2041,0.0
GLOBAL,PWRBIOCHNSX01,2042,0.0
GLOBAL,PWRBIOCHNSX01,2043,0.0
GLOBAL,PWRBIOCHNSX01,2044,0.0
GLOBAL,PWRBIOCHNSX01,2045,0.0
GLOBAL,PWRBIOCHNSX01,2046,0.0
GLOBAL,PWRBIOCHNSX01,2047,0.0
GLOBAL,PWRBIOCHNSX01,2048,0.0
GLOBAL,PWRBIOCHNSX01,2049,0.0
GLOBAL,PWRBIOCHNSX01,2050,0.0
GLOBAL,PWRCOACHNSX01,2021,66.0272
GLOBAL,PWRCOACHNSX01,2022,65.7272
GLOBAL,PWRCOACHNSX01,2023,65.7272
GLOBAL,PWRCOACHNSX01,2024,65.7272
GLOBAL,PWRCOACHNSX01,2025,65.7272
GLOBAL,PWRCOACHNSX01,2026,64.3272
GLOBAL,PWRCOACHNSX01,2027,64.3272
GLOBAL,PWRCOACHNSX01,2028,57.682
GLOBAL,PWRCOACHNSX01,2029,52.95
GLOBAL,PWRCOACHNSX01,2030,52.95
GLOBAL,PWRCOACHNSX01,2031,52.95
GLOBAL,PWRCOACHNSX01,2032,48.96
GLOBAL,PWRCOACHNSX01,2033,47.06
GLOBAL,PWRCOACHNSX01,2034,45.02
GLOBAL,PWRCOACHNSX01,2035,41.72
GLOBAL,PWRCOACHNSX01,2036,41.12
GLOBAL,PWRCOACHNSX01,2037,33.874
GLOBAL,PWRCOACHNSX01,2038,30.104
GLOBAL,PWRCOACHNSX01,2039,20.205
GLOBAL,PWRCOACHNSX01,2040,19.935
GLOBAL,PWRCOACHNSX01,2041,16.485
GLOBAL,PWRCOACHNSX01,2042,15.445
GLOBAL,PWRCOACHNSX01,2043,7.986
GLOBAL,PWRCOACHNSX01,2044,4.557
GLOBAL,PWRCOACHNSX01,2045,3.897
GLOBAL,PWRCOACHNSX01,2046,0.699
GLOBAL,PWRCOACHNSX01,2047,0.0
GLOBAL,PWRCOACHNSX01,2048,0.0
GLOBAL,PWRCOACHNSX01,2049,0.0
GLOBAL,PWRCOACHNSX01,2050,0.0
GLOBAL,PWRHYDCHNSX01,2021,3.4186
GLOBAL,PWRHYDCHNSX01,2022,3.4186
GLOBAL,PWRHYDCHNSX01,2023,3.4186
GLOBAL,PWRHYDCHNSX01,2024,3.4186
GLOBAL,PWRHYDCHNSX01,2025,3.4186
GLOBAL,PWRHYDCHNSX01,2026,3.4186
GLOBAL,PWRHYDCHNSX01,2027,3.4186
GLOBAL,PWRHYDCHNSX01,2028,3.4186
GLOBAL,PWRHYDCHNSX01,2029,3.4186
GLOBAL,PWRHYDCHNSX01,2030,3.4186
GLOBAL,PWRHYDCHNSX01,2031,3.4186
GLOBAL,PWRHYDCHNSX01,2032,3.4186
GLOBAL,PWRHYDCHNSX01,2033,3.4186
GLOBAL,PWRHYDCHNSX01,2034,3.4186
GLOBAL,PWRHYDCHNSX01,2035,3.4186
GLOBAL,PWRHYDCHNSX01,2036,3.4186
GLOBAL,PWRHYDCHNSX01,2037,3.4186
GLOBAL,PWRHYDCHNSX01,2038,3.4186
GLOBAL,PWRHYDCHNSX01,2039,3.4186
GLOBAL,PWRHYDCHNSX01,2040,3.4186
GLOBAL,PWRHYDCHNSX01,2041,3.4186
GLOBAL,PWRHYDCHNSX01,2042,3.4186
GLOBAL,PWRHYDCHNSX01,2043,3.4186
GLOBAL,PWRHYDCHNSX01,2044,3.4186
GLOBAL,PWRHYDCHNSX01,2045,3.4186
GLOBAL,PWRHYDCHNSX01,2046,3.4186
GLOBAL,PWRHYDCHNSX01,2047,3.4186
GLOBAL,PWRHYDCHNSX01,2048,3.4186
GLOBAL,PWRHYDCHNSX01,2049,3.4186
GLOBAL,PWRHYDCHNSX01,2050,3.4186
GLOBAL,PWROCGCHNSX00,2021,0.292
GLOBAL,PWROCGCHNSX00,2022,0.292
GLOBAL,PWROCGCHNSX00,2023,0.292
GLOBAL,PWROCGCHNSX00,2024,0.292
GLOBAL,PWROCGCHNSX00,2025,0.0
GLOBAL,PWROCGCHNSX00,2026,0.0
GLOBAL,PWROCGCHNSX00,2027,0.0
GLOBAL,PWROCGCHNSX00,2028,0.0
GLOBAL,PWROCGCHNSX00,2029,0.0
GLOBAL,PWROCGCHNSX00,2030,0.0
GLOBAL,PWROCGCHNSX00,2031,0.0
GLOBAL,PWROCGCHNSX00,2032,0.0
GLOBAL,PWROCGCHNSX00,2033,0.0
GLOBAL,PWROCGCHNSX00,2034,0.0
GLOBAL,PWROCGCHNSX00,2035,0.0
GLOBAL,PWROCGCHNSX00,2036,0.0
GLOBAL,PWROCGCHNSX00,2037,0.0
GLOBAL,PWROCGCHNSX00,2038,0.0
GLOBAL,PWROCGCHNSX00,2039,0.0
GLOBAL,PWROCGCHNSX00,2040,0.0
GLOBAL,PWROCGCHNSX00,2041,0.0
GLOBAL,PWROCGCHNSX00,2042,0.0
GLOBAL,PWROCGCHNSX00,2043,0.0
GLOBAL,PWROCGCHNSX00,2044,0.0
GLOBAL,PWROCGCHNSX00,2045,0.0
GLOBAL,PWROCGCHNSX00,2046,0.0
GLOBAL,PWROCGCHNSX00,2047,0.0
GLOBAL,PWROCGCHNSX00,2048,0.0
GLOBAL,PWROCGCHNSX00,2049,0.0
GLOBAL,PWROCGCHNSX00,2050,0.0
GLOBAL,PWRWONCHNSX01,2021,3.3203
GLOBAL,PWRWONCHNSX01,2022,3.3203
GLOBAL,PWRWONCHNSX01,2023,3.3203
GLOBAL,PWRWONCHNSX01,2024,3.3203
GLOBAL,PWRWONCHNSX01,2025,3.3203
GLOBAL,PWRWONCHNSX01,2026,3.3203
GLOBAL,PWRWONCHNSX01,2027,3.3203
GLOBAL,PWRWONCHNSX01,2028,3.3203
GLOBAL,PWRWONCHNSX01,2029,3.3203
GLOBAL,PWRWONCHNSX01,2030,3.3203
GLOBAL,PWRWONCHNSX01,2031,3.3203
GLOBAL,PWRWONCHNSX01,2032,3.3203
GLOBAL,PWRWONCHNSX01,2033,3.3203
GLOBAL,PWRWONCHNSX01,2034,3.3203
GLOBAL,PWRWONCHNSX01,2035,3.3203
GLOBAL,PWRWONCHNSX01,2036,3.3203
GLOBAL,PWRWONCHNSX01,2037,3.3203
GLOBAL,PWRWONCHNSX01,2038,3.3203
GLOBAL,PWRWONCHNSX01,2039,3.3203
GLOBAL,PWRWONCHNSX01,2040,0.0
GLOBAL,PWRWONCHNSX01,2041,0.0
GLOBAL,PWRWONCHNSX01,2042,0.0
GLOBAL,PWRWONCHNSX01,2043,0.0
GLOBAL,PWRWONCHNSX01,2044,0.0
GLOBAL,PWRWONCHNSX01,2045,0.0
GLOBAL,PWRWONCHNSX01,2046,0.0
GLOBAL,PWRWONCHNSX01,2047,0.0
GLOBAL,PWRWONCHNSX01,2048,0.0
GLOBAL,PWRWONCHNSX01,2049,0.0
GLOBAL,PWRWONCHNSX01,2050,0.0
GLOBAL,PWRBIOCHNTI01,2021,0.0135
GLOBAL,PWRBIOCHNTI01,2022,0.0135
GLOBAL,PWRBIOCHNTI01,2023,0.0135
GLOBAL,PWRBIOCHNTI01,2024,0.0135
GLOBAL,PWRBIOCHNTI01,2025,0.0135
GLOBAL,PWRBIOCHNTI01,2026,0.0135
GLOBAL,PWRBIOCHNTI01,2027,0.0135
GLOBAL,PWRBIOCHNTI01,2028,0.0135
GLOBAL,PWRBIOCHNTI01,2029,0.0135
GLOBAL,PWRBIOCHNTI01,2030,0.0135
GLOBAL,PWRBIOCHNTI01,2031,0.0135
GLOBAL,PWRBIOCHNTI01,2032,0.0
GLOBAL,PWRBIOCHNTI01,2033,0.0
GLOBAL,PWRBIOCHNTI01,2034,0.0
GLOBAL,PWRBIOCHNTI01,2035,0.0
GLOBAL,PWRBIOCHNTI01,2036,0.0
GLOBAL,PWRBIOCHNTI01,2037,0.0
GLOBAL,PWRBIOCHNTI01,2038,0.0
GLOBAL,PWRBIOCHNTI01,2039,0.0
GLOBAL,PWRBIOCHNTI01,2040,0.0
GLOBAL,PWRBIOCHNTI01,2041,0.0
GLOBAL,PWRBIOCHNTI01,2042,0.0
GLOBAL,PWRBIOCHNTI01,2043,0.0
GLOBAL,PWRBIOCHNTI01,2044,0.0
GLOBAL,PWRBIOCHNTI01,2045,0.0
GLOBAL,PWRBIOCHNTI01,2046,0.0
GLOBAL,PWRBIOCHNTI01,2047,0.0
GLOBAL,PWRBIOCHNTI01,2048,0.0
GLOBAL,PWRBIOCHNTI01,2049,0.0
GLOBAL,PWRBIOCHNTI01,2050,0.0
GLOBAL,PWRCCGCHNTI00,2021,0.284
GLOBAL,PWRCCGCHNTI00,2022,0.284
GLOBAL,PWRCCGCHNTI00,2023,0.284
GLOBAL,PWRCCGCHNTI00,2024,0.284
GLOBAL,PWRCCGCHNTI00,2025,0.0
GLOBAL,PWRCCGCHNTI00,2026,0.0
GLOBAL,PWRCCGCHNTI00,2027,0.0
GLOBAL,PWRCCGCHNTI00,2028,0.0
GLOBAL,PWRCCGCHNTI00,2029,0.0
GLOBAL,PWRCCGCHNTI00,2030,0.0
GLOBAL,PWRCCGCHNTI00,2031,0.0
GLOBAL,PWRCCGCHNTI00,2032,0.0
GLOBAL,PWRCCGCHNTI00,2033,0.0
GLOBAL,PWRCCGCHNTI00,2034,0.0
GLOBAL,PWRCCGCHNTI00,2035,0.0
GLOBAL,PWRCCGCHNTI00,2036,0.0
GLOBAL,PWRCCGCHNTI00,2037,0.0
GLOBAL,PWRCCGCHNTI00,2038,0.0
GLOBAL,PWRCCGCHNTI00,2039,0.0
GLOBAL,PWRCCGCHNTI00,2040,0.0
GLOBAL,PWRCCGCHNTI00,2041,0.0
GLOBAL,PWRCCGCHNTI00,2042,0.0
GLOBAL,PWRCCGCHNTI00,2043,0.0
GLOBAL,PWRCCGCHNTI00,2044,0.0
GLOBAL,PWRCCGCHNTI00,2045,0.0
GLOBAL,PWRCCGCHNTI00,2046,0.0
GLOBAL,PWRCCGCHNTI00,2047,0.0
GLOBAL,PWRCCGCHNTI00,2048,0.0
GLOBAL,PWRCCGCHNTI00,2049,0.0
GLOBAL,PWRCCGCHNTI00,2050,0.0
GLOBAL,PWRGEOCHNTI01,2021,0.026
GLOBAL,PWRGEOCHNTI01,2022,0.026
GLOBAL,PWRGEOCHNTI01,2023,0.026
GLOBAL,PWRGEOCHNTI01,2024,0.025
GLOBAL,PWRGEOCHNTI01,2025,0.025
GLOBAL,PWRGEOCHNTI01,2026,0.025
GLOBAL,PWRGEOCHNTI01,2027,0.025
GLOBAL,PWRGEOCHNTI01,2028,0.025
GLOBAL,PWRGEOCHNTI01,2029,0.025
GLOBAL,PWRGEOCHNTI01,2030,0.025
GLOBAL,PWRGEOCHNTI01,2031,0.025
GLOBAL,PWRGEOCHNTI01,2032,0.025
GLOBAL,PWRGEOCHNTI01,2033,0.025
GLOBAL,PWRGEOCHNTI01,2034,0.0
GLOBAL,PWRGEOCHNTI01,2035,0.0
GLOBAL,PWRGEOCHNTI01,2036,0.0
GLOBAL,PWRGEOCHNTI01,2037,0.0
GLOBAL,PWRGEOCHNTI01,2038,0.0
GLOBAL,PWRGEOCHNTI01,2039,0.0
GLOBAL,PWRGEOCHNTI01,2040,0.0
GLOBAL,PWRGEOCHNTI01,2041,0.0
GLOBAL,PWRGEOCHNTI01,2042,0.0
GLOBAL,PWRGEOCHNTI01,2043,0.0
GLOBAL,PWRGEOCHNTI01,2044,0.0
GLOBAL,PWRGEOCHNTI01,2045,0.0
GLOBAL,PWRGEOCHNTI01,2046,0.0
GLOBAL,PWRGEOCHNTI01,2047,0.0
GLOBAL,PWRGEOCHNTI01,2048,0.0
GLOBAL,PWRGEOCHNTI01,2049,0.0
GLOBAL,PWRGEOCHNTI01,2050,0.0
GLOBAL,PWRHYDCHNTI01,2021,1.6448
GLOBAL,PWRHYDCHNTI01,2022,1.6448
GLOBAL,PWRHYDCHNTI01,2023,1.6448
GLOBAL,PWRHYDCHNTI01,2024,1.6448
GLOBAL,PWRHYDCHNTI01,2025,1.6448
GLOBAL,PWRHYDCHNTI01,2026,1.6448
GLOBAL,PWRHYDCHNTI01,2027,1.6448
GLOBAL,PWRHYDCHNTI01,2028,1.6448
GLOBAL,PWRHYDCHNTI01,2029,1.6448
GLOBAL,PWRHYDCHNTI01,2030,1.6448
GLOBAL,PWRHYDCHNTI01,2031,1.6448
GLOBAL,PWRHYDCHNTI01,2032,1.6448
GLOBAL,PWRHYDCHNTI01,2033,1.6448
GLOBAL,PWRHYDCHNTI01,2034,1.6448
GLOBAL,PWRHYDCHNTI01,2035,1.6448
GLOBAL,PWRHYDCHNTI01,2036,1.6448
GLOBAL,PWRHYDCHNTI01,2037,1.6448
GLOBAL,PWRHYDCHNTI01,2038,1.6448
GLOBAL,PWRHYDCHNTI01,2039,1.6448
GLOBAL,PWRHYDCHNTI01,2040,1.6448
GLOBAL,PWRHYDCHNTI01,2041,1.6448
GLOBAL,PWRHYDCHNTI01,2042,1.6448
GLOBAL,PWRHYDCHNTI01,2043,1.6448
GLOBAL,PWRHYDCHNTI01,2044,1.6448
GLOBAL,PWRHYDCHNTI01,2045,1.6448
GLOBAL,PWRHYDCHNTI01,2046,1.6448
GLOBAL,PWRHYDCHNTI01,2047,1.6448
GLOBAL,PWRHYDCHNTI01,2048,1.6448
GLOBAL,PWRHYDCHNTI01,2049,1.6448
GLOBAL,PWRHYDCHNTI01,2050,1.6448
GLOBAL,PWRBIOCHNTJ01,2021,0.085
GLOBAL,PWRBIOCHNTJ01,2022,0.085
GLOBAL,PWRBIOCHNTJ01,2023,0.085
GLOBAL,PWRBIOCHNTJ01,2024,0.085
GLOBAL,PWRBIOCHNTJ01,2025,0.085
GLOBAL,PWRBIOCHNTJ01,2026,0.085
GLOBAL,PWRBIOCHNTJ01,2027,0.085
GLOBAL,PWRBIOCHNTJ01,2028,0.085
GLOBAL,PWRBIOCHNTJ01,2029,0.085
GLOBAL,PWRBIOCHNTJ01,2030,0.085
GLOBAL,PWRBIOCHNTJ01,2031,0.085
GLOBAL,PWRBIOCHNTJ01,2032,0.0
GLOBAL,PWRBIOCHNTJ01,2033,0.0
GLOBAL,PWRBIOCHNTJ01,2034,0.0
GLOBAL,PWRBIOCHNTJ01,2035,0.0
GLOBAL,PWRBIOCHNTJ01,2036,0.0
GLOBAL,PWRBIOCHNTJ01,2037,0.0
GLOBAL,PWRBIOCHNTJ01,2038,0.0
GLOBAL,PWRBIOCHNTJ01,2039,0.0
GLOBAL,PWRBIOCHNTJ01,2040,0.0
GLOBAL,PWRBIOCHNTJ01,2041,0.0
GLOBAL,PWRBIOCHNTJ01,2042,0.0
GLOBAL,PWRBIOCHNTJ01,2043,0.0
GLOBAL,PWRBIOCHNTJ01,2044,0.0
GLOBAL,PWRBIOCHNTJ01,2045,0.0
GLOBAL,PWRBIOCHNTJ01,2046,0.0
GLOBAL,PWRBIOCHNTJ01,2047,0.0
GLOBAL,PWRBIOCHNTJ01,2048,0.0
GLOBAL,PWRBIOCHNTJ01,2049,0.0
GLOBAL,PWRBIOCHNTJ01,2050,0.0
GLOBAL,PWRCOACHNTJ01,2021,11.0773
GLOBAL,PWRCOACHNTJ01,2022,11.0773
GLOBAL,PWRCOACHNTJ01,2023,11.0773
GLOBAL,PWRCOACHNTJ01,2024,11.0773
GLOBAL,PWRCOACHNTJ01,2025,11.0773
GLOBAL,PWRCOACHNTJ01,2026,11.0773
GLOBAL,PWRCOACHNTJ01,2027,11.0773
GLOBAL,PWRCOACHNTJ01,2028,10.482
GLOBAL,PWRCOACHNTJ01,2029,9.172
GLOBAL,PWRCOACHNTJ01,2030,8.473
GLOBAL,PWRCOACHNTJ01,2031,6.209
GLOBAL,PWRCOACHNTJ01,2032,6.209
GLOBAL,PWRCOACHNTJ01,2033,4.909
GLOBAL,PWRCOACHNTJ01,2034,4.909
GLOBAL,PWRCOACHNTJ01,2035,4.909
GLOBAL,PWRCOACHNTJ01,2036,4.909
GLOBAL,PWRCOACHNTJ01,2037,4.909
GLOBAL,PWRCOACHNTJ01,2038,4.909
GLOBAL,PWRCOACHNTJ01,2039,4.909
GLOBAL,PWRCOACHNTJ01,2040,4.249
GLOBAL,PWRCOACHNTJ01,2041,3.949
GLOBAL,PWRCOACHNTJ01,2042,3.949
GLOBAL,PWRCOACHNTJ01,2043,0.699
GLOBAL,PWRCOACHNTJ01,2044,0.699
GLOBAL,PWRCOACHNTJ01,2045,0.0
GLOBAL,PWRCOACHNTJ01,2046,0.0
GLOBAL,PWRCOACHNTJ01,2047,0.0
GLOBAL,PWRCOACHNTJ01,2048,0.0
GLOBAL,PWRCOACHNTJ01,2049,0.0
GLOBAL,PWRCOACHNTJ01,2050,0.0
GLOBAL,PWRWONCHNTJ01,2021,0.4388
GLOBAL,PWRWONCHNTJ01,2022,0.4388
GLOBAL,PWRWONCHNTJ01,2023,0.4388
GLOBAL,PWRWONCHNTJ01,2024,0.4388
GLOBAL,PWRWONCHNTJ01,2025,0.4388
GLOBAL,PWRWONCHNTJ01,2026,0.4388
GLOBAL,PWRWONCHNTJ01,2027,0.4388
GLOBAL,PWRWONCHNTJ01,2028,0.4388
GLOBAL,PWRWONCHNTJ01,2029,0.4388
GLOBAL,PWRWONCHNTJ01,2030,0.4388
GLOBAL,PWRWONCHNTJ01,2031,0.4388
GLOBAL,PWRWONCHNTJ01,2032,0.4388
GLOBAL,PWRWONCHNTJ01,2033,0.4388
GLOBAL,PWRWONCHNTJ01,2034,0.4388
GLOBAL,PWRWONCHNTJ01,2035,0.4388
GLOBAL,PWRWONCHNTJ01,2036,0.4388
GLOBAL,PWRWONCHNTJ01,2037,0.4388
GLOBAL,PWRWONCHNTJ01,2038,0.4388
GLOBAL,PWRWONCHNTJ01,2039,0.4388
GLOBAL,PWRWONCHNTJ01,2040,0.0
GLOBAL,PWRWONCHNTJ01,2041,0.0
GLOBAL,PWRWONCHNTJ01,2042,0.0
GLOBAL,PWRWONCHNTJ01,2043,0.0
GLOBAL,PWRWONCHNTJ01,2044,0.0
GLOBAL,PWRWONCHNTJ01,2045,0.0
GLOBAL,PWRWONCHNTJ01,2046,0.0
GLOBAL,PWRWONCHNTJ01,2047,0.0
GLOBAL,PWRWONCHNTJ01,2048,0.0
GLOBAL,PWRWONCHNTJ01,2049,0.0
GLOBAL,PWRWONCHNTJ01,2050,0.0
GLOBAL,PWRBIOCHNWM01,2021,0.4862
GLOBAL,PWRBIOCHNWM01,2022,0.4862
GLOBAL,PWRBIOCHNWM01,2023,0.4862
GLOBAL,PWRBIOCHNWM01,2024,0.4862
GLOBAL,PWRBIOCHNWM01,2025,0.4862
GLOBAL,PWRBIOCHNWM01,2026,0.4862
GLOBAL,PWRBIOCHNWM01,2027,0.4862
GLOBAL,PWRBIOCHNWM01,2028,0.4862
GLOBAL,PWRBIOCHNWM01,2029,0.4862
GLOBAL,PWRBIOCHNWM01,2030,0.4862
GLOBAL,PWRBIOCHNWM01,2031,0.4862
GLOBAL,PWRBIOCHNWM01,2032,0.0
GLOBAL,PWRBIOCHNWM01,2033,0.0
GLOBAL,PWRBIOCHNWM01,2034,0.0
GLOBAL,PWRBIOCHNWM01,2035,0.0
GLOBAL,PWRBIOCHNWM01,2036,0.0
GLOBAL,PWRBIOCHNWM01,2037,0.0
GLOBAL,PWRBIOCHNWM01,2038,0.0
GLOBAL,PWRBIOCHNWM01,2039,0.0
GLOBAL,PWRBIOCHNWM01,2040,0.0
GLOBAL,PWRBIOCHNWM01,2041,0.0
GLOBAL,PWRBIOCHNWM01,2042,0.0
GLOBAL,PWRBIOCHNWM01,2043,0.0
GLOBAL,PWRBIOCHNWM01,2044,0.0
GLOBAL,PWRBIOCHNWM01,2045,0.0
GLOBAL,PWRBIOCHNWM01,2046,0.0
GLOBAL,PWRBIOCHNWM01,2047,0.0
GLOBAL,PWRBIOCHNWM01,2048,0.0
GLOBAL,PWRBIOCHNWM01,2049,0.0
GLOBAL,PWRBIOCHNWM01,2050,0.0
GLOBAL,PWRCCGCHNWM00,2021,0.35
GLOBAL,PWRCCGCHNWM00,2022,0.35
GLOBAL,PWRCCGCHNWM00,2023,0.35
GLOBAL,PWRCCGCHNWM00,2024,0.35
GLOBAL,PWRCCGCHNWM00,2025,0.35
GLOBAL,PWRCCGCHNWM00,2026,0.35
GLOBAL,PWRCCGCHNWM00,2027,0.35
GLOBAL,PWRCCGCHNWM00,2028,0.35
GLOBAL,PWRCCGCHNWM00,2029,0.35
GLOBAL,PWRCCGCHNWM00,2030,0.35
GLOBAL,PWRCCGCHNWM00,2031,0.35
GLOBAL,PWRCCGCHNWM00,2032,0.35
GLOBAL,PWRCCGCHNWM00,2033,0.35
GLOBAL,PWRCCGCHNWM00,2034,0.35
GLOBAL,PWRCCGCHNWM00,2035,0.35
GLOBAL,PWRCCGCHNWM00,2036,0.35
GLOBAL,PWRCCGCHNWM00,2037,0.35
GLOBAL,PWRCCGCHNWM00,2038,0.35
GLOBAL,PWRCCGCHNWM00,2039,0.0
GLOBAL,PWRCCGCHNWM00,2040,0.0
GLOBAL,PWRCCGCHNWM00,2041,0.0
GLOBAL,PWRCCGCHNWM00,2042,0.0
GLOBAL,PWRCCGCHNWM00,2043,0.0
GLOBAL,PWRCCGCHNWM00,2044,0.0
GLOBAL,PWRCCGCHNWM00,2045,0.0
GLOBAL,PWRCCGCHNWM00,2046,0.0
GLOBAL,PWRCCGCHNWM00,2047,0.0
GLOBAL,PWRCCGCHNWM00,2048,0.0
GLOBAL,PWRCCGCHNWM00,2049,0.0
GLOBAL,PWRCCGCHNWM00,2050,0.0
GLOBAL,PWRCOACHNWM01,2021,56.1962
GLOBAL,PWRCOACHNWM01,2022,56.1962
GLOBAL,PWRCOACHNWM01,2023,55.3952
GLOBAL,PWRCOACHNWM01,2024,55.3952
GLOBAL,PWRCOACHNWM01,2025,55.3952
GLOBAL,PWRCOACHNWM01,2026,55.3952
GLOBAL,PWRCOACHNWM01,2027,55.3952
GLOBAL,PWRCOACHNWM01,2028,51.934
GLOBAL,PWRCOACHNWM01,2029,50.334
GLOBAL,PWRCOACHNWM01,2030,50.334
GLOBAL,PWRCOACHNWM01,2031,50.334
GLOBAL,PWRCOACHNWM01,2032,50.134
GLOBAL,PWRCOACHNWM01,2033,46.003
GLOBAL,PWRCOACHNWM01,2034,42.303
GLOBAL,PWRCOACHNWM01,2035,42.303
GLOBAL,PWRCOACHNWM01,2036,41.003
GLOBAL,PWRCOACHNWM01,2037,37.302
GLOBAL,PWRCOACHNWM01,2038,25.886
GLOBAL,PWRCOACHNWM01,2039,17.677
GLOBAL,PWRCOACHNWM01,2040,12.097
GLOBAL,PWRCOACHNWM01,2041,9.837
GLOBAL,PWRCOACHNWM01,2042,9.237
GLOBAL,PWRCOACHNWM01,2043,9.237
GLOBAL,PWRCOACHNWM01,2044,7.917
GLOBAL,PWRCOACHNWM01,2045,7.018
GLOBAL,PWRCOACHNWM01,2046,5.038
GLOBAL,PWRCOACHNWM01,2047,0.0
GLOBAL,PWRCOACHNWM01,2048,0.0
GLOBAL,PWRCOACHNWM01,2049,0.0
GLOBAL,PWRCOACHNWM01,2050,0.0
GLOBAL,PWRCSPCHNWM01,2021,0.05
GLOBAL,PWRCSPCHNWM01,2022,0.05
GLOBAL,PWRCSPCHNWM01,2023,0.05
GLOBAL,PWRCSPCHNWM01,2024,0.05
GLOBAL,PWRCSPCHNWM01,2025,0.05
GLOBAL,PWRCSPCHNWM01,2026,0.05
GLOBAL,PWRCSPCHNWM01,2027,0.05
GLOBAL,PWRCSPCHNWM01,2028,0.05
GLOBAL,PWRCSPCHNWM01,2029,0.05
GLOBAL,PWRCSPCHNWM01,2030,0.05
GLOBAL,PWRCSPCHNWM01,2031,0.05
GLOBAL,PWRCSPCHNWM01,2032,0.05
GLOBAL,PWRCSPCHNWM01,2033,0.05
GLOBAL,PWRCSPCHNWM01,2034,0.05
GLOBAL,PWRCSPCHNWM01,2035,0.05
GLOBAL,PWRCSPCHNWM01,2036,0.05
GLOBAL,PWRCSPCHNWM01,2037,0.05
GLOBAL,PWRCSPCHNWM01,2038,0.05
GLOBAL,PWRCSPCHNWM01,2039,0.05
GLOBAL,PWRCSPCHNWM01,2040,0.0
GLOBAL,PWRCSPCHNWM01,2041,0.0
GLOBAL,PWRCSPCHNWM01,2042,0.0
GLOBAL,PWRCSPCHNWM01,2043,0.0
GLOBAL,PWRCSPCHNWM01,2044,0.0
GLOBAL,PWRCSPCHNWM01,2045,0.0
GLOBAL,PWRCSPCHNWM01,2046,0.0
GLOBAL,PWRCSPCHNWM01,2047,0.0
GLOBAL,PWRCSPCHNWM01,2048,0.0
GLOBAL,PWRCSPCHNWM01,2049,0.0
GLOBAL,PWRCSPCHNWM01,2050,0.0
GLOBAL,PWRHYDCHNWM01,2021,1.4453
GLOBAL,PWRHYDCHNWM01,2022,1.4453
GLOBAL,PWRHYDCHNWM01,2023,1.4453
GLOBAL,PWRHYDCHNWM01,2024,1.4453
GLOBAL,PWRHYDCHNWM01,2025,1.4453
GLOBAL,PWRHYDCHNWM01,2026,1.4453
GLOBAL,PWRHYDCHNWM01,2027,1.4453
GLOBAL,PWRHYDCHNWM01,2028,1.4453
GLOBAL,PWRHYDCHNWM01,2029,1.4453
GLOBAL,PWRHYDCHNWM01,2030,1.4453
GLOBAL,PWRHYDCHNWM01,2031,1.4453
GLOBAL,PWRHYDCHNWM01,2032,1.4453
GLOBAL,PWRHYDCHNWM01,2033,1.4453
GLOBAL,PWRHYDCHNWM01,2034,1.4453
GLOBAL,PWRHYDCHNWM01,2035,1.4453
GLOBAL,PWRHYDCHNWM01,2036,1.4453
GLOBAL,PWRHYDCHNWM01,2037,1.4453
GLOBAL,PWRHYDCHNWM01,2038,1.4453
GLOBAL,PWRHYDCHNWM01,2039,1.4453
GLOBAL,PWRHYDCHNWM01,2040,1.4453
GLOBAL,PWRHYDCHNWM01,2041,1.4453
GLOBAL,PWRHYDCHNWM01,2042,1.4453
GLOBAL,PWRHYDCHNWM01,2043,1.4453
GLOBAL,PWRHYDCHNWM01,2044,1.4453
GLOBAL,PWRHYDCHNWM01,2045,1.4453
GLOBAL,PWRHYDCHNWM01,2046,1.4453
GLOBAL,PWRHYDCHNWM01,2047,1.4453
GLOBAL,PWRHYDCHNWM01,2048,1.4453
GLOBAL,PWRHYDCHNWM01,2049,1.4453
GLOBAL,PWRHYDCHNWM01,2050,1.4453
GLOBAL,PWROCGCHNWM00,2021,0.015
GLOBAL,PWROCGCHNWM00,2022,0.015
GLOBAL,PWROCGCHNWM00,2023,0.015
GLOBAL,PWROCGCHNWM00,2024,0.015
GLOBAL,PWROCGCHNWM00,2025,0.0
GLOBAL,PWROCGCHNWM00,2026,0.0
GLOBAL,PWROCGCHNWM00,2027,0.0
GLOBAL,PWROCGCHNWM00,2028,0.0
GLOBAL,PWROCGCHNWM00,2029,0.0
GLOBAL,PWROCGCHNWM00,2030,0.0
GLOBAL,PWROCGCHNWM00,2031,0.0
GLOBAL,PWROCGCHNWM00,2032,0.0
GLOBAL,PWROCGCHNWM00,2033,0.0
GLOBAL,PWROCGCHNWM00,2034,0.0
GLOBAL,PWROCGCHNWM00,2035,0.0
GLOBAL,PWROCGCHNWM00,2036,0.0
GLOBAL,PWROCGCHNWM00,2037,0.0
GLOBAL,PWROCGCHNWM00,2038,0.0
GLOBAL,PWROCGCHNWM00,2039,0.0
GLOBAL,PWROCGCHNWM00,2040,0.0
GLOBAL,PWROCGCHNWM00,2041,0.0
GLOBAL,PWROCGCHNWM00,2042,0.0
GLOBAL,PWROCGCHNWM00,2043,0.0
GLOBAL,PWROCGCHNWM00,2044,0.0
GLOBAL,PWROCGCHNWM00,2045,0.0
GLOBAL,PWROCGCHNWM00,2046,0.0
GLOBAL,PWROCGCHNWM00,2047,0.0
GLOBAL,PWROCGCHNWM00,2048,0.0
GLOBAL,PWROCGCHNWM00,2049,0.0
GLOBAL,PWROCGCHNWM00,2050,0.0
GLOBAL,PWRSPVCHNWM01,2021,4.5043
GLOBAL,PWRSPVCHNWM01,2022,4.5043
GLOBAL,PWRSPVCHNWM01,2023,4.5043
GLOBAL,PWRSPVCHNWM01,2024,4.5043
GLOBAL,PWRSPVCHNWM01,2025,4.5043
GLOBAL,PWRSPVCHNWM01,2026,4.5043
GLOBAL,PWRSPVCHNWM01,2027,4.5043
GLOBAL,PWRSPVCHNWM01,2028,4.5043
GLOBAL,PWRSPVCHNWM01,2029,4.5043
GLOBAL,PWRSPVCHNWM01,2030,4.5043
GLOBAL,PWRSPVCHNWM01,2031,4.5043
GLOBAL,PWRSPVCHNWM01,2032,4.5043
GLOBAL,PWRSPVCHNWM01,2033,4.5043
GLOBAL,PWRSPVCHNWM01,2034,4.5043
GLOBAL,PWRSPVCHNWM01,2035,4.5043
GLOBAL,PWRSPVCHNWM01,2036,4.5043
GLOBAL,PWRSPVCHNWM01,2037,4.5043
GLOBAL,PWRSPVCHNWM01,2038,4.5043
GLOBAL,PWRSPVCHNWM01,2039,4.5043
GLOBAL,PWRSPVCHNWM01,2040,4.5043
GLOBAL,PWRSPVCHNWM01,2041,4.5043
GLOBAL,PWRSPVCHNWM01,2042,4.5043
GLOBAL,PWRSPVCHNWM01,2043,4.5043
GLOBAL,PWRSPVCHNWM01,2044,4.5043
GLOBAL,PWRSPVCHNWM01,2045,0.0
GLOBAL,PWRSPVCHNWM01,2046,0.0
GLOBAL,PWRSPVCHNWM01,2047,0.0
GLOBAL,PWRSPVCHNWM01,2048,0.0
GLOBAL,PWRSPVCHNWM01,2049,0.0
GLOBAL,PWRSPVCHNWM01,2050,0.0
GLOBAL,PWRWONCHNWM01,2021,14.0553
GLOBAL,PWRWONCHNWM01,2022,14.0553
GLOBAL,PWRWONCHNWM01,2023,14.0553
GLOBAL,PWRWONCHNWM01,2024,14.0553
GLOBAL,PWRWONCHNWM01,2025,14.0553
GLOBAL,PWRWONCHNWM01,2026,14.0553
GLOBAL,PWRWONCHNWM01,2027,14.0553
GLOBAL,PWRWONCHNWM01,2028,14.0553
GLOBAL,PWRWONCHNWM01,2029,14.0553
GLOBAL,PWRWONCHNWM01,2030,14.0553
GLOBAL,PWRWONCHNWM01,2031,14.0553
GLOBAL,PWRWONCHNWM01,2032,14.0553
GLOBAL,PWRWONCHNWM01,2033,14.0553
GLOBAL,PWRWONCHNWM01,2034,14.0553
GLOBAL,PWRWONCHNWM01,2035,14.0553
GLOBAL,PWRWONCHNWM01,2036,14.0553
GLOBAL,PWRWONCHNWM01,2037,14.0553
GLOBAL,PWRWONCHNWM01,2038,14.0553
GLOBAL,PWRWONCHNWM01,2039,14.0553
GLOBAL,PWRWONCHNWM01,2040,0.0
GLOBAL,PWRWONCHNWM01,2041,0.0
GLOBAL,PWRWONCHNWM01,2042,0.0
GLOBAL,PWRWONCHNWM01,2043,0.0
GLOBAL,PWRWONCHNWM01,2044,0.0
GLOBAL,PWRWONCHNWM01,2045,0.0
GLOBAL,PWRWONCHNWM01,2046,0.0
GLOBAL,PWRWONCHNWM01,2047,0.0
GLOBAL,PWRWONCHNWM01,2048,0.0
GLOBAL,PWRWONCHNWM01,2049,0.0
GLOBAL,PWRWONCHNWM01,2050,0.0
GLOBAL,PWRBIOCHNXI01,2021,0.4711
GLOBAL,PWRBIOCHNXI01,2022,0.4711
GLOBAL,PWRBIOCHNXI01,2023,0.4711
GLOBAL,PWRBIOCHNXI01,2024,0.4711
GLOBAL,PWRBIOCHNXI01,2025,0.4711
GLOBAL,PWRBIOCHNXI01,2026,0.4711
GLOBAL,PWRBIOCHNXI01,2027,0.4711
GLOBAL,PWRBIOCHNXI01,2028,0.4711
GLOBAL,PWRBIOCHNXI01,2029,0.4711
GLOBAL,PWRBIOCHNXI01,2030,0.4711
GLOBAL,PWRBIOCHNXI01,2031,0.4711
GLOBAL,PWRBIOCHNXI01,2032,0.0
GLOBAL,PWRBIOCHNXI01,2033,0.0
GLOBAL,PWRBIOCHNXI01,2034,0.0
GLOBAL,PWRBIOCHNXI01,2035,0.0
GLOBAL,PWRBIOCHNXI01,2036,0.0
GLOBAL,PWRBIOCHNXI01,2037,0.0
GLOBAL,PWRBIOCHNXI01,2038,0.0
GLOBAL,PWRBIOCHNXI01,2039,0.0
GLOBAL,PWRBIOCHNXI01,2040,0.0
GLOBAL,PWRBIOCHNXI01,2041,0.0
GLOBAL,PWRBIOCHNXI01,2042,0.0
GLOBAL,PWRBIOCHNXI01,2043,0.0
GLOBAL,PWRBIOCHNXI01,2044,0.0
GLOBAL,PWRBIOCHNXI01,2045,0.0
GLOBAL,PWRBIOCHNXI01,2046,0.0
GLOBAL,PWRBIOCHNXI01,2047,0.0
GLOBAL,PWRBIOCHNXI01,2048,0.0
GLOBAL,PWRBIOCHNXI01,2049,0.0
GLOBAL,PWRBIOCHNXI01,2050,0.0
GLOBAL,PWRCOACHNXI01,2021,55.2804
GLOBAL,PWRCOACHNXI01,2022,55.2804
GLOBAL,PWRCOACHNXI01,2023,55.2804
GLOBAL,PWRCOACHNXI01,2024,55.2804
GLOBAL,PWRCOACHNXI01,2025,55.2804
GLOBAL,PWRCOACHNXI01,2026,55.2804
GLOBAL,PWRCOACHNXI01,2027,55.2804
GLOBAL,PWRCOACHNXI01,2028,52.813
GLOBAL,PWRCOACHNXI01,2029,52.813
GLOBAL,PWRCOACHNXI01,2030,52.813
GLOBAL,PWRCOACHNXI01,2031,51.793
GLOBAL,PWRCOACHNXI01,2032,51.643
GLOBAL,PWRCOACHNXI01,2033,50.742
GLOBAL,PWRCOACHNXI01,2034,50.447
GLOBAL,PWRCOACHNXI01,2035,50.447
GLOBAL,PWRCOACHNXI01,2036,49.787
GLOBAL,PWRCOACHNXI01,2037,49.267
GLOBAL,PWRCOACHNXI01,2038,48.791
GLOBAL,PWRCOACHNXI01,2039,48.491
GLOBAL,PWRCOACHNXI01,2040,47.771
GLOBAL,PWRCOACHNXI01,2041,46.331
GLOBAL,PWRCOACHNXI01,2042,41.549
GLOBAL,PWRCOACHNXI01,2043,35.767
GLOBAL,PWRCOACHNXI01,2044,28.227
GLOBAL,PWRCOACHNXI01,2045,16.38
GLOBAL,PWRCOACHNXI01,2046,9.355
GLOBAL,PWRCOACHNXI01,2047,4.038
GLOBAL,PWRCOACHNXI01,2048,0.0
GLOBAL,PWRCOACHNXI01,2049,0.0
GLOBAL,PWRCOACHNXI01,2050,0.0
GLOBAL,PWRHYDCHNXI01,2021,4.4736
GLOBAL,PWRHYDCHNXI01,2022,4.4736
GLOBAL,PWRHYDCHNXI01,2023,4.4736
GLOBAL,PWRHYDCHNXI01,2024,4.4736
GLOBAL,PWRHYDCHNXI01,2025,4.4736
GLOBAL,PWRHYDCHNXI01,2026,4.4736
GLOBAL,PWRHYDCHNXI01,2027,4.4736
GLOBAL,PWRHYDCHNXI01,2028,4.4736
GLOBAL,PWRHYDCHNXI01,2029,4.4736
GLOBAL,PWRHYDCHNXI01,2030,4.4736
GLOBAL,PWRHYDCHNXI01,2031,4.4736
GLOBAL,PWRHYDCHNXI01,2032,4.4736
GLOBAL,PWRHYDCHNXI01,2033,4.4736
GLOBAL,PWRHYDCHNXI01,2034,4.4736
GLOBAL,PWRHYDCHNXI01,2035,4.4736
GLOBAL,PWRHYDCHNXI01,2036,4.4736
GLOBAL,PWRHYDCHNXI01,2037,4.4736
GLOBAL,PWRHYDCHNXI01,2038,4.4736
GLOBAL,PWRHYDCHNXI01,2039,4.4736
GLOBAL,PWRHYDCHNXI01,2040,4.4736
GLOBAL,PWRHYDCHNXI01,2041,4.4736
GLOBAL,PWRHYDCHNXI01,2042,4.4736
GLOBAL,PWRHYDCHNXI01,2043,4.4736
GLOBAL,PWRHYDCHNXI01,2044,4.4736
GLOBAL,PWRHYDCHNXI01,2045,4.4736
GLOBAL,PWRHYDCHNXI01,2046,4.4736
GLOBAL,PWRHYDCHNXI01,2047,4.4736
GLOBAL,PWRHYDCHNXI01,2048,4.4736
GLOBAL,PWRHYDCHNXI01,2049,4.4736
GLOBAL,PWRHYDCHNXI01,2050,4.4736
GLOBAL,PWROCGCHNXI00,2021,0.008
GLOBAL,PWROCGCHNXI00,2022,0.008
GLOBAL,PWROCGCHNXI00,2023,0.008
GLOBAL,PWROCGCHNXI00,2024,0.008
GLOBAL,PWROCGCHNXI00,2025,0.0
GLOBAL,PWROCGCHNXI00,2026,0.0
GLOBAL,PWROCGCHNXI00,2027,0.0
GLOBAL,PWROCGCHNXI00,2028,0.0
GLOBAL,PWROCGCHNXI00,2029,0.0
GLOBAL,PWROCGCHNXI00,2030,0.0
GLOBAL,PWROCGCHNXI00,2031,0.0
GLOBAL,PWROCGCHNXI00,2032,0.0
GLOBAL,PWROCGCHNXI00,2033,0.0
GLOBAL,PWROCGCHNXI00,2034,0.0
GLOBAL,PWROCGCHNXI00,2035,0.0
GLOBAL,PWROCGCHNXI00,2036,0.0
GLOBAL,PWROCGCHNXI00,2037,0.0
GLOBAL,PWROCGCHNXI00,2038,0.0
GLOBAL,PWROCGCHNXI00,2039,0.0
GLOBAL,PWROCGCHNXI00,2040,0.0
GLOBAL,PWROCGCHNXI00,2041,0.0
GLOBAL,PWROCGCHNXI00,2042,0.0
GLOBAL,PWROCGCHNXI00,2043,0.0
GLOBAL,PWROCGCHNXI00,2044,0.0
GLOBAL,PWROCGCHNXI00,2045,0.0
GLOBAL,PWROCGCHNXI00,2046,0.0
GLOBAL,PWROCGCHNXI00,2047,0.0
GLOBAL,PWROCGCHNXI00,2048,0.0
GLOBAL,PWROCGCHNXI00,2049,0.0
GLOBAL,PWROCGCHNXI00,2050,0.0
GLOBAL,PWRSPVCHNXI01,2021,4.5043
GLOBAL,PWRSPVCHNXI01,2022,4.5043
GLOBAL,PWRSPVCHNXI01,2023,4.5043
GLOBAL,PWRSPVCHNXI01,2024,4.5043
GLOBAL,PWRSPVCHNXI01,2025,4.5043
GLOBAL,PWRSPVCHNXI01,2026,4.5043
GLOBAL,PWRSPVCHNXI01,2027,4.5043
GLOBAL,PWRSPVCHNXI01,2028,4.5043
GLOBAL,PWRSPVCHNXI01,2029,4.5043
GLOBAL,PWRSPVCHNXI01,2030,4.5043
GLOBAL,PWRSPVCHNXI01,2031,4.5043
GLOBAL,PWRSPVCHNXI01,2032,4.5043
GLOBAL,PWRSPVCHNXI01,2033,4.5043
GLOBAL,PWRSPVCHNXI01,2034,4.5043
GLOBAL,PWRSPVCHNXI01,2035,4.5043
GLOBAL,PWRSPVCHNXI01,2036,4.5043
GLOBAL,PWRSPVCHNXI01,2037,4.5043
GLOBAL,PWRSPVCHNXI01,2038,4.5043
GLOBAL,PWRSPVCHNXI01,2039,4.5043
GLOBAL,PWRSPVCHNXI01,2040,4.5043
GLOBAL,PWRSPVCHNXI01,2041,4.5043
GLOBAL,PWRSPVCHNXI01,2042,4.5043
GLOBAL,PWRSPVCHNXI01,2043,4.5043
GLOBAL,PWRSPVCHNXI01,2044,4.5043
GLOBAL,PWRSPVCHNXI01,2045,0.0
GLOBAL,PWRSPVCHNXI01,2046,0.0
GLOBAL,PWRSPVCHNXI01,2047,0.0
GLOBAL,PWRSPVCHNXI01,2048,0.0
GLOBAL,PWRSPVCHNXI01,2049,0.0
GLOBAL,PWRSPVCHNXI01,2050,0.0
GLOBAL,PWRWONCHNXI01,2021,5.3933
GLOBAL,PWRWONCHNXI01,2022,5.3933
GLOBAL,PWRWONCHNXI01,2023,5.3933
GLOBAL,PWRWONCHNXI01,2024,5.3933
GLOBAL,PWRWONCHNXI01,2025,5.3933
GLOBAL,PWRWONCHNXI01,2026,5.3933
GLOBAL,PWRWONCHNXI01,2027,5.3933
GLOBAL,PWRWONCHNXI01,2028,5.3933
GLOBAL,PWRWONCHNXI01,2029,5.3933
GLOBAL,PWRWONCHNXI01,2030,5.3933
GLOBAL,PWRWONCHNXI01,2031,5.3933
GLOBAL,PWRWONCHNXI01,2032,5.3933
GLOBAL,PWRWONCHNXI01,2033,5.3933
GLOBAL,PWRWONCHNXI01,2034,5.3933
GLOBAL,PWRWONCHNXI01,2035,5.3933
GLOBAL,PWRWONCHNXI01,2036,5.3933
GLOBAL,PWRWONCHNXI01,2037,5.3933
GLOBAL,PWRWONCHNXI01,2038,5.3933
GLOBAL,PWRWONCHNXI01,2039,5.3933
GLOBAL,PWRWONCHNXI01,2040,0.0
GLOBAL,PWRWONCHNXI01,2041,0.0
GLOBAL,PWRWONCHNXI01,2042,0.0
GLOBAL,PWRWONCHNXI01,2043,0.0
GLOBAL,PWRWONCHNXI01,2044,0.0
GLOBAL,PWRWONCHNXI01,2045,0.0
GLOBAL,PWRWONCHNXI01,2046,0.0
GLOBAL,PWRWONCHNXI01,2047,0.0
GLOBAL,PWRWONCHNXI01,2048,0.0
GLOBAL,PWRWONCHNXI01,2049,0.0
GLOBAL,PWRWONCHNXI01,2050,0.0
GLOBAL,PWRBIOCHNYU01,2021,0.4717
GLOBAL,PWRBIOCHNYU01,2022,0.4717
GLOBAL,PWRBIOCHNYU01,2023,0.4717
GLOBAL,PWRBIOCHNYU01,2024,0.4717
GLOBAL,PWRBIOCHNYU01,2025,0.4717
GLOBAL,PWRBIOCHNYU01,2026,0.4717
GLOBAL,PWRBIOCHNYU01,2027,0.4717
GLOBAL,PWRBIOCHNYU01,2028,0.4717
GLOBAL,PWRBIOCHNYU01,2029,0.4717
GLOBAL,PWRBIOCHNYU01,2030,0.4717
GLOBAL,PWRBIOCHNYU01,2031,0.4717
GLOBAL,PWRBIOCHNYU01,2032,0.0
GLOBAL,PWRBIOCHNYU01,2033,0.0
GLOBAL,PWRBIOCHNYU01,2034,0.0
GLOBAL,PWRBIOCHNYU01,2035,0.0
GLOBAL,PWRBIOCHNYU01,2036,0.0
GLOBAL,PWRBIOCHNYU01,2037,0.0
GLOBAL,PWRBIOCHNYU01,2038,0.0
GLOBAL,PWRBIOCHNYU01,2039,0.0
GLOBAL,PWRBIOCHNYU01,2040,0.0
GLOBAL,PWRBIOCHNYU01,2041,0.0
GLOBAL,PWRBIOCHNYU01,2042,0.0
GLOBAL,PWRBIOCHNYU01,2043,0.0
GLOBAL,PWRBIOCHNYU01,2044,0.0
GLOBAL,PWRBIOCHNYU01,2045,0.0
GLOBAL,PWRBIOCHNYU01,2046,0.0
GLOBAL,PWRBIOCHNYU01,2047,0.0
GLOBAL,PWRBIOCHNYU01,2048,0.0
GLOBAL,PWRBIOCHNYU01,2049,0.0
GLOBAL,PWRBIOCHNYU01,2050,0.0
GLOBAL,PWRCOACHNYU01,2021,13.5639
GLOBAL,PWRCOACHNYU01,2022,13.5639
GLOBAL,PWRCOACHNYU01,2023,13.5639
GLOBAL,PWRCOACHNYU01,2024,13.5639
GLOBAL,PWRCOACHNYU01,2025,13.5639
GLOBAL,PWRCOACHNYU01,2026,13.5639
GLOBAL,PWRCOACHNYU01,2027,13.5639
GLOBAL,PWRCOACHNYU01,2028,12.535
GLOBAL,PWRCOACHNYU01,2029,12.535
GLOBAL,PWRCOACHNYU01,2030,11.935
GLOBAL,PWRCOACHNYU01,2031,10.735
GLOBAL,PWRCOACHNYU01,2032,10.135
GLOBAL,PWRCOACHNYU01,2033,10.135
GLOBAL,PWRCOACHNYU01,2034,8.335
GLOBAL,PWRCOACHNYU01,2035,7.335
GLOBAL,PWRCOACHNYU01,2036,7.335
GLOBAL,PWRCOACHNYU01,2037,6.735
GLOBAL,PWRCOACHNYU01,2038,4.335
GLOBAL,PWRCOACHNYU01,2039,3.6
GLOBAL,PWRCOACHNYU01,2040,3.6
GLOBAL,PWRCOACHNYU01,2041,2.4
GLOBAL,PWRCOACHNYU01,2042,2.4
GLOBAL,PWRCOACHNYU01,2043,0.0
GLOBAL,PWRCOACHNYU01,2044,0.0
GLOBAL,PWRCOACHNYU01,2045,0.0
GLOBAL,PWRCOACHNYU01,2046,0.0
GLOBAL,PWRCOACHNYU01,2047,0.0
GLOBAL,PWRCOACHNYU01,2048,0.0
GLOBAL,PWRCOACHNYU01,2049,0.0
GLOBAL,PWRCOACHNYU01,2050,0.0
GLOBAL,PWRHYDCHNYU01,2021,53.3476
GLOBAL,PWRHYDCHNYU01,2022,53.3476
GLOBAL,PWRHYDCHNYU01,2023,53.3476
GLOBAL,PWRHYDCHNYU01,2024,53.3476
GLOBAL,PWRHYDCHNYU01,2025,53.3476
GLOBAL,PWRHYDCHNYU01,2026,53.3476
GLOBAL,PWRHYDCHNYU01,2027,53.3476
GLOBAL,PWRHYDCHNYU01,2028,53.3476
GLOBAL,PWRHYDCHNYU01,2029,53.3476
GLOBAL,PWRHYDCHNYU01,2030,53.3476
GLOBAL,PWRHYDCHNYU01,2031,53.3476
GLOBAL,PWRHYDCHNYU01,2032,53.3476
GLOBAL,PWRHYDCHNYU01,2033,53.3476
GLOBAL,PWRHYDCHNYU01,2034,53.3476
GLOBAL,PWRHYDCHNYU01,2035,53.3476
GLOBAL,PWRHYDCHNYU01,2036,53.3476
GLOBAL,PWRHYDCHNYU01,2037,53.3476
GLOBAL,PWRHYDCHNYU01,2038,53.3476
GLOBAL,PWRHYDCHNYU01,2039,53.3476
GLOBAL,PWRHYDCHNYU01,2040,53.3476
GLOBAL,PWRHYDCHNYU01,2041,53.3476
GLOBAL,PWRHYDCHNYU01,2042,53.3476
GLOBAL,PWRHYDCHNYU01,2043,53.3476
GLOBAL,PWRHYDCHNYU01,2044,53.3476
GLOBAL,PWRHYDCHNYU01,2045,53.3476
GLOBAL,PWRHYDCHNYU01,2046,53.3476
GLOBAL,PWRHYDCHNYU01,2047,53.3476
GLOBAL,PWRHYDCHNYU01,2048,53.3476
GLOBAL,PWRHYDCHNYU01,2049,53.3476
GLOBAL,PWRHYDCHNYU01,2050,53.3476
GLOBAL,PWROCGCHNYU00,2021,0.003
GLOBAL,PWROCGCHNYU00,2022,0.003
GLOBAL,PWROCGCHNYU00,2023,0.003
GLOBAL,PWROCGCHNYU00,2024,0.003
GLOBAL,PWROCGCHNYU00,2025,0.0
GLOBAL,PWROCGCHNYU00,2026,0.0
GLOBAL,PWROCGCHNYU00,2027,0.0
GLOBAL,PWROCGCHNYU00,2028,0.0
GLOBAL,PWROCGCHNYU00,2029,0.0
GLOBAL,PWROCGCHNYU00,2030,0.0
GLOBAL,PWROCGCHNYU00,2031,0.0
GLOBAL,PWROCGCHNYU00,2032,0.0
GLOBAL,PWROCGCHNYU00,2033,0.0
GLOBAL,PWROCGCHNYU00,2034,0.0
GLOBAL,PWROCGCHNYU00,2035,0.0
GLOBAL,PWROCGCHNYU00,2036,0.0
GLOBAL,PWROCGCHNYU00,2037,0.0
GLOBAL,PWROCGCHNYU00,2038,0.0
GLOBAL,PWROCGCHNYU00,2039,0.0
GLOBAL,PWROCGCHNYU00,2040,0.0
GLOBAL,PWROCGCHNYU00,2041,0.0
GLOBAL,PWROCGCHNYU00,2042,0.0
GLOBAL,PWROCGCHNYU00,2043,0.0
GLOBAL,PWROCGCHNYU00,2044,0.0
GLOBAL,PWROCGCHNYU00,2045,0.0
GLOBAL,PWROCGCHNYU00,2046,0.0
GLOBAL,PWROCGCHNYU00,2047,0.0
GLOBAL,PWROCGCHNYU00,2048,0.0
GLOBAL,PWROCGCHNYU00,2049,0.0
GLOBAL,PWROCGCHNYU00,2050,0.0
GLOBAL,PWRSPVCHNYU01,2021,4.7446
GLOBAL,PWRSPVCHNYU01,2022,4.7446
GLOBAL,PWRSPVCHNYU01,2023,4.7446
GLOBAL,PWRSPVCHNYU01,2024,4.7446
GLOBAL,PWRSPVCHNYU01,2025,4.7446
GLOBAL,PWRSPVCHNYU01,2026,4.7446
GLOBAL,PWRSPVCHNYU01,2027,4.7446
GLOBAL,PWRSPVCHNYU01,2028,4.7446
GLOBAL,PWRSPVCHNYU01,2029,4.7446
GLOBAL,PWRSPVCHNYU01,2030,4.7446
GLOBAL,PWRSPVCHNYU01,2031,4.7446
GLOBAL,PWRSPVCHNYU01,2032,4.7446
GLOBAL,PWRSPVCHNYU01,2033,4.7446
GLOBAL,PWRSPVCHNYU01,2034,4.7446
GLOBAL,PWRSPVCHNYU01,2035,4.7446
GLOBAL,PWRSPVCHNYU01,2036,4.7446
GLOBAL,PWRSPVCHNYU01,2037,4.7446
GLOBAL,PWRSPVCHNYU01,2038,4.7446
GLOBAL,PWRSPVCHNYU01,2039,4.7446
GLOBAL,PWRSPVCHNYU01,2040,4.7446
GLOBAL,PWRSPVCHNYU01,2041,4.7446
GLOBAL,PWRSPVCHNYU01,2042,4.6446
GLOBAL,PWRSPVCHNYU01,2043,4.6446
GLOBAL,PWRSPVCHNYU01,2044,4.6446
GLOBAL,PWRSPVCHNYU01,2045,0.0
GLOBAL,PWRSPVCHNYU01,2046,0.0
GLOBAL,PWRSPVCHNYU01,2047,0.0
GLOBAL,PWRSPVCHNYU01,2048,0.0
GLOBAL,PWRSPVCHNYU01,2049,0.0
GLOBAL,PWRSPVCHNYU01,2050,0.0
GLOBAL,PWRWONCHNYU01,2021,3.229
GLOBAL,PWRWONCHNYU01,2022,3.229
GLOBAL,PWRWONCHNYU01,2023,3.229
GLOBAL,PWRWONCHNYU01,2024,3.229
GLOBAL,PWRWONCHNYU01,2025,3.229
GLOBAL,PWRWONCHNYU01,2026,3.229
GLOBAL,PWRWONCHNYU01,2027,3.229
GLOBAL,PWRWONCHNYU01,2028,3.229
GLOBAL,PWRWONCHNYU01,2029,3.229
GLOBAL,PWRWONCHNYU01,2030,3.229
GLOBAL,PWRWONCHNYU01,2031,3.229
GLOBAL,PWRWONCHNYU01,2032,3.229
GLOBAL,PWRWONCHNYU01,2033,3.229
GLOBAL,PWRWONCHNYU01,2034,3.229
GLOBAL,PWRWONCHNYU01,2035,3.229
GLOBAL,PWRWONCHNYU01,2036,3.229
GLOBAL,PWRWONCHNYU01,2037,3.229
GLOBAL,PWRWONCHNYU01,2038,3.229
GLOBAL,PWRWONCHNYU01,2039,3.229
GLOBAL,PWRWONCHNYU01,2040,0.0
GLOBAL,PWRWONCHNYU01,2041,0.0
GLOBAL,PWRWONCHNYU01,2042,0.0
GLOBAL,PWRWONCHNYU01,2043,0.0
GLOBAL,PWRWONCHNYU01,2044,0.0
GLOBAL,PWRWONCHNYU01,2045,0.0
GLOBAL,PWRWONCHNYU01,2046,0.0
GLOBAL,PWRWONCHNYU01,2047,0.0
GLOBAL,PWRWONCHNYU01,2048,0.0
GLOBAL,PWRWONCHNYU01,2049,0.0
GLOBAL,PWRWONCHNYU01,2050,0.0
GLOBAL,PWRBIOCHNZH01,2021,0.479
GLOBAL,PWRBIOCHNZH01,2022,0.479
GLOBAL,PWRBIOCHNZH01,2023,0.479
GLOBAL,PWRBIOCHNZH01,2024,0.479
GLOBAL,PWRBIOCHNZH01,2025,0.479
GLOBAL,PWRBIOCHNZH01,2026,0.479
GLOBAL,PWRBIOCHNZH01,2027,0.479
GLOBAL,PWRBIOCHNZH01,2028,0.479
GLOBAL,PWRBIOCHNZH01,2029,0.479
GLOBAL,PWRBIOCHNZH01,2030,0.479
GLOBAL,PWRBIOCHNZH01,2031,0.479
GLOBAL,PWRBIOCHNZH01,2032,0.0
GLOBAL,PWRBIOCHNZH01,2033,0.0
GLOBAL,PWRBIOCHNZH01,2034,0.0
GLOBAL,PWRBIOCHNZH01,2035,0.0
GLOBAL,PWRBIOCHNZH01,2036,0.0
GLOBAL,PWRBIOCHNZH01,2037,0.0
GLOBAL,PWRBIOCHNZH01,2038,0.0
GLOBAL,PWRBIOCHNZH01,2039,0.0
GLOBAL,PWRBIOCHNZH01,2040,0.0
GLOBAL,PWRBIOCHNZH01,2041,0.0
GLOBAL,PWRBIOCHNZH01,2042,0.0
GLOBAL,PWRBIOCHNZH01,2043,0.0
GLOBAL,PWRBIOCHNZH01,2044,0.0
GLOBAL,PWRBIOCHNZH01,2045,0.0
GLOBAL,PWRBIOCHNZH01,2046,0.0
GLOBAL,PWRBIOCHNZH01,2047,0.0
GLOBAL,PWRBIOCHNZH01,2048,0.0
GLOBAL,PWRBIOCHNZH01,2049,0.0
GLOBAL,PWRBIOCHNZH01,2050,0.0
GLOBAL,PWRCCGCHNZH00,2021,5.744
GLOBAL,PWRCCGCHNZH00,2022,5.744
GLOBAL,PWRCCGCHNZH00,2023,5.744
GLOBAL,PWRCCGCHNZH00,2024,5.744
GLOBAL,PWRCCGCHNZH00,2025,1.17
GLOBAL,PWRCCGCHNZH00,2026,1.17
GLOBAL,PWRCCGCHNZH00,2027,1.17
GLOBAL,PWRCCGCHNZH00,2028,1.17
GLOBAL,PWRCCGCHNZH00,2029,1.17
GLOBAL,PWRCCGCHNZH00,2030,1.17
GLOBAL,PWRCCGCHNZH00,2031,1.17
GLOBAL,PWRCCGCHNZH00,2032,1.17
GLOBAL,PWRCCGCHNZH00,2033,1.17
GLOBAL,PWRCCGCHNZH00,2034,1.17
GLOBAL,PWRCCGCHNZH00,2035,1.17
GLOBAL,PWRCCGCHNZH00,2036,0.0
GLOBAL,PWRCCGCHNZH00,2037,0.0
GLOBAL,PWRCCGCHNZH00,2038,0.0
GLOBAL,PWRCCGCHNZH00,2039,0.0
GLOBAL,PWRCCGCHNZH00,2040,0.0
GLOBAL,PWRCCGCHNZH00,2041,0.0
GLOBAL,PWRCCGCHNZH00,2042,0.0
GLOBAL,PWRCCGCHNZH00,2043,0.0
GLOBAL,PWRCCGCHNZH00,2044,0.0
GLOBAL,PWRCCGCHNZH00,2045,0.0
GLOBAL,PWRCCGCHNZH00,2046,0.0
GLOBAL,PWRCCGCHNZH00,2047,0.0
GLOBAL,PWRCCGCHNZH00,2048,0.0
GLOBAL,PWRCCGCHNZH00,2049,0.0
GLOBAL,PWRCCGCHNZH00,2050,0.0
GLOBAL,PWRCOACHNZH01,2021,45.0968
GLOBAL,PWRCOACHNZH01,2022,45.0968
GLOBAL,PWRCOACHNZH01,2023,45.0968
GLOBAL,PWRCOACHNZH01,2024,45.0968
GLOBAL,PWRCOACHNZH01,2025,45.0968
GLOBAL,PWRCOACHNZH01,2026,43.8368
GLOBAL,PWRCOACHNZH01,2027,43.8368
GLOBAL,PWRCOACHNZH01,2028,41.127
GLOBAL,PWRCOACHNZH01,2029,41.127
GLOBAL,PWRCOACHNZH01,2030,41.127
GLOBAL,PWRCOACHNZH01,2031,41.127
GLOBAL,PWRCOACHNZH01,2032,40.849
GLOBAL,PWRCOACHNZH01,2033,35.467
GLOBAL,PWRCOACHNZH01,2034,34.606
GLOBAL,PWRCOACHNZH01,2035,33.406
GLOBAL,PWRCOACHNZH01,2036,32.956
GLOBAL,PWRCOACHNZH01,2037,21.274
GLOBAL,PWRCOACHNZH01,2038,14.359
GLOBAL,PWRCOACHNZH01,2039,11.559
GLOBAL,PWRCOACHNZH01,2040,8.127
GLOBAL,PWRCOACHNZH01,2041,8.127
GLOBAL,PWRCOACHNZH01,2042,6.807
GLOBAL,PWRCOACHNZH01,2043,6.807
GLOBAL,PWRCOACHNZH01,2044,6.006
GLOBAL,PWRCOACHNZH01,2045,2.002
GLOBAL,PWRCOACHNZH01,2046,0.0
GLOBAL,PWRCOACHNZH01,2047,0.0
GLOBAL,PWRCOACHNZH01,2048,0.0
GLOBAL,PWRCOACHNZH01,2049,0.0
GLOBAL,PWRCOACHNZH01,2050,0.0
GLOBAL,PWRHYDCHNZH01,2021,6.8682
GLOBAL,PWRHYDCHNZH01,2022,6.8682
GLOBAL,PWRHYDCHNZH01,2023,6.8682
GLOBAL,PWRHYDCHNZH01,2024,6.8682
GLOBAL,PWRHYDCHNZH01,2025,6.8682
GLOBAL,PWRHYDCHNZH01,2026,6.8682
GLOBAL,PWRHYDCHNZH01,2027,6.8682
GLOBAL,PWRHYDCHNZH01,2028,6.8682
GLOBAL,PWRHYDCHNZH01,2029,6.8682
GLOBAL,PWRHYDCHNZH01,2030,6.8682
GLOBAL,PWRHYDCHNZH01,2031,6.8682
GLOBAL,PWRHYDCHNZH01,2032,6.8682
GLOBAL,PWRHYDCHNZH01,2033,6.8682
GLOBAL,PWRHYDCHNZH01,2034,6.8682
GLOBAL,PWRHYDCHNZH01,2035,6.8682
GLOBAL,PWRHYDCHNZH01,2036,6.8682
GLOBAL,PWRHYDCHNZH01,2037,6.8682
GLOBAL,PWRHYDCHNZH01,2038,6.8682
GLOBAL,PWRHYDCHNZH01,2039,6.8682
GLOBAL,PWRHYDCHNZH01,2040,6.8682
GLOBAL,PWRHYDCHNZH01,2041,6.8682
GLOBAL,PWRHYDCHNZH01,2042,6.8682
GLOBAL,PWRHYDCHNZH01,2043,6.8682
GLOBAL,PWRHYDCHNZH01,2044,6.8682
GLOBAL,PWRHYDCHNZH01,2045,6.8682
GLOBAL,PWRHYDCHNZH01,2046,6.8682
GLOBAL,PWRHYDCHNZH01,2047,6.8682
GLOBAL,PWRHYDCHNZH01,2048,6.8682
GLOBAL,PWRHYDCHNZH01,2049,6.8682
GLOBAL,PWRHYDCHNZH01,2050,6.8682
GLOBAL,PWROCGCHNZH00,2021,0.135
GLOBAL,PWROCGCHNZH00,2022,0.135
GLOBAL,PWROCGCHNZH00,2023,0.135
GLOBAL,PWROCGCHNZH00,2024,0.135
GLOBAL,PWROCGCHNZH00,2025,0.0
GLOBAL,PWROCGCHNZH00,2026,0.0
GLOBAL,PWROCGCHNZH00,2027,0.0
GLOBAL,PWROCGCHNZH00,2028,0.0
GLOBAL,PWROCGCHNZH00,2029,0.0
GLOBAL,PWROCGCHNZH00,2030,0.0
GLOBAL,PWROCGCHNZH00,2031,0.0
GLOBAL,PWROCGCHNZH00,2032,0.0
GLOBAL,PWROCGCHNZH00,2033,0.0
GLOBAL,PWROCGCHNZH00,2034,0.0
GLOBAL,PWROCGCHNZH00,2035,0.0
GLOBAL,PWROCGCHNZH00,2036,0.0
GLOBAL,PWROCGCHNZH00,2037,0.0
GLOBAL,PWROCGCHNZH00,2038,0.0
GLOBAL,PWROCGCHNZH00,2039,0.0
GLOBAL,PWROCGCHNZH00,2040,0.0
GLOBAL,PWROCGCHNZH00,2041,0.0
GLOBAL,PWROCGCHNZH00,2042,0.0
GLOBAL,PWROCGCHNZH00,2043,0.0
GLOBAL,PWROCGCHNZH00,2044,0.0
GLOBAL,PWROCGCHNZH00,2045,0.0
GLOBAL,PWROCGCHNZH00,2046,0.0
GLOBAL,PWROCGCHNZH00,2047,0.0
GLOBAL,PWROCGCHNZH00,2048,0.0
GLOBAL,PWROCGCHNZH00,2049,0.0
GLOBAL,PWROCGCHNZH00,2050,0.0
GLOBAL,PWRURNCHNZH01,2021,6.126
GLOBAL,PWRURNCHNZH01,2022,6.126
GLOBAL,PWRURNCHNZH01,2023,6.126
GLOBAL,PWRURNCHNZH01,2024,6.126
GLOBAL,PWRURNCHNZH01,2025,6.126
GLOBAL,PWRURNCHNZH01,2026,6.126
GLOBAL,PWRURNCHNZH01,2027,6.126
GLOBAL,PWRURNCHNZH01,2028,6.126
GLOBAL,PWRURNCHNZH01,2029,6.126
GLOBAL,PWRURNCHNZH01,2030,6.126
GLOBAL,PWRURNCHNZH01,2031,6.126
GLOBAL,PWRURNCHNZH01,2032,6.126
GLOBAL,PWRURNCHNZH01,2033,6.126
GLOBAL,PWRURNCHNZH01,2034,6.126
GLOBAL,PWRURNCHNZH01,2035,6.126
GLOBAL,PWRURNCHNZH01,2036,6.126
GLOBAL,PWRURNCHNZH01,2037,6.126
GLOBAL,PWRURNCHNZH01,2038,6.126
GLOBAL,PWRURNCHNZH01,2039,6.126
GLOBAL,PWRURNCHNZH01,2040,6.126
GLOBAL,PWRURNCHNZH01,2041,6.126
GLOBAL,PWRURNCHNZH01,2042,6.126
GLOBAL,PWRURNCHNZH01,2043,6.126
GLOBAL,PWRURNCHNZH01,2044,6.126
GLOBAL,PWRURNCHNZH01,2045,0.0
GLOBAL,PWRURNCHNZH01,2046,0.0
GLOBAL,PWRURNCHNZH01,2047,0.0
GLOBAL,PWRURNCHNZH01,2048,0.0
GLOBAL,PWRURNCHNZH01,2049,0.0
GLOBAL,PWRURNCHNZH01,2050,0.0
GLOBAL,PWRWONCHNZH01,2021,0.5961
GLOBAL,PWRWONCHNZH01,2022,0.5961
GLOBAL,PWRWONCHNZH01,2023,0.5961
GLOBAL,PWRWONCHNZH01,2024,0.5961
GLOBAL,PWRWONCHNZH01,2025,0.5961
GLOBAL,PWRWONCHNZH01,2026,0.5961
GLOBAL,PWRWONCHNZH01,2027,0.5961
GLOBAL,PWRWONCHNZH01,2028,0.5961
GLOBAL,PWRWONCHNZH01,2029,0.5961
GLOBAL,PWRWONCHNZH01,2030,0.5961
GLOBAL,PWRWONCHNZH01,2031,0.5961
GLOBAL,PWRWONCHNZH01,2032,0.5961
GLOBAL,PWRWONCHNZH01,2033,0.5961
GLOBAL,PWRWONCHNZH01,2034,0.5961
GLOBAL,PWRWONCHNZH01,2035,0.5961
GLOBAL,PWRWONCHNZH01,2036,0.5961
GLOBAL,PWRWONCHNZH01,2037,0.5961
GLOBAL,PWRWONCHNZH01,2038,0.5961
GLOBAL,PWRWONCHNZH01,2039,0.5961
GLOBAL,PWRWONCHNZH01,2040,0.0
GLOBAL,PWRWONCHNZH01,2041,0.0
GLOBAL,PWRWONCHNZH01,2042,0.0
GLOBAL,PWRWONCHNZH01,2043,0.0
GLOBAL,PWRWONCHNZH01,2044,0.0
GLOBAL,PWRWONCHNZH01,2045,0.0
GLOBAL,PWRWONCHNZH01,2046,0.0
GLOBAL,PWRWONCHNZH01,2047,0.0
GLOBAL,PWRWONCHNZH01,2048,0.0
GLOBAL,PWRWONCHNZH01,2049,0.0
GLOBAL,PWRWONCHNZH01,2050,0.0
GLOBAL,PWRCCGCIVXX00,2021,1.12
GLOBAL,PWRCCGCIVXX00,2022,1.12
GLOBAL,PWRCCGCIVXX00,2023,1.12
GLOBAL,PWRCCGCIVXX00,2024,1.12
GLOBAL,PWRCCGCIVXX00,2025,0.0
GLOBAL,PWRCCGCIVXX00,2026,0.0
GLOBAL,PWRCCGCIVXX00,2027,0.0
GLOBAL,PWRCCGCIVXX00,2028,0.0
GLOBAL,PWRCCGCIVXX00,2029,0.0
GLOBAL,PWRCCGCIVXX00,2030,0.0
GLOBAL,PWRCCGCIVXX00,2031,0.0
GLOBAL,PWRCCGCIVXX00,2032,0.0
GLOBAL,PWRCCGCIVXX00,2033,0.0
GLOBAL,PWRCCGCIVXX00,2034,0.0
GLOBAL,PWRCCGCIVXX00,2035,0.0
GLOBAL,PWRCCGCIVXX00,2036,0.0
GLOBAL,PWRCCGCIVXX00,2037,0.0
GLOBAL,PWRCCGCIVXX00,2038,0.0
GLOBAL,PWRCCGCIVXX00,2039,0.0
GLOBAL,PWRCCGCIVXX00,2040,0.0
GLOBAL,PWRCCGCIVXX00,2041,0.0
GLOBAL,PWRCCGCIVXX00,2042,0.0
GLOBAL,PWRCCGCIVXX00,2043,0.0
GLOBAL,PWRCCGCIVXX00,2044,0.0
GLOBAL,PWRCCGCIVXX00,2045,0.0
GLOBAL,PWRCCGCIVXX00,2046,0.0
GLOBAL,PWRCCGCIVXX00,2047,0.0
GLOBAL,PWRCCGCIVXX00,2048,0.0
GLOBAL,PWRCCGCIVXX00,2049,0.0
GLOBAL,PWRCCGCIVXX00,2050,0.0
GLOBAL,PWRHYDCIVXX01,2021,0.599
GLOBAL,PWRHYDCIVXX01,2022,0.599
GLOBAL,PWRHYDCIVXX01,2023,0.599
GLOBAL,PWRHYDCIVXX01,2024,0.599
GLOBAL,PWRHYDCIVXX01,2025,0.599
GLOBAL,PWRHYDCIVXX01,2026,0.599
GLOBAL,PWRHYDCIVXX01,2027,0.599
GLOBAL,PWRHYDCIVXX01,2028,0.599
GLOBAL,PWRHYDCIVXX01,2029,0.599
GLOBAL,PWRHYDCIVXX01,2030,0.599
GLOBAL,PWRHYDCIVXX01,2031,0.599
GLOBAL,PWRHYDCIVXX01,2032,0.599
GLOBAL,PWRHYDCIVXX01,2033,0.599
GLOBAL,PWRHYDCIVXX01,2034,0.599
GLOBAL,PWRHYDCIVXX01,2035,0.599
GLOBAL,PWRHYDCIVXX01,2036,0.599
GLOBAL,PWRHYDCIVXX01,2037,0.599
GLOBAL,PWRHYDCIVXX01,2038,0.599
GLOBAL,PWRHYDCIVXX01,2039,0.599
GLOBAL,PWRHYDCIVXX01,2040,0.599
GLOBAL,PWRHYDCIVXX01,2041,0.599
GLOBAL,PWRHYDCIVXX01,2042,0.599
GLOBAL,PWRHYDCIVXX01,2043,0.599
GLOBAL,PWRHYDCIVXX01,2044,0.599
GLOBAL,PWRHYDCIVXX01,2045,0.599
GLOBAL,PWRHYDCIVXX01,2046,0.599
GLOBAL,PWRHYDCIVXX01,2047,0.599
GLOBAL,PWRHYDCIVXX01,2048,0.599
GLOBAL,PWRHYDCIVXX01,2049,0.599
GLOBAL,PWRHYDCIVXX01,2050,0.599
GLOBAL,PWROCGCIVXX00,2021,0.1
GLOBAL,PWROCGCIVXX00,2022,0.1
GLOBAL,PWROCGCIVXX00,2023,0.1
GLOBAL,PWROCGCIVXX00,2024,0.1
GLOBAL,PWROCGCIVXX00,2025,0.0
GLOBAL,PWROCGCIVXX00,2026,0.0
GLOBAL,PWROCGCIVXX00,2027,0.0
GLOBAL,PWROCGCIVXX00,2028,0.0
GLOBAL,PWROCGCIVXX00,2029,0.0
GLOBAL,PWROCGCIVXX00,2030,0.0
GLOBAL,PWROCGCIVXX00,2031,0.0
GLOBAL,PWROCGCIVXX00,2032,0.0
GLOBAL,PWROCGCIVXX00,2033,0.0
GLOBAL,PWROCGCIVXX00,2034,0.0
GLOBAL,PWROCGCIVXX00,2035,0.0
GLOBAL,PWROCGCIVXX00,2036,0.0
GLOBAL,PWROCGCIVXX00,2037,0.0
GLOBAL,PWROCGCIVXX00,2038,0.0
GLOBAL,PWROCGCIVXX00,2039,0.0
GLOBAL,PWROCGCIVXX00,2040,0.0
GLOBAL,PWROCGCIVXX00,2041,0.0
GLOBAL,PWROCGCIVXX00,2042,0.0
GLOBAL,PWROCGCIVXX00,2043,0.0
GLOBAL,PWROCGCIVXX00,2044,0.0
GLOBAL,PWROCGCIVXX00,2045,0.0
GLOBAL,PWROCGCIVXX00,2046,0.0
GLOBAL,PWROCGCIVXX00,2047,0.0
GLOBAL,PWROCGCIVXX00,2048,0.0
GLOBAL,PWROCGCIVXX00,2049,0.0
GLOBAL,PWROCGCIVXX00,2050,0.0
GLOBAL,PWRCCGCMRXX00,2021,0.65
GLOBAL,PWRCCGCMRXX00,2022,0.65
GLOBAL,PWRCCGCMRXX00,2023,0.65
GLOBAL,PWRCCGCMRXX00,2024,0.65
GLOBAL,PWRCCGCMRXX00,2025,0.0
GLOBAL,PWRCCGCMRXX00,2026,0.0
GLOBAL,PWRCCGCMRXX00,2027,0.0
GLOBAL,PWRCCGCMRXX00,2028,0.0
GLOBAL,PWRCCGCMRXX00,2029,0.0
GLOBAL,PWRCCGCMRXX00,2030,0.0
GLOBAL,PWRCCGCMRXX00,2031,0.0
GLOBAL,PWRCCGCMRXX00,2032,0.0
GLOBAL,PWRCCGCMRXX00,2033,0.0
GLOBAL,PWRCCGCMRXX00,2034,0.0
GLOBAL,PWRCCGCMRXX00,2035,0.0
GLOBAL,PWRCCGCMRXX00,2036,0.0
GLOBAL,PWRCCGCMRXX00,2037,0.0
GLOBAL,PWRCCGCMRXX00,2038,0.0
GLOBAL,PWRCCGCMRXX00,2039,0.0
GLOBAL,PWRCCGCMRXX00,2040,0.0
GLOBAL,PWRCCGCMRXX00,2041,0.0
GLOBAL,PWRCCGCMRXX00,2042,0.0
GLOBAL,PWRCCGCMRXX00,2043,0.0
GLOBAL,PWRCCGCMRXX00,2044,0.0
GLOBAL,PWRCCGCMRXX00,2045,0.0
GLOBAL,PWRCCGCMRXX00,2046,0.0
GLOBAL,PWRCCGCMRXX00,2047,0.0
GLOBAL,PWRCCGCMRXX00,2048,0.0
GLOBAL,PWRCCGCMRXX00,2049,0.0
GLOBAL,PWRCCGCMRXX00,2050,0.0
GLOBAL,PWRHYDCMRXX01,2021,0.7208
GLOBAL,PWRHYDCMRXX01,2022,0.7208
GLOBAL,PWRHYDCMRXX01,2023,0.7208
GLOBAL,PWRHYDCMRXX01,2024,0.7208
GLOBAL,PWRHYDCMRXX01,2025,0.7208
GLOBAL,PWRHYDCMRXX01,2026,0.7208
GLOBAL,PWRHYDCMRXX01,2027,0.7208
GLOBAL,PWRHYDCMRXX01,2028,0.7208
GLOBAL,PWRHYDCMRXX01,2029,0.7208
GLOBAL,PWRHYDCMRXX01,2030,0.7208
GLOBAL,PWRHYDCMRXX01,2031,0.7208
GLOBAL,PWRHYDCMRXX01,2032,0.7208
GLOBAL,PWRHYDCMRXX01,2033,0.7208
GLOBAL,PWRHYDCMRXX01,2034,0.7208
GLOBAL,PWRHYDCMRXX01,2035,0.7208
GLOBAL,PWRHYDCMRXX01,2036,0.7208
GLOBAL,PWRHYDCMRXX01,2037,0.7208
GLOBAL,PWRHYDCMRXX01,2038,0.7208
GLOBAL,PWRHYDCMRXX01,2039,0.7208
GLOBAL,PWRHYDCMRXX01,2040,0.7208
GLOBAL,PWRHYDCMRXX01,2041,0.7208
GLOBAL,PWRHYDCMRXX01,2042,0.7208
GLOBAL,PWRHYDCMRXX01,2043,0.7208
GLOBAL,PWRHYDCMRXX01,2044,0.7208
GLOBAL,PWRHYDCMRXX01,2045,0.7208
GLOBAL,PWRHYDCMRXX01,2046,0.7208
GLOBAL,PWRHYDCMRXX01,2047,0.7208
GLOBAL,PWRHYDCMRXX01,2048,0.7208
GLOBAL,PWRHYDCMRXX01,2049,0.7208
GLOBAL,PWRHYDCMRXX01,2050,0.7208
GLOBAL,PWROILCMRXX01,2021,0.1676
GLOBAL,PWROILCMRXX01,2022,0.1676
GLOBAL,PWROILCMRXX01,2023,0.1676
GLOBAL,PWROILCMRXX01,2024,0.1676
GLOBAL,PWROILCMRXX01,2025,0.1676
GLOBAL,PWROILCMRXX01,2026,0.1676
GLOBAL,PWROILCMRXX01,2027,0.0
GLOBAL,PWROILCMRXX01,2028,0.0
GLOBAL,PWROILCMRXX01,2029,0.0
GLOBAL,PWROILCMRXX01,2030,0.0
GLOBAL,PWROILCMRXX01,2031,0.0
GLOBAL,PWROILCMRXX01,2032,0.0
GLOBAL,PWROILCMRXX01,2033,0.0
GLOBAL,PWROILCMRXX01,2034,0.0
GLOBAL,PWROILCMRXX01,2035,0.0
GLOBAL,PWROILCMRXX01,2036,0.0
GLOBAL,PWROILCMRXX01,2037,0.0
GLOBAL,PWROILCMRXX01,2038,0.0
GLOBAL,PWROILCMRXX01,2039,0.0
GLOBAL,PWROILCMRXX01,2040,0.0
GLOBAL,PWROILCMRXX01,2041,0.0
GLOBAL,PWROILCMRXX01,2042,0.0
GLOBAL,PWROILCMRXX01,2043,0.0
GLOBAL,PWROILCMRXX01,2044,0.0
GLOBAL,PWROILCMRXX01,2045,0.0
GLOBAL,PWROILCMRXX01,2046,0.0
GLOBAL,PWROILCMRXX01,2047,0.0
GLOBAL,PWROILCMRXX01,2048,0.0
GLOBAL,PWROILCMRXX01,2049,0.0
GLOBAL,PWROILCMRXX01,2050,0.0
GLOBAL,PWRHYDCODXX01,2021,3.019
GLOBAL,PWRHYDCODXX01,2022,3.019
GLOBAL,PWRHYDCODXX01,2023,3.019
GLOBAL,PWRHYDCODXX01,2024,3.019
GLOBAL,PWRHYDCODXX01,2025,3.019
GLOBAL,PWRHYDCODXX01,2026,3.019
GLOBAL,PWRHYDCODXX01,2027,3.019
GLOBAL,PWRHYDCODXX01,2028,3.019
GLOBAL,PWRHYDCODXX01,2029,3.019
GLOBAL,PWRHYDCODXX01,2030,3.019
GLOBAL,PWRHYDCODXX01,2031,2.951
GLOBAL,PWRHYDCODXX01,2032,2.951
GLOBAL,PWRHYDCODXX01,2033,2.951
GLOBAL,PWRHYDCODXX01,2034,2.951
GLOBAL,PWRHYDCODXX01,2035,2.951
GLOBAL,PWRHYDCODXX01,2036,2.951
GLOBAL,PWRHYDCODXX01,2037,2.951
GLOBAL,PWRHYDCODXX01,2038,2.951
GLOBAL,PWRHYDCODXX01,2039,2.951
GLOBAL,PWRHYDCODXX01,2040,2.951
GLOBAL,PWRHYDCODXX01,2041,2.951
GLOBAL,PWRHYDCODXX01,2042,2.951
GLOBAL,PWRHYDCODXX01,2043,2.951
GLOBAL,PWRHYDCODXX01,2044,2.951
GLOBAL,PWRHYDCODXX01,2045,2.951
GLOBAL,PWRHYDCODXX01,2046,2.876
GLOBAL,PWRHYDCODXX01,2047,2.876
GLOBAL,PWRHYDCODXX01,2048,2.876
GLOBAL,PWRHYDCODXX01,2049,2.876
GLOBAL,PWRHYDCODXX01,2050,2.876
GLOBAL,PWROCGCODXX00,2021,0.025
GLOBAL,PWROCGCODXX00,2022,0.025
GLOBAL,PWROCGCODXX00,2023,0.025
GLOBAL,PWROCGCODXX00,2024,0.025
GLOBAL,PWROCGCODXX00,2025,0.025
GLOBAL,PWROCGCODXX00,2026,0.025
GLOBAL,PWROCGCODXX00,2027,0.025
GLOBAL,PWROCGCODXX00,2028,0.025
GLOBAL,PWROCGCODXX00,2029,0.025
GLOBAL,PWROCGCODXX00,2030,0.025
GLOBAL,PWROCGCODXX00,2031,0.025
GLOBAL,PWROCGCODXX00,2032,0.025
GLOBAL,PWROCGCODXX00,2033,0.025
GLOBAL,PWROCGCODXX00,2034,0.025
GLOBAL,PWROCGCODXX00,2035,0.025
GLOBAL,PWROCGCODXX00,2036,0.025
GLOBAL,PWROCGCODXX00,2037,0.025
GLOBAL,PWROCGCODXX00,2038,0.025
GLOBAL,PWROCGCODXX00,2039,0.025
GLOBAL,PWROCGCODXX00,2040,0.025
GLOBAL,PWROCGCODXX00,2041,0.025
GLOBAL,PWROCGCODXX00,2042,0.025
GLOBAL,PWROCGCODXX00,2043,0.0
GLOBAL,PWROCGCODXX00,2044,0.0
GLOBAL,PWROCGCODXX00,2045,0.0
GLOBAL,PWROCGCODXX00,2046,0.0
GLOBAL,PWROCGCODXX00,2047,0.0
GLOBAL,PWROCGCODXX00,2048,0.0
GLOBAL,PWROCGCODXX00,2049,0.0
GLOBAL,PWROCGCODXX00,2050,0.0
GLOBAL,PWROILCODXX01,2021,0.013
GLOBAL,PWROILCODXX01,2022,0.013
GLOBAL,PWROILCODXX01,2023,0.013
GLOBAL,PWROILCODXX01,2024,0.013
GLOBAL,PWROILCODXX01,2025,0.013
GLOBAL,PWROILCODXX01,2026,0.013
GLOBAL,PWROILCODXX01,2027,0.0
GLOBAL,PWROILCODXX01,2028,0.0
GLOBAL,PWROILCODXX01,2029,0.0
GLOBAL,PWROILCODXX01,2030,0.0
GLOBAL,PWROILCODXX01,2031,0.0
GLOBAL,PWROILCODXX01,2032,0.0
GLOBAL,PWROILCODXX01,2033,0.0
GLOBAL,PWROILCODXX01,2034,0.0
GLOBAL,PWROILCODXX01,2035,0.0
GLOBAL,PWROILCODXX01,2036,0.0
GLOBAL,PWROILCODXX01,2037,0.0
GLOBAL,PWROILCODXX01,2038,0.0
GLOBAL,PWROILCODXX01,2039,0.0
GLOBAL,PWROILCODXX01,2040,0.0
GLOBAL,PWROILCODXX01,2041,0.0
GLOBAL,PWROILCODXX01,2042,0.0
GLOBAL,PWROILCODXX01,2043,0.0
GLOBAL,PWROILCODXX01,2044,0.0
GLOBAL,PWROILCODXX01,2045,0.0
GLOBAL,PWROILCODXX01,2046,0.0
GLOBAL,PWROILCODXX01,2047,0.0
GLOBAL,PWROILCODXX01,2048,0.0
GLOBAL,PWROILCODXX01,2049,0.0
GLOBAL,PWROILCODXX01,2050,0.0
GLOBAL,PWRCCGCOGXX00,2021,0.3
GLOBAL,PWRCCGCOGXX00,2022,0.3
GLOBAL,PWRCCGCOGXX00,2023,0.3
GLOBAL,PWRCCGCOGXX00,2024,0.3
GLOBAL,PWRCCGCOGXX00,2025,0.0
GLOBAL,PWRCCGCOGXX00,2026,0.0
GLOBAL,PWRCCGCOGXX00,2027,0.0
GLOBAL,PWRCCGCOGXX00,2028,0.0
GLOBAL,PWRCCGCOGXX00,2029,0.0
GLOBAL,PWRCCGCOGXX00,2030,0.0
GLOBAL,PWRCCGCOGXX00,2031,0.0
GLOBAL,PWRCCGCOGXX00,2032,0.0
GLOBAL,PWRCCGCOGXX00,2033,0.0
GLOBAL,PWRCCGCOGXX00,2034,0.0
GLOBAL,PWRCCGCOGXX00,2035,0.0
GLOBAL,PWRCCGCOGXX00,2036,0.0
GLOBAL,PWRCCGCOGXX00,2037,0.0
GLOBAL,PWRCCGCOGXX00,2038,0.0
GLOBAL,PWRCCGCOGXX00,2039,0.0
GLOBAL,PWRCCGCOGXX00,2040,0.0
GLOBAL,PWRCCGCOGXX00,2041,0.0
GLOBAL,PWRCCGCOGXX00,2042,0.0
GLOBAL,PWRCCGCOGXX00,2043,0.0
GLOBAL,PWRCCGCOGXX00,2044,0.0
GLOBAL,PWRCCGCOGXX00,2045,0.0
GLOBAL,PWRCCGCOGXX00,2046,0.0
GLOBAL,PWRCCGCOGXX00,2047,0.0
GLOBAL,PWRCCGCOGXX00,2048,0.0
GLOBAL,PWRCCGCOGXX00,2049,0.0
GLOBAL,PWRCCGCOGXX00,2050,0.0
GLOBAL,PWRHYDCOGXX01,2021,0.219
GLOBAL,PWRHYDCOGXX01,2022,0.219
GLOBAL,PWRHYDCOGXX01,2023,0.219
GLOBAL,PWRHYDCOGXX01,2024,0.219
GLOBAL,PWRHYDCOGXX01,2025,0.219
GLOBAL,PWRHYDCOGXX01,2026,0.219
GLOBAL,PWRHYDCOGXX01,2027,0.219
GLOBAL,PWRHYDCOGXX01,2028,0.219
GLOBAL,PWRHYDCOGXX01,2029,0.219
GLOBAL,PWRHYDCOGXX01,2030,0.219
GLOBAL,PWRHYDCOGXX01,2031,0.219
GLOBAL,PWRHYDCOGXX01,2032,0.219
GLOBAL,PWRHYDCOGXX01,2033,0.219
GLOBAL,PWRHYDCOGXX01,2034,0.219
GLOBAL,PWRHYDCOGXX01,2035,0.219
GLOBAL,PWRHYDCOGXX01,2036,0.219
GLOBAL,PWRHYDCOGXX01,2037,0.219
GLOBAL,PWRHYDCOGXX01,2038,0.219
GLOBAL,PWRHYDCOGXX01,2039,0.219
GLOBAL,PWRHYDCOGXX01,2040,0.219
GLOBAL,PWRHYDCOGXX01,2041,0.219
GLOBAL,PWRHYDCOGXX01,2042,0.219
GLOBAL,PWRHYDCOGXX01,2043,0.219
GLOBAL,PWRHYDCOGXX01,2044,0.219
GLOBAL,PWRHYDCOGXX01,2045,0.219
GLOBAL,PWRHYDCOGXX01,2046,0.219
GLOBAL,PWRHYDCOGXX01,2047,0.219
GLOBAL,PWRHYDCOGXX01,2048,0.219
GLOBAL,PWRHYDCOGXX01,2049,0.219
GLOBAL,PWRHYDCOGXX01,2050,0.219
GLOBAL,PWROCGCOGXX00,2021,0.036
GLOBAL,PWROCGCOGXX00,2022,0.036
GLOBAL,PWROCGCOGXX00,2023,0.036
GLOBAL,PWROCGCOGXX00,2024,0.036
GLOBAL,PWROCGCOGXX00,2025,0.0
GLOBAL,PWROCGCOGXX00,2026,0.0
GLOBAL,PWROCGCOGXX00,2027,0.0
GLOBAL,PWROCGCOGXX00,2028,0.0
GLOBAL,PWROCGCOGXX00,2029,0.0
GLOBAL,PWROCGCOGXX00,2030,0.0
GLOBAL,PWROCGCOGXX00,2031,0.0
GLOBAL,PWROCGCOGXX00,2032,0.0
GLOBAL,PWROCGCOGXX00,2033,0.0
GLOBAL,PWROCGCOGXX00,2034,0.0
GLOBAL,PWROCGCOGXX00,2035,0.0
GLOBAL,PWROCGCOGXX00,2036,0.0
GLOBAL,PWROCGCOGXX00,2037,0.0
GLOBAL,PWROCGCOGXX00,2038,0.0
GLOBAL,PWROCGCOGXX00,2039,0.0
GLOBAL,PWROCGCOGXX00,2040,0.0
GLOBAL,PWROCGCOGXX00,2041,0.0
GLOBAL,PWROCGCOGXX00,2042,0.0
GLOBAL,PWROCGCOGXX00,2043,0.0
GLOBAL,PWROCGCOGXX00,2044,0.0
GLOBAL,PWROCGCOGXX00,2045,0.0
GLOBAL,PWROCGCOGXX00,2046,0.0
GLOBAL,PWROCGCOGXX00,2047,0.0
GLOBAL,PWROCGCOGXX00,2048,0.0
GLOBAL,PWROCGCOGXX00,2049,0.0
GLOBAL,PWROCGCOGXX00,2050,0.0
GLOBAL,PWROILCOGXX01,2021,0.071
GLOBAL,PWROILCOGXX01,2022,0.071
GLOBAL,PWROILCOGXX01,2023,0.071
GLOBAL,PWROILCOGXX01,2024,0.071
GLOBAL,PWROILCOGXX01,2025,0.071
GLOBAL,PWROILCOGXX01,2026,0.071
GLOBAL,PWROILCOGXX01,2027,0.0
GLOBAL,PWROILCOGXX01,2028,0.0
GLOBAL,PWROILCOGXX01,2029,0.0
GLOBAL,PWROILCOGXX01,2030,0.0
GLOBAL,PWROILCOGXX01,2031,0.0
GLOBAL,PWROILCOGXX01,2032,0.0
GLOBAL,PWROILCOGXX01,2033,0.0
GLOBAL,PWROILCOGXX01,2034,0.0
GLOBAL,PWROILCOGXX01,2035,0.0
GLOBAL,PWROILCOGXX01,2036,0.0
GLOBAL,PWROILCOGXX01,2037,0.0
GLOBAL,PWROILCOGXX01,2038,0.0
GLOBAL,PWROILCOGXX01,2039,0.0
GLOBAL,PWROILCOGXX01,2040,0.0
GLOBAL,PWROILCOGXX01,2041,0.0
GLOBAL,PWROILCOGXX01,2042,0.0
GLOBAL,PWROILCOGXX01,2043,0.0
GLOBAL,PWROILCOGXX01,2044,0.0
GLOBAL,PWROILCOGXX01,2045,0.0
GLOBAL,PWROILCOGXX01,2046,0.0
GLOBAL,PWROILCOGXX01,2047,0.0
GLOBAL,PWROILCOGXX01,2048,0.0
GLOBAL,PWROILCOGXX01,2049,0.0
GLOBAL,PWROILCOGXX01,2050,0.0
GLOBAL,PWRBIOCOLXX01,2021,0.24
GLOBAL,PWRBIOCOLXX01,2022,0.24
GLOBAL,PWRBIOCOLXX01,2023,0.24
GLOBAL,PWRBIOCOLXX01,2024,0.24
GLOBAL,PWRBIOCOLXX01,2025,0.24
GLOBAL,PWRBIOCOLXX01,2026,0.24
GLOBAL,PWRBIOCOLXX01,2027,0.24
GLOBAL,PWRBIOCOLXX01,2028,0.24
GLOBAL,PWRBIOCOLXX01,2029,0.24
GLOBAL,PWRBIOCOLXX01,2030,0.24
GLOBAL,PWRBIOCOLXX01,2031,0.24
GLOBAL,PWRBIOCOLXX01,2032,0.0
GLOBAL,PWRBIOCOLXX01,2033,0.0
GLOBAL,PWRBIOCOLXX01,2034,0.0
GLOBAL,PWRBIOCOLXX01,2035,0.0
GLOBAL,PWRBIOCOLXX01,2036,0.0
GLOBAL,PWRBIOCOLXX01,2037,0.0
GLOBAL,PWRBIOCOLXX01,2038,0.0
GLOBAL,PWRBIOCOLXX01,2039,0.0
GLOBAL,PWRBIOCOLXX01,2040,0.0
GLOBAL,PWRBIOCOLXX01,2041,0.0
GLOBAL,PWRBIOCOLXX01,2042,0.0
GLOBAL,PWRBIOCOLXX01,2043,0.0
GLOBAL,PWRBIOCOLXX01,2044,0.0
GLOBAL,PWRBIOCOLXX01,2045,0.0
GLOBAL,PWRBIOCOLXX01,2046,0.0
GLOBAL,PWRBIOCOLXX01,2047,0.0
GLOBAL,PWRBIOCOLXX01,2048,0.0
GLOBAL,PWRBIOCOLXX01,2049,0.0
GLOBAL,PWRBIOCOLXX01,2050,0.0
GLOBAL,PWRCCGCOLXX00,2021,3.1511
GLOBAL,PWRCCGCOLXX00,2022,3.1511
GLOBAL,PWRCCGCOLXX00,2023,3.1511
GLOBAL,PWRCCGCOLXX00,2024,3.1511
GLOBAL,PWRCCGCOLXX00,2025,0.0
GLOBAL,PWRCCGCOLXX00,2026,0.0
GLOBAL,PWRCCGCOLXX00,2027,0.0
GLOBAL,PWRCCGCOLXX00,2028,0.0
GLOBAL,PWRCCGCOLXX00,2029,0.0
GLOBAL,PWRCCGCOLXX00,2030,0.0
GLOBAL,PWRCCGCOLXX00,2031,0.0
GLOBAL,PWRCCGCOLXX00,2032,0.0
GLOBAL,PWRCCGCOLXX00,2033,0.0
GLOBAL,PWRCCGCOLXX00,2034,0.0
GLOBAL,PWRCCGCOLXX00,2035,0.0
GLOBAL,PWRCCGCOLXX00,2036,0.0
GLOBAL,PWRCCGCOLXX00,2037,0.0
GLOBAL,PWRCCGCOLXX00,2038,0.0
GLOBAL,PWRCCGCOLXX00,2039,0.0
GLOBAL,PWRCCGCOLXX00,2040,0.0
GLOBAL,PWRCCGCOLXX00,2041,0.0
GLOBAL,PWRCCGCOLXX00,2042,0.0
GLOBAL,PWRCCGCOLXX00,2043,0.0
GLOBAL,PWRCCGCOLXX00,2044,0.0
GLOBAL,PWRCCGCOLXX00,2045,0.0
GLOBAL,PWRCCGCOLXX00,2046,0.0
GLOBAL,PWRCCGCOLXX00,2047,0.0
GLOBAL,PWRCCGCOLXX00,2048,0.0
GLOBAL,PWRCCGCOLXX00,2049,0.0
GLOBAL,PWRCCGCOLXX00,2050,0.0
GLOBAL,PWRCOACOLXX01,2021,1.6819
GLOBAL,PWRCOACOLXX01,2022,1.6819
GLOBAL,PWRCOACOLXX01,2023,1.6819
GLOBAL,PWRCOACOLXX01,2024,1.6819
GLOBAL,PWRCOACOLXX01,2025,1.6819
GLOBAL,PWRCOACOLXX01,2026,1.6819
GLOBAL,PWRCOACOLXX01,2027,1.6819
GLOBAL,PWRCOACOLXX01,2028,1.394
GLOBAL,PWRCOACOLXX01,2029,1.164
GLOBAL,PWRCOACOLXX01,2030,1.164
GLOBAL,PWRCOACOLXX01,2031,0.84
GLOBAL,PWRCOACOLXX01,2032,0.84
GLOBAL,PWRCOACOLXX01,2033,0.84
GLOBAL,PWRCOACOLXX01,2034,0.164
GLOBAL,PWRCOACOLXX01,2035,0.164
GLOBAL,PWRCOACOLXX01,2036,0.164
GLOBAL,PWRCOACOLXX01,2037,0.164
GLOBAL,PWRCOACOLXX01,2038,0.164
GLOBAL,PWRCOACOLXX01,2039,0.164
GLOBAL,PWRCOACOLXX01,2040,0.164
GLOBAL,PWRCOACOLXX01,2041,0.164
GLOBAL,PWRCOACOLXX01,2042,0.164
GLOBAL,PWRCOACOLXX01,2043,0.164
GLOBAL,PWRCOACOLXX01,2044,0.164
GLOBAL,PWRCOACOLXX01,2045,0.164
GLOBAL,PWRCOACOLXX01,2046,0.164
GLOBAL,PWRCOACOLXX01,2047,0.0
GLOBAL,PWRCOACOLXX01,2048,0.0
GLOBAL,PWRCOACOLXX01,2049,0.0
GLOBAL,PWRCOACOLXX01,2050,0.0
GLOBAL,PWRHYDCOLXX01,2021,11.5
GLOBAL,PWRHYDCOLXX01,2022,11.5
GLOBAL,PWRHYDCOLXX01,2023,11.5
GLOBAL,PWRHYDCOLXX01,2024,11.5
GLOBAL,PWRHYDCOLXX01,2025,11.5
GLOBAL,PWRHYDCOLXX01,2026,11.5
GLOBAL,PWRHYDCOLXX01,2027,11.5
GLOBAL,PWRHYDCOLXX01,2028,11.5
GLOBAL,PWRHYDCOLXX01,2029,11.5
GLOBAL,PWRHYDCOLXX01,2030,11.5
GLOBAL,PWRHYDCOLXX01,2031,11.5
GLOBAL,PWRHYDCOLXX01,2032,11.5
GLOBAL,PWRHYDCOLXX01,2033,11.5
GLOBAL,PWRHYDCOLXX01,2034,11.5
GLOBAL,PWRHYDCOLXX01,2035,11.5
GLOBAL,PWRHYDCOLXX01,2036,11.5
GLOBAL,PWRHYDCOLXX01,2037,11.5
GLOBAL,PWRHYDCOLXX01,2038,11.5
GLOBAL,PWRHYDCOLXX01,2039,11.5
GLOBAL,PWRHYDCOLXX01,2040,11.5
GLOBAL,PWRHYDCOLXX01,2041,11.5
GLOBAL,PWRHYDCOLXX01,2042,11.5
GLOBAL,PWRHYDCOLXX01,2043,11.5
GLOBAL,PWRHYDCOLXX01,2044,11.5
GLOBAL,PWRHYDCOLXX01,2045,11.5
GLOBAL,PWRHYDCOLXX01,2046,11.5
GLOBAL,PWRHYDCOLXX01,2047,11.5
GLOBAL,PWRHYDCOLXX01,2048,11.5
GLOBAL,PWRHYDCOLXX01,2049,11.5
GLOBAL,PWRHYDCOLXX01,2050,11.5
GLOBAL,PWROILCOLXX01,2021,0.188
GLOBAL,PWROILCOLXX01,2022,0.188
GLOBAL,PWROILCOLXX01,2023,0.188
GLOBAL,PWROILCOLXX01,2024,0.188
GLOBAL,PWROILCOLXX01,2025,0.188
GLOBAL,PWROILCOLXX01,2026,0.188
GLOBAL,PWROILCOLXX01,2027,0.0
GLOBAL,PWROILCOLXX01,2028,0.0
GLOBAL,PWROILCOLXX01,2029,0.0
GLOBAL,PWROILCOLXX01,2030,0.0
GLOBAL,PWROILCOLXX01,2031,0.0
GLOBAL,PWROILCOLXX01,2032,0.0
GLOBAL,PWROILCOLXX01,2033,0.0
GLOBAL,PWROILCOLXX01,2034,0.0
GLOBAL,PWROILCOLXX01,2035,0.0
GLOBAL,PWROILCOLXX01,2036,0.0
GLOBAL,PWROILCOLXX01,2037,0.0
GLOBAL,PWROILCOLXX01,2038,0.0
GLOBAL,PWROILCOLXX01,2039,0.0
GLOBAL,PWROILCOLXX01,2040,0.0
GLOBAL,PWROILCOLXX01,2041,0.0
GLOBAL,PWROILCOLXX01,2042,0.0
GLOBAL,PWROILCOLXX01,2043,0.0
GLOBAL,PWROILCOLXX01,2044,0.0
GLOBAL,PWROILCOLXX01,2045,0.0
GLOBAL,PWROILCOLXX01,2046,0.0
GLOBAL,PWROILCOLXX01,2047,0.0
GLOBAL,PWROILCOLXX01,2048,0.0
GLOBAL,PWROILCOLXX01,2049,0.0
GLOBAL,PWROILCOLXX01,2050,0.0
GLOBAL,PWRWONCOLXX01,2021,0.02
GLOBAL,PWRWONCOLXX01,2022,0.02
GLOBAL,PWRWONCOLXX01,2023,0.02
GLOBAL,PWRWONCOLXX01,2024,0.02
GLOBAL,PWRWONCOLXX01,2025,0.02
GLOBAL,PWRWONCOLXX01,2026,0.02
GLOBAL,PWRWONCOLXX01,2027,0.02
GLOBAL,PWRWONCOLXX01,2028,0.02
GLOBAL,PWRWONCOLXX01,2029,0.02
GLOBAL,PWRWONCOLXX01,2030,0.02
GLOBAL,PWRWONCOLXX01,2031,0.02
GLOBAL,PWRWONCOLXX01,2032,0.02
GLOBAL,PWRWONCOLXX01,2033,0.02
GLOBAL,PWRWONCOLXX01,2034,0.02
GLOBAL,PWRWONCOLXX01,2035,0.02
GLOBAL,PWRWONCOLXX01,2036,0.02
GLOBAL,PWRWONCOLXX01,2037,0.02
GLOBAL,PWRWONCOLXX01,2038,0.02
GLOBAL,PWRWONCOLXX01,2039,0.02
GLOBAL,PWRWONCOLXX01,2040,0.0
GLOBAL,PWRWONCOLXX01,2041,0.0
GLOBAL,PWRWONCOLXX01,2042,0.0
GLOBAL,PWRWONCOLXX01,2043,0.0
GLOBAL,PWRWONCOLXX01,2044,0.0
GLOBAL,PWRWONCOLXX01,2045,0.0
GLOBAL,PWRWONCOLXX01,2046,0.0
GLOBAL,PWRWONCOLXX01,2047,0.0
GLOBAL,PWRWONCOLXX01,2048,0.0
GLOBAL,PWRWONCOLXX01,2049,0.0
GLOBAL,PWRWONCOLXX01,2050,0.0
GLOBAL,PWROILCPVXX01,2021,0.088
GLOBAL,PWROILCPVXX01,2022,0.088
GLOBAL,PWROILCPVXX01,2023,0.088
GLOBAL,PWROILCPVXX01,2024,0.088
GLOBAL,PWROILCPVXX01,2025,0.088
GLOBAL,PWROILCPVXX01,2026,0.088
GLOBAL,PWROILCPVXX01,2027,0.0
GLOBAL,PWROILCPVXX01,2028,0.0
GLOBAL,PWROILCPVXX01,2029,0.0
GLOBAL,PWROILCPVXX01,2030,0.0
GLOBAL,PWROILCPVXX01,2031,0.0
GLOBAL,PWROILCPVXX01,2032,0.0
GLOBAL,PWROILCPVXX01,2033,0.0
GLOBAL,PWROILCPVXX01,2034,0.0
GLOBAL,PWROILCPVXX01,2035,0.0
GLOBAL,PWROILCPVXX01,2036,0.0
GLOBAL,PWROILCPVXX01,2037,0.0
GLOBAL,PWROILCPVXX01,2038,0.0
GLOBAL,PWROILCPVXX01,2039,0.0
GLOBAL,PWROILCPVXX01,2040,0.0
GLOBAL,PWROILCPVXX01,2041,0.0
GLOBAL,PWROILCPVXX01,2042,0.0
GLOBAL,PWROILCPVXX01,2043,0.0
GLOBAL,PWROILCPVXX01,2044,0.0
GLOBAL,PWROILCPVXX01,2045,0.0
GLOBAL,PWROILCPVXX01,2046,0.0
GLOBAL,PWROILCPVXX01,2047,0.0
GLOBAL,PWROILCPVXX01,2048,0.0
GLOBAL,PWROILCPVXX01,2049,0.0
GLOBAL,PWROILCPVXX01,2050,0.0
GLOBAL,PWRSPVCPVXX01,2021,0.011
GLOBAL,PWRSPVCPVXX01,2022,0.011
GLOBAL,PWRSPVCPVXX01,2023,0.011
GLOBAL,PWRSPVCPVXX01,2024,0.011
GLOBAL,PWRSPVCPVXX01,2025,0.011
GLOBAL,PWRSPVCPVXX01,2026,0.011
GLOBAL,PWRSPVCPVXX01,2027,0.011
GLOBAL,PWRSPVCPVXX01,2028,0.011
GLOBAL,PWRSPVCPVXX01,2029,0.011
GLOBAL,PWRSPVCPVXX01,2030,0.011
GLOBAL,PWRSPVCPVXX01,2031,0.011
GLOBAL,PWRSPVCPVXX01,2032,0.011
GLOBAL,PWRSPVCPVXX01,2033,0.011
GLOBAL,PWRSPVCPVXX01,2034,0.011
GLOBAL,PWRSPVCPVXX01,2035,0.011
GLOBAL,PWRSPVCPVXX01,2036,0.011
GLOBAL,PWRSPVCPVXX01,2037,0.011
GLOBAL,PWRSPVCPVXX01,2038,0.011
GLOBAL,PWRSPVCPVXX01,2039,0.011
GLOBAL,PWRSPVCPVXX01,2040,0.011
GLOBAL,PWRSPVCPVXX01,2041,0.011
GLOBAL,PWRSPVCPVXX01,2042,0.011
GLOBAL,PWRSPVCPVXX01,2043,0.011
GLOBAL,PWRSPVCPVXX01,2044,0.011
GLOBAL,PWRSPVCPVXX01,2045,0.0
GLOBAL,PWRSPVCPVXX01,2046,0.0
GLOBAL,PWRSPVCPVXX01,2047,0.0
GLOBAL,PWRSPVCPVXX01,2048,0.0
GLOBAL,PWRSPVCPVXX01,2049,0.0
GLOBAL,PWRSPVCPVXX01,2050,0.0
GLOBAL,PWRWONCPVXX01,2021,0.0255
GLOBAL,PWRWONCPVXX01,2022,0.0255
GLOBAL,PWRWONCPVXX01,2023,0.0255
GLOBAL,PWRWONCPVXX01,2024,0.0255
GLOBAL,PWRWONCPVXX01,2025,0.0255
GLOBAL,PWRWONCPVXX01,2026,0.0255
GLOBAL,PWRWONCPVXX01,2027,0.0255
GLOBAL,PWRWONCPVXX01,2028,0.0255
GLOBAL,PWRWONCPVXX01,2029,0.0255
GLOBAL,PWRWONCPVXX01,2030,0.0255
GLOBAL,PWRWONCPVXX01,2031,0.0255
GLOBAL,PWRWONCPVXX01,2032,0.0255
GLOBAL,PWRWONCPVXX01,2033,0.0255
GLOBAL,PWRWONCPVXX01,2034,0.0255
GLOBAL,PWRWONCPVXX01,2035,0.0255
GLOBAL,PWRWONCPVXX01,2036,0.0255
GLOBAL,PWRWONCPVXX01,2037,0.0255
GLOBAL,PWRWONCPVXX01,2038,0.0255
GLOBAL,PWRWONCPVXX01,2039,0.0255
GLOBAL,PWRWONCPVXX01,2040,0.0
GLOBAL,PWRWONCPVXX01,2041,0.0
GLOBAL,PWRWONCPVXX01,2042,0.0
GLOBAL,PWRWONCPVXX01,2043,0.0
GLOBAL,PWRWONCPVXX01,2044,0.0
GLOBAL,PWRWONCPVXX01,2045,0.0
GLOBAL,PWRWONCPVXX01,2046,0.0
GLOBAL,PWRWONCPVXX01,2047,0.0
GLOBAL,PWRWONCPVXX01,2048,0.0
GLOBAL,PWRWONCPVXX01,2049,0.0
GLOBAL,PWRWONCPVXX01,2050,0.0
GLOBAL,PWRBIOCRIXX01,2021,0.04
GLOBAL,PWRBIOCRIXX01,2022,0.04
GLOBAL,PWRBIOCRIXX01,2023,0.04
GLOBAL,PWRBIOCRIXX01,2024,0.04
GLOBAL,PWRBIOCRIXX01,2025,0.04
GLOBAL,PWRBIOCRIXX01,2026,0.04
GLOBAL,PWRBIOCRIXX01,2027,0.04
GLOBAL,PWRBIOCRIXX01,2028,0.04
GLOBAL,PWRBIOCRIXX01,2029,0.04
GLOBAL,PWRBIOCRIXX01,2030,0.04
GLOBAL,PWRBIOCRIXX01,2031,0.04
GLOBAL,PWRBIOCRIXX01,2032,0.0
GLOBAL,PWRBIOCRIXX01,2033,0.0
GLOBAL,PWRBIOCRIXX01,2034,0.0
GLOBAL,PWRBIOCRIXX01,2035,0.0
GLOBAL,PWRBIOCRIXX01,2036,0.0
GLOBAL,PWRBIOCRIXX01,2037,0.0
GLOBAL,PWRBIOCRIXX01,2038,0.0
GLOBAL,PWRBIOCRIXX01,2039,0.0
GLOBAL,PWRBIOCRIXX01,2040,0.0
GLOBAL,PWRBIOCRIXX01,2041,0.0
GLOBAL,PWRBIOCRIXX01,2042,0.0
GLOBAL,PWRBIOCRIXX01,2043,0.0
GLOBAL,PWRBIOCRIXX01,2044,0.0
GLOBAL,PWRBIOCRIXX01,2045,0.0
GLOBAL,PWRBIOCRIXX01,2046,0.0
GLOBAL,PWRBIOCRIXX01,2047,0.0
GLOBAL,PWRBIOCRIXX01,2048,0.0
GLOBAL,PWRBIOCRIXX01,2049,0.0
GLOBAL,PWRBIOCRIXX01,2050,0.0
GLOBAL,PWRGEOCRIXX01,2021,0.217
GLOBAL,PWRGEOCRIXX01,2022,0.217
GLOBAL,PWRGEOCRIXX01,2023,0.217
GLOBAL,PWRGEOCRIXX01,2024,0.217
GLOBAL,PWRGEOCRIXX01,2025,0.217
GLOBAL,PWRGEOCRIXX01,2026,0.0
GLOBAL,PWRGEOCRIXX01,2027,0.0
GLOBAL,PWRGEOCRIXX01,2028,0.0
GLOBAL,PWRGEOCRIXX01,2029,0.0
GLOBAL,PWRGEOCRIXX01,2030,0.0
GLOBAL,PWRGEOCRIXX01,2031,0.0
GLOBAL,PWRGEOCRIXX01,2032,0.0
GLOBAL,PWRGEOCRIXX01,2033,0.0
GLOBAL,PWRGEOCRIXX01,2034,0.0
GLOBAL,PWRGEOCRIXX01,2035,0.0
GLOBAL,PWRGEOCRIXX01,2036,0.0
GLOBAL,PWRGEOCRIXX01,2037,0.0
GLOBAL,PWRGEOCRIXX01,2038,0.0
GLOBAL,PWRGEOCRIXX01,2039,0.0
GLOBAL,PWRGEOCRIXX01,2040,0.0
GLOBAL,PWRGEOCRIXX01,2041,0.0
GLOBAL,PWRGEOCRIXX01,2042,0.0
GLOBAL,PWRGEOCRIXX01,2043,0.0
GLOBAL,PWRGEOCRIXX01,2044,0.0
GLOBAL,PWRGEOCRIXX01,2045,0.0
GLOBAL,PWRGEOCRIXX01,2046,0.0
GLOBAL,PWRGEOCRIXX01,2047,0.0
GLOBAL,PWRGEOCRIXX01,2048,0.0
GLOBAL,PWRGEOCRIXX01,2049,0.0
GLOBAL,PWRGEOCRIXX01,2050,0.0
GLOBAL,PWRHYDCRIXX01,2021,1.94
GLOBAL,PWRHYDCRIXX01,2022,1.94
GLOBAL,PWRHYDCRIXX01,2023,1.94
GLOBAL,PWRHYDCRIXX01,2024,1.94
GLOBAL,PWRHYDCRIXX01,2025,1.94
GLOBAL,PWRHYDCRIXX01,2026,1.94
GLOBAL,PWRHYDCRIXX01,2027,1.94
GLOBAL,PWRHYDCRIXX01,2028,1.94
GLOBAL,PWRHYDCRIXX01,2029,1.94
GLOBAL,PWRHYDCRIXX01,2030,1.94
GLOBAL,PWRHYDCRIXX01,2031,1.94
GLOBAL,PWRHYDCRIXX01,2032,1.94
GLOBAL,PWRHYDCRIXX01,2033,1.94
GLOBAL,PWRHYDCRIXX01,2034,1.94
GLOBAL,PWRHYDCRIXX01,2035,1.94
GLOBAL,PWRHYDCRIXX01,2036,1.94
GLOBAL,PWRHYDCRIXX01,2037,1.94
GLOBAL,PWRHYDCRIXX01,2038,1.94
GLOBAL,PWRHYDCRIXX01,2039,1.94
GLOBAL,PWRHYDCRIXX01,2040,1.94
GLOBAL,PWRHYDCRIXX01,2041,1.94
GLOBAL,PWRHYDCRIXX01,2042,1.94
GLOBAL,PWRHYDCRIXX01,2043,1.94
GLOBAL,PWRHYDCRIXX01,2044,1.94
GLOBAL,PWRHYDCRIXX01,2045,1.94
GLOBAL,PWRHYDCRIXX01,2046,1.94
GLOBAL,PWRHYDCRIXX01,2047,1.94
GLOBAL,PWRHYDCRIXX01,2048,1.94
GLOBAL,PWRHYDCRIXX01,2049,1.94
GLOBAL,PWRHYDCRIXX01,2050,1.94
GLOBAL,PWROILCRIXX01,2021,0.6556
GLOBAL,PWROILCRIXX01,2022,0.6556
GLOBAL,PWROILCRIXX01,2023,0.6556
GLOBAL,PWROILCRIXX01,2024,0.6556
GLOBAL,PWROILCRIXX01,2025,0.6556
GLOBAL,PWROILCRIXX01,2026,0.6556
GLOBAL,PWROILCRIXX01,2027,0.0
GLOBAL,PWROILCRIXX01,2028,0.0
GLOBAL,PWROILCRIXX01,2029,0.0
GLOBAL,PWROILCRIXX01,2030,0.0
GLOBAL,PWROILCRIXX01,2031,0.0
GLOBAL,PWROILCRIXX01,2032,0.0
GLOBAL,PWROILCRIXX01,2033,0.0
GLOBAL,PWROILCRIXX01,2034,0.0
GLOBAL,PWROILCRIXX01,2035,0.0
GLOBAL,PWROILCRIXX01,2036,0.0
GLOBAL,PWROILCRIXX01,2037,0.0
GLOBAL,PWROILCRIXX01,2038,0.0
GLOBAL,PWROILCRIXX01,2039,0.0
GLOBAL,PWROILCRIXX01,2040,0.0
GLOBAL,PWROILCRIXX01,2041,0.0
GLOBAL,PWROILCRIXX01,2042,0.0
GLOBAL,PWROILCRIXX01,2043,0.0
GLOBAL,PWROILCRIXX01,2044,0.0
GLOBAL,PWROILCRIXX01,2045,0.0
GLOBAL,PWROILCRIXX01,2046,0.0
GLOBAL,PWROILCRIXX01,2047,0.0
GLOBAL,PWROILCRIXX01,2048,0.0
GLOBAL,PWROILCRIXX01,2049,0.0
GLOBAL,PWROILCRIXX01,2050,0.0
GLOBAL,PWRWONCRIXX01,2021,0.268
GLOBAL,PWRWONCRIXX01,2022,0.268
GLOBAL,PWRWONCRIXX01,2023,0.268
GLOBAL,PWRWONCRIXX01,2024,0.268
GLOBAL,PWRWONCRIXX01,2025,0.268
GLOBAL,PWRWONCRIXX01,2026,0.268
GLOBAL,PWRWONCRIXX01,2027,0.268
GLOBAL,PWRWONCRIXX01,2028,0.268
GLOBAL,PWRWONCRIXX01,2029,0.268
GLOBAL,PWRWONCRIXX01,2030,0.268
GLOBAL,PWRWONCRIXX01,2031,0.268
GLOBAL,PWRWONCRIXX01,2032,0.268
GLOBAL,PWRWONCRIXX01,2033,0.268
GLOBAL,PWRWONCRIXX01,2034,0.268
GLOBAL,PWRWONCRIXX01,2035,0.268
GLOBAL,PWRWONCRIXX01,2036,0.268
GLOBAL,PWRWONCRIXX01,2037,0.268
GLOBAL,PWRWONCRIXX01,2038,0.268
GLOBAL,PWRWONCRIXX01,2039,0.268
GLOBAL,PWRWONCRIXX01,2040,0.0
GLOBAL,PWRWONCRIXX01,2041,0.0
GLOBAL,PWRWONCRIXX01,2042,0.0
GLOBAL,PWRWONCRIXX01,2043,0.0
GLOBAL,PWRWONCRIXX01,2044,0.0
GLOBAL,PWRWONCRIXX01,2045,0.0
GLOBAL,PWRWONCRIXX01,2046,0.0
GLOBAL,PWRWONCRIXX01,2047,0.0
GLOBAL,PWRWONCRIXX01,2048,0.0
GLOBAL,PWRWONCRIXX01,2049,0.0
GLOBAL,PWRWONCRIXX01,2050,0.0
GLOBAL,PWRBIOCUBXX01,2021,0.53
GLOBAL,PWRBIOCUBXX01,2022,0.53
GLOBAL,PWRBIOCUBXX01,2023,0.53
GLOBAL,PWRBIOCUBXX01,2024,0.53
GLOBAL,PWRBIOCUBXX01,2025,0.53
GLOBAL,PWRBIOCUBXX01,2026,0.53
GLOBAL,PWRBIOCUBXX01,2027,0.53
GLOBAL,PWRBIOCUBXX01,2028,0.53
GLOBAL,PWRBIOCUBXX01,2029,0.53
GLOBAL,PWRBIOCUBXX01,2030,0.53
GLOBAL,PWRBIOCUBXX01,2031,0.53
GLOBAL,PWRBIOCUBXX01,2032,0.0
GLOBAL,PWRBIOCUBXX01,2033,0.0
GLOBAL,PWRBIOCUBXX01,2034,0.0
GLOBAL,PWRBIOCUBXX01,2035,0.0
GLOBAL,PWRBIOCUBXX01,2036,0.0
GLOBAL,PWRBIOCUBXX01,2037,0.0
GLOBAL,PWRBIOCUBXX01,2038,0.0
GLOBAL,PWRBIOCUBXX01,2039,0.0
GLOBAL,PWRBIOCUBXX01,2040,0.0
GLOBAL,PWRBIOCUBXX01,2041,0.0
GLOBAL,PWRBIOCUBXX01,2042,0.0
GLOBAL,PWRBIOCUBXX01,2043,0.0
GLOBAL,PWRBIOCUBXX01,2044,0.0
GLOBAL,PWRBIOCUBXX01,2045,0.0
GLOBAL,PWRBIOCUBXX01,2046,0.0
GLOBAL,PWRBIOCUBXX01,2047,0.0
GLOBAL,PWRBIOCUBXX01,2048,0.0
GLOBAL,PWRBIOCUBXX01,2049,0.0
GLOBAL,PWRBIOCUBXX01,2050,0.0
GLOBAL,PWRCCGCUBXX00,2021,0.662
GLOBAL,PWRCCGCUBXX00,2022,0.662
GLOBAL,PWRCCGCUBXX00,2023,0.662
GLOBAL,PWRCCGCUBXX00,2024,0.662
GLOBAL,PWRCCGCUBXX00,2025,0.0
GLOBAL,PWRCCGCUBXX00,2026,0.0
GLOBAL,PWRCCGCUBXX00,2027,0.0
GLOBAL,PWRCCGCUBXX00,2028,0.0
GLOBAL,PWRCCGCUBXX00,2029,0.0
GLOBAL,PWRCCGCUBXX00,2030,0.0
GLOBAL,PWRCCGCUBXX00,2031,0.0
GLOBAL,PWRCCGCUBXX00,2032,0.0
GLOBAL,PWRCCGCUBXX00,2033,0.0
GLOBAL,PWRCCGCUBXX00,2034,0.0
GLOBAL,PWRCCGCUBXX00,2035,0.0
GLOBAL,PWRCCGCUBXX00,2036,0.0
GLOBAL,PWRCCGCUBXX00,2037,0.0
GLOBAL,PWRCCGCUBXX00,2038,0.0
GLOBAL,PWRCCGCUBXX00,2039,0.0
GLOBAL,PWRCCGCUBXX00,2040,0.0
GLOBAL,PWRCCGCUBXX00,2041,0.0
GLOBAL,PWRCCGCUBXX00,2042,0.0
GLOBAL,PWRCCGCUBXX00,2043,0.0
GLOBAL,PWRCCGCUBXX00,2044,0.0
GLOBAL,PWRCCGCUBXX00,2045,0.0
GLOBAL,PWRCCGCUBXX00,2046,0.0
GLOBAL,PWRCCGCUBXX00,2047,0.0
GLOBAL,PWRCCGCUBXX00,2048,0.0
GLOBAL,PWRCCGCUBXX00,2049,0.0
GLOBAL,PWRCCGCUBXX00,2050,0.0
GLOBAL,PWRHYDCUBXX01,2021,0.06
GLOBAL,PWRHYDCUBXX01,2022,0.06
GLOBAL,PWRHYDCUBXX01,2023,0.06
GLOBAL,PWRHYDCUBXX01,2024,0.06
GLOBAL,PWRHYDCUBXX01,2025,0.06
GLOBAL,PWRHYDCUBXX01,2026,0.06
GLOBAL,PWRHYDCUBXX01,2027,0.06
GLOBAL,PWRHYDCUBXX01,2028,0.06
GLOBAL,PWRHYDCUBXX01,2029,0.06
GLOBAL,PWRHYDCUBXX01,2030,0.06
GLOBAL,PWRHYDCUBXX01,2031,0.06
GLOBAL,PWRHYDCUBXX01,2032,0.06
GLOBAL,PWRHYDCUBXX01,2033,0.06
GLOBAL,PWRHYDCUBXX01,2034,0.06
GLOBAL,PWRHYDCUBXX01,2035,0.06
GLOBAL,PWRHYDCUBXX01,2036,0.06
GLOBAL,PWRHYDCUBXX01,2037,0.06
GLOBAL,PWRHYDCUBXX01,2038,0.06
GLOBAL,PWRHYDCUBXX01,2039,0.06
GLOBAL,PWRHYDCUBXX01,2040,0.06
GLOBAL,PWRHYDCUBXX01,2041,0.06
GLOBAL,PWRHYDCUBXX01,2042,0.06
GLOBAL,PWRHYDCUBXX01,2043,0.06
GLOBAL,PWRHYDCUBXX01,2044,0.06
GLOBAL,PWRHYDCUBXX01,2045,0.06
GLOBAL,PWRHYDCUBXX01,2046,0.06
GLOBAL,PWRHYDCUBXX01,2047,0.06
GLOBAL,PWRHYDCUBXX01,2048,0.06
GLOBAL,PWRHYDCUBXX01,2049,0.06
GLOBAL,PWRHYDCUBXX01,2050,0.06
GLOBAL,PWROILCUBXX01,2021,5.4234
GLOBAL,PWROILCUBXX01,2022,5.4234
GLOBAL,PWROILCUBXX01,2023,5.4234
GLOBAL,PWROILCUBXX01,2024,5.4234
GLOBAL,PWROILCUBXX01,2025,5.4234
GLOBAL,PWROILCUBXX01,2026,5.4234
GLOBAL,PWROILCUBXX01,2027,0.0
GLOBAL,PWROILCUBXX01,2028,0.0
GLOBAL,PWROILCUBXX01,2029,0.0
GLOBAL,PWROILCUBXX01,2030,0.0
GLOBAL,PWROILCUBXX01,2031,0.0
GLOBAL,PWROILCUBXX01,2032,0.0
GLOBAL,PWROILCUBXX01,2033,0.0
GLOBAL,PWROILCUBXX01,2034,0.0
GLOBAL,PWROILCUBXX01,2035,0.0
GLOBAL,PWROILCUBXX01,2036,0.0
GLOBAL,PWROILCUBXX01,2037,0.0
GLOBAL,PWROILCUBXX01,2038,0.0
GLOBAL,PWROILCUBXX01,2039,0.0
GLOBAL,PWROILCUBXX01,2040,0.0
GLOBAL,PWROILCUBXX01,2041,0.0
GLOBAL,PWROILCUBXX01,2042,0.0
GLOBAL,PWROILCUBXX01,2043,0.0
GLOBAL,PWROILCUBXX01,2044,0.0
GLOBAL,PWROILCUBXX01,2045,0.0
GLOBAL,PWROILCUBXX01,2046,0.0
GLOBAL,PWROILCUBXX01,2047,0.0
GLOBAL,PWROILCUBXX01,2048,0.0
GLOBAL,PWROILCUBXX01,2049,0.0
GLOBAL,PWROILCUBXX01,2050,0.0
GLOBAL,PWRSPVCUBXX01,2021,0.024
GLOBAL,PWRSPVCUBXX01,2022,0.024
GLOBAL,PWRSPVCUBXX01,2023,0.024
GLOBAL,PWRSPVCUBXX01,2024,0.024
GLOBAL,PWRSPVCUBXX01,2025,0.024
GLOBAL,PWRSPVCUBXX01,2026,0.024
GLOBAL,PWRSPVCUBXX01,2027,0.024
GLOBAL,PWRSPVCUBXX01,2028,0.024
GLOBAL,PWRSPVCUBXX01,2029,0.024
GLOBAL,PWRSPVCUBXX01,2030,0.024
GLOBAL,PWRSPVCUBXX01,2031,0.024
GLOBAL,PWRSPVCUBXX01,2032,0.024
GLOBAL,PWRSPVCUBXX01,2033,0.024
GLOBAL,PWRSPVCUBXX01,2034,0.024
GLOBAL,PWRSPVCUBXX01,2035,0.024
GLOBAL,PWRSPVCUBXX01,2036,0.024
GLOBAL,PWRSPVCUBXX01,2037,0.024
GLOBAL,PWRSPVCUBXX01,2038,0.024
GLOBAL,PWRSPVCUBXX01,2039,0.024
GLOBAL,PWRSPVCUBXX01,2040,0.024
GLOBAL,PWRSPVCUBXX01,2041,0.024
GLOBAL,PWRSPVCUBXX01,2042,0.024
GLOBAL,PWRSPVCUBXX01,2043,0.024
GLOBAL,PWRSPVCUBXX01,2044,0.024
GLOBAL,PWRSPVCUBXX01,2045,0.0
GLOBAL,PWRSPVCUBXX01,2046,0.0
GLOBAL,PWRSPVCUBXX01,2047,0.0
GLOBAL,PWRSPVCUBXX01,2048,0.0
GLOBAL,PWRSPVCUBXX01,2049,0.0
GLOBAL,PWRSPVCUBXX01,2050,0.0
GLOBAL,PWRWONCUBXX01,2021,0.01
GLOBAL,PWRWONCUBXX01,2022,0.01
GLOBAL,PWRWONCUBXX01,2023,0.01
GLOBAL,PWRWONCUBXX01,2024,0.01
GLOBAL,PWRWONCUBXX01,2025,0.01
GLOBAL,PWRWONCUBXX01,2026,0.01
GLOBAL,PWRWONCUBXX01,2027,0.01
GLOBAL,PWRWONCUBXX01,2028,0.01
GLOBAL,PWRWONCUBXX01,2029,0.01
GLOBAL,PWRWONCUBXX01,2030,0.01
GLOBAL,PWRWONCUBXX01,2031,0.01
GLOBAL,PWRWONCUBXX01,2032,0.01
GLOBAL,PWRWONCUBXX01,2033,0.01
GLOBAL,PWRWONCUBXX01,2034,0.01
GLOBAL,PWRWONCUBXX01,2035,0.01
GLOBAL,PWRWONCUBXX01,2036,0.01
GLOBAL,PWRWONCUBXX01,2037,0.01
GLOBAL,PWRWONCUBXX01,2038,0.01
GLOBAL,PWRWONCUBXX01,2039,0.01
GLOBAL,PWRWONCUBXX01,2040,0.0
GLOBAL,PWRWONCUBXX01,2041,0.0
GLOBAL,PWRWONCUBXX01,2042,0.0
GLOBAL,PWRWONCUBXX01,2043,0.0
GLOBAL,PWRWONCUBXX01,2044,0.0
GLOBAL,PWRWONCUBXX01,2045,0.0
GLOBAL,PWRWONCUBXX01,2046,0.0
GLOBAL,PWRWONCUBXX01,2047,0.0
GLOBAL,PWRWONCUBXX01,2048,0.0
GLOBAL,PWRWONCUBXX01,2049,0.0
GLOBAL,PWRWONCUBXX01,2050,0.0
GLOBAL,PWRCCGCYPXX00,2021,0.867
GLOBAL,PWRCCGCYPXX00,2022,0.867
GLOBAL,PWRCCGCYPXX00,2023,0.867
GLOBAL,PWRCCGCYPXX00,2024,0.867
GLOBAL,PWRCCGCYPXX00,2025,0.0
GLOBAL,PWRCCGCYPXX00,2026,0.0
GLOBAL,PWRCCGCYPXX00,2027,0.0
GLOBAL,PWRCCGCYPXX00,2028,0.0
GLOBAL,PWRCCGCYPXX00,2029,0.0
GLOBAL,PWRCCGCYPXX00,2030,0.0
GLOBAL,PWRCCGCYPXX00,2031,0.0
GLOBAL,PWRCCGCYPXX00,2032,0.0
GLOBAL,PWRCCGCYPXX00,2033,0.0
GLOBAL,PWRCCGCYPXX00,2034,0.0
GLOBAL,PWRCCGCYPXX00,2035,0.0
GLOBAL,PWRCCGCYPXX00,2036,0.0
GLOBAL,PWRCCGCYPXX00,2037,0.0
GLOBAL,PWRCCGCYPXX00,2038,0.0
GLOBAL,PWRCCGCYPXX00,2039,0.0
GLOBAL,PWRCCGCYPXX00,2040,0.0
GLOBAL,PWRCCGCYPXX00,2041,0.0
GLOBAL,PWRCCGCYPXX00,2042,0.0
GLOBAL,PWRCCGCYPXX00,2043,0.0
GLOBAL,PWRCCGCYPXX00,2044,0.0
GLOBAL,PWRCCGCYPXX00,2045,0.0
GLOBAL,PWRCCGCYPXX00,2046,0.0
GLOBAL,PWRCCGCYPXX00,2047,0.0
GLOBAL,PWRCCGCYPXX00,2048,0.0
GLOBAL,PWRCCGCYPXX00,2049,0.0
GLOBAL,PWRCCGCYPXX00,2050,0.0
GLOBAL,PWROILCYPXX01,2021,1.478
GLOBAL,PWROILCYPXX01,2022,1.478
GLOBAL,PWROILCYPXX01,2023,1.478
GLOBAL,PWROILCYPXX01,2024,1.478
GLOBAL,PWROILCYPXX01,2025,1.478
GLOBAL,PWROILCYPXX01,2026,1.478
GLOBAL,PWROILCYPXX01,2027,0.0
GLOBAL,PWROILCYPXX01,2028,0.0
GLOBAL,PWROILCYPXX01,2029,0.0
GLOBAL,PWROILCYPXX01,2030,0.0
GLOBAL,PWROILCYPXX01,2031,0.0
GLOBAL,PWROILCYPXX01,2032,0.0
GLOBAL,PWROILCYPXX01,2033,0.0
GLOBAL,PWROILCYPXX01,2034,0.0
GLOBAL,PWROILCYPXX01,2035,0.0
GLOBAL,PWROILCYPXX01,2036,0.0
GLOBAL,PWROILCYPXX01,2037,0.0
GLOBAL,PWROILCYPXX01,2038,0.0
GLOBAL,PWROILCYPXX01,2039,0.0
GLOBAL,PWROILCYPXX01,2040,0.0
GLOBAL,PWROILCYPXX01,2041,0.0
GLOBAL,PWROILCYPXX01,2042,0.0
GLOBAL,PWROILCYPXX01,2043,0.0
GLOBAL,PWROILCYPXX01,2044,0.0
GLOBAL,PWROILCYPXX01,2045,0.0
GLOBAL,PWROILCYPXX01,2046,0.0
GLOBAL,PWROILCYPXX01,2047,0.0
GLOBAL,PWROILCYPXX01,2048,0.0
GLOBAL,PWROILCYPXX01,2049,0.0
GLOBAL,PWROILCYPXX01,2050,0.0
GLOBAL,PWRSPVCYPXX01,2021,0.052
GLOBAL,PWRSPVCYPXX01,2022,0.052
GLOBAL,PWRSPVCYPXX01,2023,0.052
GLOBAL,PWRSPVCYPXX01,2024,0.052
GLOBAL,PWRSPVCYPXX01,2025,0.052
GLOBAL,PWRSPVCYPXX01,2026,0.052
GLOBAL,PWRSPVCYPXX01,2027,0.052
GLOBAL,PWRSPVCYPXX01,2028,0.052
GLOBAL,PWRSPVCYPXX01,2029,0.052
GLOBAL,PWRSPVCYPXX01,2030,0.052
GLOBAL,PWRSPVCYPXX01,2031,0.052
GLOBAL,PWRSPVCYPXX01,2032,0.052
GLOBAL,PWRSPVCYPXX01,2033,0.052
GLOBAL,PWRSPVCYPXX01,2034,0.052
GLOBAL,PWRSPVCYPXX01,2035,0.052
GLOBAL,PWRSPVCYPXX01,2036,0.052
GLOBAL,PWRSPVCYPXX01,2037,0.052
GLOBAL,PWRSPVCYPXX01,2038,0.052
GLOBAL,PWRSPVCYPXX01,2039,0.052
GLOBAL,PWRSPVCYPXX01,2040,0.052
GLOBAL,PWRSPVCYPXX01,2041,0.052
GLOBAL,PWRSPVCYPXX01,2042,0.052
GLOBAL,PWRSPVCYPXX01,2043,0.052
GLOBAL,PWRSPVCYPXX01,2044,0.052
GLOBAL,PWRSPVCYPXX01,2045,0.0
GLOBAL,PWRSPVCYPXX01,2046,0.0
GLOBAL,PWRSPVCYPXX01,2047,0.0
GLOBAL,PWRSPVCYPXX01,2048,0.0
GLOBAL,PWRSPVCYPXX01,2049,0.0
GLOBAL,PWRSPVCYPXX01,2050,0.0
GLOBAL,PWRWONCYPXX01,2021,0.158
GLOBAL,PWRWONCYPXX01,2022,0.158
GLOBAL,PWRWONCYPXX01,2023,0.158
GLOBAL,PWRWONCYPXX01,2024,0.158
GLOBAL,PWRWONCYPXX01,2025,0.158
GLOBAL,PWRWONCYPXX01,2026,0.158
GLOBAL,PWRWONCYPXX01,2027,0.158
GLOBAL,PWRWONCYPXX01,2028,0.158
GLOBAL,PWRWONCYPXX01,2029,0.158
GLOBAL,PWRWONCYPXX01,2030,0.158
GLOBAL,PWRWONCYPXX01,2031,0.158
GLOBAL,PWRWONCYPXX01,2032,0.158
GLOBAL,PWRWONCYPXX01,2033,0.158
GLOBAL,PWRWONCYPXX01,2034,0.158
GLOBAL,PWRWONCYPXX01,2035,0.158
GLOBAL,PWRWONCYPXX01,2036,0.158
GLOBAL,PWRWONCYPXX01,2037,0.158
GLOBAL,PWRWONCYPXX01,2038,0.158
GLOBAL,PWRWONCYPXX01,2039,0.158
GLOBAL,PWRWONCYPXX01,2040,0.0
GLOBAL,PWRWONCYPXX01,2041,0.0
GLOBAL,PWRWONCYPXX01,2042,0.0
GLOBAL,PWRWONCYPXX01,2043,0.0
GLOBAL,PWRWONCYPXX01,2044,0.0
GLOBAL,PWRWONCYPXX01,2045,0.0
GLOBAL,PWRWONCYPXX01,2046,0.0
GLOBAL,PWRWONCYPXX01,2047,0.0
GLOBAL,PWRWONCYPXX01,2048,0.0
GLOBAL,PWRWONCYPXX01,2049,0.0
GLOBAL,PWRWONCYPXX01,2050,0.0
GLOBAL,PWRBIOCZEXX01,2021,0.796
GLOBAL,PWRBIOCZEXX01,2022,0.796
GLOBAL,PWRBIOCZEXX01,2023,0.796
GLOBAL,PWRBIOCZEXX01,2024,0.796
GLOBAL,PWRBIOCZEXX01,2025,0.796
GLOBAL,PWRBIOCZEXX01,2026,0.796
GLOBAL,PWRBIOCZEXX01,2027,0.796
GLOBAL,PWRBIOCZEXX01,2028,0.796
GLOBAL,PWRBIOCZEXX01,2029,0.796
GLOBAL,PWRBIOCZEXX01,2030,0.796
GLOBAL,PWRBIOCZEXX01,2031,0.796
GLOBAL,PWRBIOCZEXX01,2032,0.0
GLOBAL,PWRBIOCZEXX01,2033,0.0
GLOBAL,PWRBIOCZEXX01,2034,0.0
GLOBAL,PWRBIOCZEXX01,2035,0.0
GLOBAL,PWRBIOCZEXX01,2036,0.0
GLOBAL,PWRBIOCZEXX01,2037,0.0
GLOBAL,PWRBIOCZEXX01,2038,0.0
GLOBAL,PWRBIOCZEXX01,2039,0.0
GLOBAL,PWRBIOCZEXX01,2040,0.0
GLOBAL,PWRBIOCZEXX01,2041,0.0
GLOBAL,PWRBIOCZEXX01,2042,0.0
GLOBAL,PWRBIOCZEXX01,2043,0.0
GLOBAL,PWRBIOCZEXX01,2044,0.0
GLOBAL,PWRBIOCZEXX01,2045,0.0
GLOBAL,PWRBIOCZEXX01,2046,0.0
GLOBAL,PWRBIOCZEXX01,2047,0.0
GLOBAL,PWRBIOCZEXX01,2048,0.0
GLOBAL,PWRBIOCZEXX01,2049,0.0
GLOBAL,PWRBIOCZEXX01,2050,0.0
GLOBAL,PWRCCGCZEXX00,2021,1.99
GLOBAL,PWRCCGCZEXX00,2022,1.99
GLOBAL,PWRCCGCZEXX00,2023,1.99
GLOBAL,PWRCCGCZEXX00,2024,1.99
GLOBAL,PWRCCGCZEXX00,2025,1.21
GLOBAL,PWRCCGCZEXX00,2026,0.84
GLOBAL,PWRCCGCZEXX00,2027,0.84
GLOBAL,PWRCCGCZEXX00,2028,0.84
GLOBAL,PWRCCGCZEXX00,2029,0.84
GLOBAL,PWRCCGCZEXX00,2030,0.84
GLOBAL,PWRCCGCZEXX00,2031,0.84
GLOBAL,PWRCCGCZEXX00,2032,0.84
GLOBAL,PWRCCGCZEXX00,2033,0.84
GLOBAL,PWRCCGCZEXX00,2034,0.84
GLOBAL,PWRCCGCZEXX00,2035,0.84
GLOBAL,PWRCCGCZEXX00,2036,0.84
GLOBAL,PWRCCGCZEXX00,2037,0.84
GLOBAL,PWRCCGCZEXX00,2038,0.84
GLOBAL,PWRCCGCZEXX00,2039,0.84
GLOBAL,PWRCCGCZEXX00,2040,0.84
GLOBAL,PWRCCGCZEXX00,2041,0.84
GLOBAL,PWRCCGCZEXX00,2042,0.84
GLOBAL,PWRCCGCZEXX00,2043,0.84
GLOBAL,PWRCCGCZEXX00,2044,0.84
GLOBAL,PWRCCGCZEXX00,2045,0.0
GLOBAL,PWRCCGCZEXX00,2046,0.0
GLOBAL,PWRCCGCZEXX00,2047,0.0
GLOBAL,PWRCCGCZEXX00,2048,0.0
GLOBAL,PWRCCGCZEXX00,2049,0.0
GLOBAL,PWRCCGCZEXX00,2050,0.0
GLOBAL,PWRCOACZEXX01,2021,10.15
GLOBAL,PWRCOACZEXX01,2022,10.15
GLOBAL,PWRCOACZEXX01,2023,10.15
GLOBAL,PWRCOACZEXX01,2024,10.15
GLOBAL,PWRCOACZEXX01,2025,9.973
GLOBAL,PWRCOACZEXX01,2026,9.973
GLOBAL,PWRCOACZEXX01,2027,9.973
GLOBAL,PWRCOACZEXX01,2028,7.746
GLOBAL,PWRCOACZEXX01,2029,2.179
GLOBAL,PWRCOACZEXX01,2030,2.109
GLOBAL,PWRCOACZEXX01,2031,2.109
GLOBAL,PWRCOACZEXX01,2032,2.045
GLOBAL,PWRCOACZEXX01,2033,2.045
GLOBAL,PWRCOACZEXX01,2034,1.154
GLOBAL,PWRCOACZEXX01,2035,1.154
GLOBAL,PWRCOACZEXX01,2036,1.154
GLOBAL,PWRCOACZEXX01,2037,1.154
GLOBAL,PWRCOACZEXX01,2038,1.154
GLOBAL,PWRCOACZEXX01,2039,1.154
GLOBAL,PWRCOACZEXX01,2040,1.154
GLOBAL,PWRCOACZEXX01,2041,1.154
GLOBAL,PWRCOACZEXX01,2042,1.154
GLOBAL,PWRCOACZEXX01,2043,1.154
GLOBAL,PWRCOACZEXX01,2044,1.154
GLOBAL,PWRCOACZEXX01,2045,0.75
GLOBAL,PWRCOACZEXX01,2046,0.75
GLOBAL,PWRCOACZEXX01,2047,0.0
GLOBAL,PWRCOACZEXX01,2048,0.0
GLOBAL,PWRCOACZEXX01,2049,0.0
GLOBAL,PWRCOACZEXX01,2050,0.0
GLOBAL,PWRHYDCZEXX01,2021,1.828
GLOBAL,PWRHYDCZEXX01,2022,1.828
GLOBAL,PWRHYDCZEXX01,2023,1.828
GLOBAL,PWRHYDCZEXX01,2024,1.828
GLOBAL,PWRHYDCZEXX01,2025,1.828
GLOBAL,PWRHYDCZEXX01,2026,1.828
GLOBAL,PWRHYDCZEXX01,2027,1.828
GLOBAL,PWRHYDCZEXX01,2028,1.828
GLOBAL,PWRHYDCZEXX01,2029,1.828
GLOBAL,PWRHYDCZEXX01,2030,1.828
GLOBAL,PWRHYDCZEXX01,2031,1.828
GLOBAL,PWRHYDCZEXX01,2032,1.828
GLOBAL,PWRHYDCZEXX01,2033,1.828
GLOBAL,PWRHYDCZEXX01,2034,1.828
GLOBAL,PWRHYDCZEXX01,2035,1.828
GLOBAL,PWRHYDCZEXX01,2036,1.828
GLOBAL,PWRHYDCZEXX01,2037,1.828
GLOBAL,PWRHYDCZEXX01,2038,1.828
GLOBAL,PWRHYDCZEXX01,2039,1.828
GLOBAL,PWRHYDCZEXX01,2040,1.828
GLOBAL,PWRHYDCZEXX01,2041,1.828
GLOBAL,PWRHYDCZEXX01,2042,1.828
GLOBAL,PWRHYDCZEXX01,2043,1.828
GLOBAL,PWRHYDCZEXX01,2044,1.828
GLOBAL,PWRHYDCZEXX01,2045,1.805
GLOBAL,PWRHYDCZEXX01,2046,1.805
GLOBAL,PWRHYDCZEXX01,2047,1.805
GLOBAL,PWRHYDCZEXX01,2048,1.805
GLOBAL,PWRHYDCZEXX01,2049,1.805
GLOBAL,PWRHYDCZEXX01,2050,1.805
GLOBAL,PWROCGCZEXX00,2021,0.11
GLOBAL,PWROCGCZEXX00,2022,0.11
GLOBAL,PWROCGCZEXX00,2023,0.11
GLOBAL,PWROCGCZEXX00,2024,0.11
GLOBAL,PWROCGCZEXX00,2025,0.11
GLOBAL,PWROCGCZEXX00,2026,0.11
GLOBAL,PWROCGCZEXX00,2027,0.11
GLOBAL,PWROCGCZEXX00,2028,0.11
GLOBAL,PWROCGCZEXX00,2029,0.11
GLOBAL,PWROCGCZEXX00,2030,0.0
GLOBAL,PWROCGCZEXX00,2031,0.0
GLOBAL,PWROCGCZEXX00,2032,0.0
GLOBAL,PWROCGCZEXX00,2033,0.0
GLOBAL,PWROCGCZEXX00,2034,0.0
GLOBAL,PWROCGCZEXX00,2035,0.0
GLOBAL,PWROCGCZEXX00,2036,0.0
GLOBAL,PWROCGCZEXX00,2037,0.0
GLOBAL,PWROCGCZEXX00,2038,0.0
GLOBAL,PWROCGCZEXX00,2039,0.0
GLOBAL,PWROCGCZEXX00,2040,0.0
GLOBAL,PWROCGCZEXX00,2041,0.0
GLOBAL,PWROCGCZEXX00,2042,0.0
GLOBAL,PWROCGCZEXX00,2043,0.0
GLOBAL,PWROCGCZEXX00,2044,0.0
GLOBAL,PWROCGCZEXX00,2045,0.0
GLOBAL,PWROCGCZEXX00,2046,0.0
GLOBAL,PWROCGCZEXX00,2047,0.0
GLOBAL,PWROCGCZEXX00,2048,0.0
GLOBAL,PWROCGCZEXX00,2049,0.0
GLOBAL,PWROCGCZEXX00,2050,0.0
GLOBAL,PWRSPVCZEXX01,2021,2.0822
GLOBAL,PWRSPVCZEXX01,2022,2.0822
GLOBAL,PWRSPVCZEXX01,2023,2.0822
GLOBAL,PWRSPVCZEXX01,2024,2.0822
GLOBAL,PWRSPVCZEXX01,2025,2.0822
GLOBAL,PWRSPVCZEXX01,2026,2.0822
GLOBAL,PWRSPVCZEXX01,2027,2.0822
GLOBAL,PWRSPVCZEXX01,2028,2.0822
GLOBAL,PWRSPVCZEXX01,2029,2.0822
GLOBAL,PWRSPVCZEXX01,2030,2.0822
GLOBAL,PWRSPVCZEXX01,2031,2.0822
GLOBAL,PWRSPVCZEXX01,2032,2.0822
GLOBAL,PWRSPVCZEXX01,2033,2.0822
GLOBAL,PWRSPVCZEXX01,2034,2.0822
GLOBAL,PWRSPVCZEXX01,2035,2.0822
GLOBAL,PWRSPVCZEXX01,2036,2.0822
GLOBAL,PWRSPVCZEXX01,2037,2.0822
GLOBAL,PWRSPVCZEXX01,2038,2.0822
GLOBAL,PWRSPVCZEXX01,2039,2.0822
GLOBAL,PWRSPVCZEXX01,2040,2.0822
GLOBAL,PWRSPVCZEXX01,2041,2.0822
GLOBAL,PWRSPVCZEXX01,2042,2.0822
GLOBAL,PWRSPVCZEXX01,2043,2.0822
GLOBAL,PWRSPVCZEXX01,2044,2.0822
GLOBAL,PWRSPVCZEXX01,2045,0.0
GLOBAL,PWRSPVCZEXX01,2046,0.0
GLOBAL,PWRSPVCZEXX01,2047,0.0
GLOBAL,PWRSPVCZEXX01,2048,0.0
GLOBAL,PWRSPVCZEXX01,2049,0.0
GLOBAL,PWRSPVCZEXX01,2050,0.0
GLOBAL,PWRURNCZEXX01,2021,4.172
GLOBAL,PWRURNCZEXX01,2022,4.172
GLOBAL,PWRURNCZEXX01,2023,4.172
GLOBAL,PWRURNCZEXX01,2024,4.172
GLOBAL,PWRURNCZEXX01,2025,4.172
GLOBAL,PWRURNCZEXX01,2026,4.172
GLOBAL,PWRURNCZEXX01,2027,4.172
GLOBAL,PWRURNCZEXX01,2028,4.172
GLOBAL,PWRURNCZEXX01,2029,4.172
GLOBAL,PWRURNCZEXX01,2030,4.172
GLOBAL,PWRURNCZEXX01,2031,4.172
GLOBAL,PWRURNCZEXX01,2032,4.172
GLOBAL,PWRURNCZEXX01,2033,4.172
GLOBAL,PWRURNCZEXX01,2034,4.172
GLOBAL,PWRURNCZEXX01,2035,4.172
GLOBAL,PWRURNCZEXX01,2036,4.172
GLOBAL,PWRURNCZEXX01,2037,4.172
GLOBAL,PWRURNCZEXX01,2038,4.172
GLOBAL,PWRURNCZEXX01,2039,4.172
GLOBAL,PWRURNCZEXX01,2040,4.172
GLOBAL,PWRURNCZEXX01,2041,4.172
GLOBAL,PWRURNCZEXX01,2042,4.172
GLOBAL,PWRURNCZEXX01,2043,4.172
GLOBAL,PWRURNCZEXX01,2044,4.172
GLOBAL,PWRURNCZEXX01,2045,2.132
GLOBAL,PWRURNCZEXX01,2046,2.132
GLOBAL,PWRURNCZEXX01,2047,2.132
GLOBAL,PWRURNCZEXX01,2048,2.132
GLOBAL,PWRURNCZEXX01,2049,2.132
GLOBAL,PWRURNCZEXX01,2050,2.132
GLOBAL,PWRWONCZEXX01,2021,0.281
GLOBAL,PWRWONCZEXX01,2022,0.281
GLOBAL,PWRWONCZEXX01,2023,0.281
GLOBAL,PWRWONCZEXX01,2024,0.281
GLOBAL,PWRWONCZEXX01,2025,0.281
GLOBAL,PWRWONCZEXX01,2026,0.281
GLOBAL,PWRWONCZEXX01,2027,0.281
GLOBAL,PWRWONCZEXX01,2028,0.281
GLOBAL,PWRWONCZEXX01,2029,0.281
GLOBAL,PWRWONCZEXX01,2030,0.281
GLOBAL,PWRWONCZEXX01,2031,0.281
GLOBAL,PWRWONCZEXX01,2032,0.281
GLOBAL,PWRWONCZEXX01,2033,0.281
GLOBAL,PWRWONCZEXX01,2034,0.281
GLOBAL,PWRWONCZEXX01,2035,0.281
GLOBAL,PWRWONCZEXX01,2036,0.281
GLOBAL,PWRWONCZEXX01,2037,0.281
GLOBAL,PWRWONCZEXX01,2038,0.281
GLOBAL,PWRWONCZEXX01,2039,0.281
GLOBAL,PWRWONCZEXX01,2040,0.0
GLOBAL,PWRWONCZEXX01,2041,0.0
GLOBAL,PWRWONCZEXX01,2042,0.0
GLOBAL,PWRWONCZEXX01,2043,0.0
GLOBAL,PWRWONCZEXX01,2044,0.0
GLOBAL,PWRWONCZEXX01,2045,0.0
GLOBAL,PWRWONCZEXX01,2046,0.0
GLOBAL,PWRWONCZEXX01,2047,0.0
GLOBAL,PWRWONCZEXX01,2048,0.0
GLOBAL,PWRWONCZEXX01,2049,0.0
GLOBAL,PWRWONCZEXX01,2050,0.0
GLOBAL,PWRBIODEUXX01,2021,8.4009
GLOBAL,PWRBIODEUXX01,2022,8.4009
GLOBAL,PWRBIODEUXX01,2023,8.4009
GLOBAL,PWRBIODEUXX01,2024,8.4009
GLOBAL,PWRBIODEUXX01,2025,8.4009
GLOBAL,PWRBIODEUXX01,2026,8.4009
GLOBAL,PWRBIODEUXX01,2027,8.3909
GLOBAL,PWRBIODEUXX01,2028,8.3749
GLOBAL,PWRBIODEUXX01,2029,8.3749
GLOBAL,PWRBIODEUXX01,2030,8.3109
GLOBAL,PWRBIODEUXX01,2031,8.2719
GLOBAL,PWRBIODEUXX01,2032,1.245
GLOBAL,PWRBIODEUXX01,2033,1.19
GLOBAL,PWRBIODEUXX01,2034,0.508
GLOBAL,PWRBIODEUXX01,2035,0.368
GLOBAL,PWRBIODEUXX01,2036,0.273
GLOBAL,PWRBIODEUXX01,2037,0.159
GLOBAL,PWRBIODEUXX01,2038,0.134
GLOBAL,PWRBIODEUXX01,2039,0.109
GLOBAL,PWRBIODEUXX01,2040,0.078
GLOBAL,PWRBIODEUXX01,2041,0.0
GLOBAL,PWRBIODEUXX01,2042,0.0
GLOBAL,PWRBIODEUXX01,2043,0.0
GLOBAL,PWRBIODEUXX01,2044,0.0
GLOBAL,PWRBIODEUXX01,2045,0.0
GLOBAL,PWRBIODEUXX01,2046,0.0
GLOBAL,PWRBIODEUXX01,2047,0.0
GLOBAL,PWRBIODEUXX01,2048,0.0
GLOBAL,PWRBIODEUXX01,2049,0.0
GLOBAL,PWRBIODEUXX01,2050,0.0
GLOBAL,PWRCCGDEUXX00,2021,25.9377
GLOBAL,PWRCCGDEUXX00,2022,25.9377
GLOBAL,PWRCCGDEUXX00,2023,25.9377
GLOBAL,PWRCCGDEUXX00,2024,25.9377
GLOBAL,PWRCCGDEUXX00,2025,9.756
GLOBAL,PWRCCGDEUXX00,2026,9.493
GLOBAL,PWRCCGDEUXX00,2027,8.27
GLOBAL,PWRCCGDEUXX00,2028,7.88
GLOBAL,PWRCCGDEUXX00,2029,6.568
GLOBAL,PWRCCGDEUXX00,2030,6.568
GLOBAL,PWRCCGDEUXX00,2031,5.982
GLOBAL,PWRCCGDEUXX00,2032,5.37
GLOBAL,PWRCCGDEUXX00,2033,5.37
GLOBAL,PWRCCGDEUXX00,2034,2.632
GLOBAL,PWRCCGDEUXX00,2035,2.188
GLOBAL,PWRCCGDEUXX00,2036,1.01
GLOBAL,PWRCCGDEUXX00,2037,1.01
GLOBAL,PWRCCGDEUXX00,2038,1.01
GLOBAL,PWRCCGDEUXX00,2039,0.173
GLOBAL,PWRCCGDEUXX00,2040,0.173
GLOBAL,PWRCCGDEUXX00,2041,0.173
GLOBAL,PWRCCGDEUXX00,2042,0.173
GLOBAL,PWRCCGDEUXX00,2043,0.173
GLOBAL,PWRCCGDEUXX00,2044,0.173
GLOBAL,PWRCCGDEUXX00,2045,0.0
GLOBAL,PWRCCGDEUXX00,2046,0.0
GLOBAL,PWRCCGDEUXX00,2047,0.0
GLOBAL,PWRCCGDEUXX00,2048,0.0
GLOBAL,PWRCCGDEUXX00,2049,0.0
GLOBAL,PWRCCGDEUXX00,2050,0.0
GLOBAL,PWRCOADEUXX01,2021,47.782
GLOBAL,PWRCOADEUXX01,2022,47.398
GLOBAL,PWRCOADEUXX01,2023,45.498
GLOBAL,PWRCOADEUXX01,2024,45.265
GLOBAL,PWRCOADEUXX01,2025,44.72
GLOBAL,PWRCOADEUXX01,2026,44.71
GLOBAL,PWRCOADEUXX01,2027,43.748
GLOBAL,PWRCOADEUXX01,2028,38.941
GLOBAL,PWRCOADEUXX01,2029,26.309
GLOBAL,PWRCOADEUXX01,2030,25.359
GLOBAL,PWRCOADEUXX01,2031,24.421
GLOBAL,PWRCOADEUXX01,2032,24.421
GLOBAL,PWRCOADEUXX01,2033,24.421
GLOBAL,PWRCOADEUXX01,2034,5.652
GLOBAL,PWRCOADEUXX01,2035,5.627
GLOBAL,PWRCOADEUXX01,2036,5.609
GLOBAL,PWRCOADEUXX01,2037,5.609
GLOBAL,PWRCOADEUXX01,2038,5.609
GLOBAL,PWRCOADEUXX01,2039,5.609
GLOBAL,PWRCOADEUXX01,2040,5.586
GLOBAL,PWRCOADEUXX01,2041,5.497
GLOBAL,PWRCOADEUXX01,2042,5.497
GLOBAL,PWRCOADEUXX01,2043,3.397
GLOBAL,PWRCOADEUXX01,2044,2.65
GLOBAL,PWRCOADEUXX01,2045,1.602
GLOBAL,PWRCOADEUXX01,2046,0.0
GLOBAL,PWRCOADEUXX01,2047,0.0
GLOBAL,PWRCOADEUXX01,2048,0.0
GLOBAL,PWRCOADEUXX01,2049,0.0
GLOBAL,PWRCOADEUXX01,2050,0.0
GLOBAL,PWRCSPDEUXX01,2021,0.002
GLOBAL,PWRCSPDEUXX01,2022,0.002
GLOBAL,PWRCSPDEUXX01,2023,0.002
GLOBAL,PWRCSPDEUXX01,2024,0.002
GLOBAL,PWRCSPDEUXX01,2025,0.002
GLOBAL,PWRCSPDEUXX01,2026,0.002
GLOBAL,PWRCSPDEUXX01,2027,0.002
GLOBAL,PWRCSPDEUXX01,2028,0.002
GLOBAL,PWRCSPDEUXX01,2029,0.002
GLOBAL,PWRCSPDEUXX01,2030,0.002
GLOBAL,PWRCSPDEUXX01,2031,0.002
GLOBAL,PWRCSPDEUXX01,2032,0.002
GLOBAL,PWRCSPDEUXX01,2033,0.002
GLOBAL,PWRCSPDEUXX01,2034,0.002
GLOBAL,PWRCSPDEUXX01,2035,0.002
GLOBAL,PWRCSPDEUXX01,2036,0.002
GLOBAL,PWRCSPDEUXX01,2037,0.002
GLOBAL,PWRCSPDEUXX01,2038,0.002
GLOBAL,PWRCSPDEUXX01,2039,0.002
GLOBAL,PWRCSPDEUXX01,2040,0.0
GLOBAL,PWRCSPDEUXX01,2041,0.0
GLOBAL,PWRCSPDEUXX01,2042,0.0
GLOBAL,PWRCSPDEUXX01,2043,0.0
GLOBAL,PWRCSPDEUXX01,2044,0.0
GLOBAL,PWRCSPDEUXX01,2045,0.0
GLOBAL,PWRCSPDEUXX01,2046,0.0
GLOBAL,PWRCSPDEUXX01,2047,0.0
GLOBAL,PWRCSPDEUXX01,2048,0.0
GLOBAL,PWRCSPDEUXX01,2049,0.0
GLOBAL,PWRCSPDEUXX01,2050,0.0
GLOBAL,PWRGEODEUXX01,2021,0.026
GLOBAL,PWRGEODEUXX01,2022,0.026
GLOBAL,PWRGEODEUXX01,2023,0.026
GLOBAL,PWRGEODEUXX01,2024,0.026
GLOBAL,PWRGEODEUXX01,2025,0.026
GLOBAL,PWRGEODEUXX01,2026,0.0
GLOBAL,PWRGEODEUXX01,2027,0.0
GLOBAL,PWRGEODEUXX01,2028,0.0
GLOBAL,PWRGEODEUXX01,2029,0.0
GLOBAL,PWRGEODEUXX01,2030,0.0
GLOBAL,PWRGEODEUXX01,2031,0.0
GLOBAL,PWRGEODEUXX01,2032,0.0
GLOBAL,PWRGEODEUXX01,2033,0.0
GLOBAL,PWRGEODEUXX01,2034,0.0
GLOBAL,PWRGEODEUXX01,2035,0.0
GLOBAL,PWRGEODEUXX01,2036,0.0
GLOBAL,PWRGEODEUXX01,2037,0.0
GLOBAL,PWRGEODEUXX01,2038,0.0
GLOBAL,PWRGEODEUXX01,2039,0.0
GLOBAL,PWRGEODEUXX01,2040,0.0
GLOBAL,PWRGEODEUXX01,2041,0.0
GLOBAL,PWRGEODEUXX01,2042,0.0
GLOBAL,PWRGEODEUXX01,2043,0.0
GLOBAL,PWRGEODEUXX01,2044,0.0
GLOBAL,PWRGEODEUXX01,2045,0.0
GLOBAL,PWRGEODEUXX01,2046,0.0
GLOBAL,PWRGEODEUXX01,2047,0.0
GLOBAL,PWRGEODEUXX01,2048,0.0
GLOBAL,PWRGEODEUXX01,2049,0.0
GLOBAL,PWRGEODEUXX01,2050,0.0
GLOBAL,PWRHYDDEUXX01,2021,9.984
GLOBAL,PWRHYDDEUXX01,2022,9.984
GLOBAL,PWRHYDDEUXX01,2023,9.928
GLOBAL,PWRHYDDEUXX01,2024,9.916
GLOBAL,PWRHYDDEUXX01,2025,9.669
GLOBAL,PWRHYDDEUXX01,2026,9.643
GLOBAL,PWRHYDDEUXX01,2027,9.578
GLOBAL,PWRHYDDEUXX01,2028,9.513
GLOBAL,PWRHYDDEUXX01,2029,9.513
GLOBAL,PWRHYDDEUXX01,2030,9.491
GLOBAL,PWRHYDDEUXX01,2031,9.466
GLOBAL,PWRHYDDEUXX01,2032,9.193
GLOBAL,PWRHYDDEUXX01,2033,9.113
GLOBAL,PWRHYDDEUXX01,2034,8.816
GLOBAL,PWRHYDDEUXX01,2035,8.816
GLOBAL,PWRHYDDEUXX01,2036,8.816
GLOBAL,PWRHYDDEUXX01,2037,8.816
GLOBAL,PWRHYDDEUXX01,2038,8.816
GLOBAL,PWRHYDDEUXX01,2039,8.709
GLOBAL,PWRHYDDEUXX01,2040,8.709
GLOBAL,PWRHYDDEUXX01,2041,8.709
GLOBAL,PWRHYDDEUXX01,2042,8.709
GLOBAL,PWRHYDDEUXX01,2043,8.672
GLOBAL,PWRHYDDEUXX01,2044,8.452
GLOBAL,PWRHYDDEUXX01,2045,8.412
GLOBAL,PWRHYDDEUXX01,2046,8.412
GLOBAL,PWRHYDDEUXX01,2047,8.412
GLOBAL,PWRHYDDEUXX01,2048,8.412
GLOBAL,PWRHYDDEUXX01,2049,8.412
GLOBAL,PWRHYDDEUXX01,2050,8.412
GLOBAL,PWROCGDEUXX00,2021,5.807
GLOBAL,PWROCGDEUXX00,2022,5.784
GLOBAL,PWROCGDEUXX00,2023,5.701
GLOBAL,PWROCGDEUXX00,2024,5.586
GLOBAL,PWROCGDEUXX00,2025,4.471
GLOBAL,PWROCGDEUXX00,2026,4.379
GLOBAL,PWROCGDEUXX00,2027,4.042
GLOBAL,PWROCGDEUXX00,2028,3.891
GLOBAL,PWROCGDEUXX00,2029,3.033
GLOBAL,PWROCGDEUXX00,2030,2.9
GLOBAL,PWROCGDEUXX00,2031,2.645
GLOBAL,PWROCGDEUXX00,2032,2.578
GLOBAL,PWROCGDEUXX00,2033,2.502
GLOBAL,PWROCGDEUXX00,2034,1.94
GLOBAL,PWROCGDEUXX00,2035,1.484
GLOBAL,PWROCGDEUXX00,2036,1.121
GLOBAL,PWROCGDEUXX00,2037,1.11
GLOBAL,PWROCGDEUXX00,2038,1.096
GLOBAL,PWROCGDEUXX00,2039,0.967
GLOBAL,PWROCGDEUXX00,2040,0.84
GLOBAL,PWROCGDEUXX00,2041,0.742
GLOBAL,PWROCGDEUXX00,2042,0.695
GLOBAL,PWROCGDEUXX00,2043,0.511
GLOBAL,PWROCGDEUXX00,2044,0.183
GLOBAL,PWROCGDEUXX00,2045,0.065
GLOBAL,PWROCGDEUXX00,2046,0.0
GLOBAL,PWROCGDEUXX00,2047,0.0
GLOBAL,PWROCGDEUXX00,2048,0.0
GLOBAL,PWROCGDEUXX00,2049,0.0
GLOBAL,PWROCGDEUXX00,2050,0.0
GLOBAL,PWROILDEUXX01,2021,4.5328
GLOBAL,PWROILDEUXX01,2022,4.5328
GLOBAL,PWROILDEUXX01,2023,4.5328
GLOBAL,PWROILDEUXX01,2024,4.4948
GLOBAL,PWROILDEUXX01,2025,4.3748
GLOBAL,PWROILDEUXX01,2026,4.2218
GLOBAL,PWROILDEUXX01,2027,1.998
GLOBAL,PWROILDEUXX01,2028,1.905
GLOBAL,PWROILDEUXX01,2029,1.268
GLOBAL,PWROILDEUXX01,2030,1.268
GLOBAL,PWROILDEUXX01,2031,1.268
GLOBAL,PWROILDEUXX01,2032,1.268
GLOBAL,PWROILDEUXX01,2033,1.268
GLOBAL,PWROILDEUXX01,2034,0.165
GLOBAL,PWROILDEUXX01,2035,0.085
GLOBAL,PWROILDEUXX01,2036,0.085
GLOBAL,PWROILDEUXX01,2037,0.085
GLOBAL,PWROILDEUXX01,2038,0.085
GLOBAL,PWROILDEUXX01,2039,0.025
GLOBAL,PWROILDEUXX01,2040,0.025
GLOBAL,PWROILDEUXX01,2041,0.025
GLOBAL,PWROILDEUXX01,2042,0.0
GLOBAL,PWROILDEUXX01,2043,0.0
GLOBAL,PWROILDEUXX01,2044,0.0
GLOBAL,PWROILDEUXX01,2045,0.0
GLOBAL,PWROILDEUXX01,2046,0.0
GLOBAL,PWROILDEUXX01,2047,0.0
GLOBAL,PWROILDEUXX01,2048,0.0
GLOBAL,PWROILDEUXX01,2049,0.0
GLOBAL,PWROILDEUXX01,2050,0.0
GLOBAL,PWROTHDEUXX01,2021,0.758
GLOBAL,PWROTHDEUXX01,2022,0.758
GLOBAL,PWROTHDEUXX01,2023,0.648
GLOBAL,PWROTHDEUXX01,2024,0.648
GLOBAL,PWROTHDEUXX01,2025,0.648
GLOBAL,PWROTHDEUXX01,2026,0.648
GLOBAL,PWROTHDEUXX01,2027,0.648
GLOBAL,PWROTHDEUXX01,2028,0.648
GLOBAL,PWROTHDEUXX01,2029,0.534
GLOBAL,PWROTHDEUXX01,2030,0.534
GLOBAL,PWROTHDEUXX01,2031,0.52
GLOBAL,PWROTHDEUXX01,2032,0.52
GLOBAL,PWROTHDEUXX01,2033,0.52
GLOBAL,PWROTHDEUXX01,2034,0.52
GLOBAL,PWROTHDEUXX01,2035,0.52
GLOBAL,PWROTHDEUXX01,2036,0.52
GLOBAL,PWROTHDEUXX01,2037,0.52
GLOBAL,PWROTHDEUXX01,2038,0.52
GLOBAL,PWROTHDEUXX01,2039,0.52
GLOBAL,PWROTHDEUXX01,2040,0.52
GLOBAL,PWROTHDEUXX01,2041,0.125
GLOBAL,PWROTHDEUXX01,2042,0.101
GLOBAL,PWROTHDEUXX01,2043,0.101
GLOBAL,PWROTHDEUXX01,2044,0.0
GLOBAL,PWROTHDEUXX01,2045,0.0
GLOBAL,PWROTHDEUXX01,2046,0.0
GLOBAL,PWROTHDEUXX01,2047,0.0
GLOBAL,PWROTHDEUXX01,2048,0.0
GLOBAL,PWROTHDEUXX01,2049,0.0
GLOBAL,PWROTHDEUXX01,2050,0.0
GLOBAL,PWRSPVDEUXX01,2021,39.8075
GLOBAL,PWRSPVDEUXX01,2022,39.8075
GLOBAL,PWRSPVDEUXX01,2023,39.8075
GLOBAL,PWRSPVDEUXX01,2024,39.8075
GLOBAL,PWRSPVDEUXX01,2025,39.8075
GLOBAL,PWRSPVDEUXX01,2026,39.8075
GLOBAL,PWRSPVDEUXX01,2027,39.8075
GLOBAL,PWRSPVDEUXX01,2028,39.8075
GLOBAL,PWRSPVDEUXX01,2029,39.8075
GLOBAL,PWRSPVDEUXX01,2030,39.8075
GLOBAL,PWRSPVDEUXX01,2031,39.8075
GLOBAL,PWRSPVDEUXX01,2032,39.8075
GLOBAL,PWRSPVDEUXX01,2033,39.8075
GLOBAL,PWRSPVDEUXX01,2034,39.8075
GLOBAL,PWRSPVDEUXX01,2035,39.8075
GLOBAL,PWRSPVDEUXX01,2036,39.8075
GLOBAL,PWRSPVDEUXX01,2037,39.8075
GLOBAL,PWRSPVDEUXX01,2038,39.8075
GLOBAL,PWRSPVDEUXX01,2039,39.8075
GLOBAL,PWRSPVDEUXX01,2040,39.8075
GLOBAL,PWRSPVDEUXX01,2041,39.8075
GLOBAL,PWRSPVDEUXX01,2042,39.8075
GLOBAL,PWRSPVDEUXX01,2043,39.8075
GLOBAL,PWRSPVDEUXX01,2044,39.8075
GLOBAL,PWRSPVDEUXX01,2045,0.0
GLOBAL,PWRSPVDEUXX01,2046,0.0
GLOBAL,PWRSPVDEUXX01,2047,0.0
GLOBAL,PWRSPVDEUXX01,2048,0.0
GLOBAL,PWRSPVDEUXX01,2049,0.0
GLOBAL,PWRSPVDEUXX01,2050,0.0
GLOBAL,PWRURNDEUXX01,2021,11.168
GLOBAL,PWRURNDEUXX01,2022,11.168
GLOBAL,PWRURNDEUXX01,2023,11.168
GLOBAL,PWRURNDEUXX01,2024,11.168
GLOBAL,PWRURNDEUXX01,2025,11.168
GLOBAL,PWRURNDEUXX01,2026,11.168
GLOBAL,PWRURNDEUXX01,2027,11.168
GLOBAL,PWRURNDEUXX01,2028,11.168
GLOBAL,PWRURNDEUXX01,2029,11.168
GLOBAL,PWRURNDEUXX01,2030,11.168
GLOBAL,PWRURNDEUXX01,2031,11.168
GLOBAL,PWRURNDEUXX01,2032,11.168
GLOBAL,PWRURNDEUXX01,2033,11.168
GLOBAL,PWRURNDEUXX01,2034,11.168
GLOBAL,PWRURNDEUXX01,2035,11.168
GLOBAL,PWRURNDEUXX01,2036,11.168
GLOBAL,PWRURNDEUXX01,2037,11.168
GLOBAL,PWRURNDEUXX01,2038,11.168
GLOBAL,PWRURNDEUXX01,2039,11.168
GLOBAL,PWRURNDEUXX01,2040,11.168
GLOBAL,PWRURNDEUXX01,2041,11.168
GLOBAL,PWRURNDEUXX01,2042,11.168
GLOBAL,PWRURNDEUXX01,2043,11.168
GLOBAL,PWRURNDEUXX01,2044,11.168
GLOBAL,PWRURNDEUXX01,2045,7.131
GLOBAL,PWRURNDEUXX01,2046,5.772
GLOBAL,PWRURNDEUXX01,2047,4.293
GLOBAL,PWRURNDEUXX01,2048,4.293
GLOBAL,PWRURNDEUXX01,2049,1.401
GLOBAL,PWRURNDEUXX01,2050,0.0
GLOBAL,PWRWASDEUXX01,2021,1.598
GLOBAL,PWRWASDEUXX01,2022,1.586
GLOBAL,PWRWASDEUXX01,2023,1.574
GLOBAL,PWRWASDEUXX01,2024,1.564
GLOBAL,PWRWASDEUXX01,2025,1.527
GLOBAL,PWRWASDEUXX01,2026,1.527
GLOBAL,PWRWASDEUXX01,2027,1.485
GLOBAL,PWRWASDEUXX01,2028,1.403
GLOBAL,PWRWASDEUXX01,2029,1.261
GLOBAL,PWRWASDEUXX01,2030,1.2
GLOBAL,PWRWASDEUXX01,2031,1.146
GLOBAL,PWRWASDEUXX01,2032,0.906
GLOBAL,PWRWASDEUXX01,2033,0.871
GLOBAL,PWRWASDEUXX01,2034,0.625
GLOBAL,PWRWASDEUXX01,2035,0.609
GLOBAL,PWRWASDEUXX01,2036,0.489
GLOBAL,PWRWASDEUXX01,2037,0.416
GLOBAL,PWRWASDEUXX01,2038,0.405
GLOBAL,PWRWASDEUXX01,2039,0.325
GLOBAL,PWRWASDEUXX01,2040,0.14
GLOBAL,PWRWASDEUXX01,2041,0.078
GLOBAL,PWRWASDEUXX01,2042,0.03
GLOBAL,PWRWASDEUXX01,2043,0.03
GLOBAL,PWRWASDEUXX01,2044,0.011
GLOBAL,PWRWASDEUXX01,2045,0.0
GLOBAL,PWRWASDEUXX01,2046,0.0
GLOBAL,PWRWASDEUXX01,2047,0.0
GLOBAL,PWRWASDEUXX01,2048,0.0
GLOBAL,PWRWASDEUXX01,2049,0.0
GLOBAL,PWRWASDEUXX01,2050,0.0
GLOBAL,PWRWAVDEUXX01,2021,0.403
GLOBAL,PWRWAVDEUXX01,2022,0.0
GLOBAL,PWRWAVDEUXX01,2023,0.0
GLOBAL,PWRWAVDEUXX01,2024,0.0
GLOBAL,PWRWAVDEUXX01,2025,0.0
GLOBAL,PWRWAVDEUXX01,2026,0.0
GLOBAL,PWRWAVDEUXX01,2027,0.0
GLOBAL,PWRWAVDEUXX01,2028,0.0
GLOBAL,PWRWAVDEUXX01,2029,0.0
GLOBAL,PWRWAVDEUXX01,2030,0.0
GLOBAL,PWRWAVDEUXX01,2031,0.0
GLOBAL,PWRWAVDEUXX01,2032,0.0
GLOBAL,PWRWAVDEUXX01,2033,0.0
GLOBAL,PWRWAVDEUXX01,2034,0.0
GLOBAL,PWRWAVDEUXX01,2035,0.0
GLOBAL,PWRWAVDEUXX01,2036,0.0
GLOBAL,PWRWAVDEUXX01,2037,0.0
GLOBAL,PWRWAVDEUXX01,2038,0.0
GLOBAL,PWRWAVDEUXX01,2039,0.0
GLOBAL,PWRWAVDEUXX01,2040,0.0
GLOBAL,PWRWAVDEUXX01,2041,0.0
GLOBAL,PWRWAVDEUXX01,2042,0.0
GLOBAL,PWRWAVDEUXX01,2043,0.0
GLOBAL,PWRWAVDEUXX01,2044,0.0
GLOBAL,PWRWAVDEUXX01,2045,0.0
GLOBAL,PWRWAVDEUXX01,2046,0.0
GLOBAL,PWRWAVDEUXX01,2047,0.0
GLOBAL,PWRWAVDEUXX01,2048,0.0
GLOBAL,PWRWAVDEUXX01,2049,0.0
GLOBAL,PWRWAVDEUXX01,2050,0.0
GLOBAL,PWRWOFDEUXX01,2021,6.8696
GLOBAL,PWRWOFDEUXX01,2022,6.8696
GLOBAL,PWRWOFDEUXX01,2023,6.8696
GLOBAL,PWRWOFDEUXX01,2024,6.8696
GLOBAL,PWRWOFDEUXX01,2025,6.8696
GLOBAL,PWRWOFDEUXX01,2026,6.8696
GLOBAL,PWRWOFDEUXX01,2027,6.8696
GLOBAL,PWRWOFDEUXX01,2028,6.8696
GLOBAL,PWRWOFDEUXX01,2029,6.8696
GLOBAL,PWRWOFDEUXX01,2030,6.8696
GLOBAL,PWRWOFDEUXX01,2031,6.8696
GLOBAL,PWRWOFDEUXX01,2032,6.8696
GLOBAL,PWRWOFDEUXX01,2033,6.8696
GLOBAL,PWRWOFDEUXX01,2034,6.8696
GLOBAL,PWRWOFDEUXX01,2035,6.8696
GLOBAL,PWRWOFDEUXX01,2036,6.8696
GLOBAL,PWRWOFDEUXX01,2037,6.7266
GLOBAL,PWRWOFDEUXX01,2038,6.7266
GLOBAL,PWRWOFDEUXX01,2039,6.7266
GLOBAL,PWRWOFDEUXX01,2040,6.7266
GLOBAL,PWRWOFDEUXX01,2041,3.032
GLOBAL,PWRWOFDEUXX01,2042,3.032
GLOBAL,PWRWOFDEUXX01,2043,3.032
GLOBAL,PWRWOFDEUXX01,2044,3.032
GLOBAL,PWRWOFDEUXX01,2045,2.336
GLOBAL,PWRWOFDEUXX01,2046,0.0
GLOBAL,PWRWOFDEUXX01,2047,0.0
GLOBAL,PWRWOFDEUXX01,2048,0.0
GLOBAL,PWRWOFDEUXX01,2049,0.0
GLOBAL,PWRWOFDEUXX01,2050,0.0
GLOBAL,PWRWONDEUXX01,2021,41.3765
GLOBAL,PWRWONDEUXX01,2022,41.3765
GLOBAL,PWRWONDEUXX01,2023,41.3765
GLOBAL,PWRWONDEUXX01,2024,41.3765
GLOBAL,PWRWONDEUXX01,2025,41.3765
GLOBAL,PWRWONDEUXX01,2026,41.3765
GLOBAL,PWRWONDEUXX01,2027,41.3765
GLOBAL,PWRWONDEUXX01,2028,41.3765
GLOBAL,PWRWONDEUXX01,2029,41.3765
GLOBAL,PWRWONDEUXX01,2030,41.1985
GLOBAL,PWRWONDEUXX01,2031,41.1985
GLOBAL,PWRWONDEUXX01,2032,41.0495
GLOBAL,PWRWONDEUXX01,2033,41.0495
GLOBAL,PWRWONDEUXX01,2034,40.5925
GLOBAL,PWRWONDEUXX01,2035,40.5925
GLOBAL,PWRWONDEUXX01,2036,40.5155
GLOBAL,PWRWONDEUXX01,2037,40.5155
GLOBAL,PWRWONDEUXX01,2038,40.5155
GLOBAL,PWRWONDEUXX01,2039,40.5155
GLOBAL,PWRWONDEUXX01,2040,0.452
GLOBAL,PWRWONDEUXX01,2041,0.452
GLOBAL,PWRWONDEUXX01,2042,0.452
GLOBAL,PWRWONDEUXX01,2043,0.452
GLOBAL,PWRWONDEUXX01,2044,0.263
GLOBAL,PWRWONDEUXX01,2045,0.181
GLOBAL,PWRWONDEUXX01,2046,0.0
GLOBAL,PWRWONDEUXX01,2047,0.0
GLOBAL,PWRWONDEUXX01,2048,0.0
GLOBAL,PWRWONDEUXX01,2049,0.0
GLOBAL,PWRWONDEUXX01,2050,0.0
GLOBAL,PWROILDJIXX01,2021,0.107
GLOBAL,PWROILDJIXX01,2022,0.107
GLOBAL,PWROILDJIXX01,2023,0.107
GLOBAL,PWROILDJIXX01,2024,0.107
GLOBAL,PWROILDJIXX01,2025,0.107
GLOBAL,PWROILDJIXX01,2026,0.107
GLOBAL,PWROILDJIXX01,2027,0.0
GLOBAL,PWROILDJIXX01,2028,0.0
GLOBAL,PWROILDJIXX01,2029,0.0
GLOBAL,PWROILDJIXX01,2030,0.0
GLOBAL,PWROILDJIXX01,2031,0.0
GLOBAL,PWROILDJIXX01,2032,0.0
GLOBAL,PWROILDJIXX01,2033,0.0
GLOBAL,PWROILDJIXX01,2034,0.0
GLOBAL,PWROILDJIXX01,2035,0.0
GLOBAL,PWROILDJIXX01,2036,0.0
GLOBAL,PWROILDJIXX01,2037,0.0
GLOBAL,PWROILDJIXX01,2038,0.0
GLOBAL,PWROILDJIXX01,2039,0.0
GLOBAL,PWROILDJIXX01,2040,0.0
GLOBAL,PWROILDJIXX01,2041,0.0
GLOBAL,PWROILDJIXX01,2042,0.0
GLOBAL,PWROILDJIXX01,2043,0.0
GLOBAL,PWROILDJIXX01,2044,0.0
GLOBAL,PWROILDJIXX01,2045,0.0
GLOBAL,PWROILDJIXX01,2046,0.0
GLOBAL,PWROILDJIXX01,2047,0.0
GLOBAL,PWROILDJIXX01,2048,0.0
GLOBAL,PWROILDJIXX01,2049,0.0
GLOBAL,PWROILDJIXX01,2050,0.0
GLOBAL,PWRBIODNKXX01,2021,1.407
GLOBAL,PWRBIODNKXX01,2022,1.407
GLOBAL,PWRBIODNKXX01,2023,1.407
GLOBAL,PWRBIODNKXX01,2024,1.407
GLOBAL,PWRBIODNKXX01,2025,1.407
GLOBAL,PWRBIODNKXX01,2026,1.407
GLOBAL,PWRBIODNKXX01,2027,1.407
GLOBAL,PWRBIODNKXX01,2028,1.407
GLOBAL,PWRBIODNKXX01,2029,1.407
GLOBAL,PWRBIODNKXX01,2030,1.407
GLOBAL,PWRBIODNKXX01,2031,1.407
GLOBAL,PWRBIODNKXX01,2032,0.0
GLOBAL,PWRBIODNKXX01,2033,0.0
GLOBAL,PWRBIODNKXX01,2034,0.0
GLOBAL,PWRBIODNKXX01,2035,0.0
GLOBAL,PWRBIODNKXX01,2036,0.0
GLOBAL,PWRBIODNKXX01,2037,0.0
GLOBAL,PWRBIODNKXX01,2038,0.0
GLOBAL,PWRBIODNKXX01,2039,0.0
GLOBAL,PWRBIODNKXX01,2040,0.0
GLOBAL,PWRBIODNKXX01,2041,0.0
GLOBAL,PWRBIODNKXX01,2042,0.0
GLOBAL,PWRBIODNKXX01,2043,0.0
GLOBAL,PWRBIODNKXX01,2044,0.0
GLOBAL,PWRBIODNKXX01,2045,0.0
GLOBAL,PWRBIODNKXX01,2046,0.0
GLOBAL,PWRBIODNKXX01,2047,0.0
GLOBAL,PWRBIODNKXX01,2048,0.0
GLOBAL,PWRBIODNKXX01,2049,0.0
GLOBAL,PWRBIODNKXX01,2050,0.0
GLOBAL,PWRCCGDNKXX00,2021,2.762
GLOBAL,PWRCCGDNKXX00,2022,2.762
GLOBAL,PWRCCGDNKXX00,2023,2.762
GLOBAL,PWRCCGDNKXX00,2024,2.762
GLOBAL,PWRCCGDNKXX00,2025,0.392
GLOBAL,PWRCCGDNKXX00,2026,0.392
GLOBAL,PWRCCGDNKXX00,2027,0.392
GLOBAL,PWRCCGDNKXX00,2028,0.0
GLOBAL,PWRCCGDNKXX00,2029,0.0
GLOBAL,PWRCCGDNKXX00,2030,0.0
GLOBAL,PWRCCGDNKXX00,2031,0.0
GLOBAL,PWRCCGDNKXX00,2032,0.0
GLOBAL,PWRCCGDNKXX00,2033,0.0
GLOBAL,PWRCCGDNKXX00,2034,0.0
GLOBAL,PWRCCGDNKXX00,2035,0.0
GLOBAL,PWRCCGDNKXX00,2036,0.0
GLOBAL,PWRCCGDNKXX00,2037,0.0
GLOBAL,PWRCCGDNKXX00,2038,0.0
GLOBAL,PWRCCGDNKXX00,2039,0.0
GLOBAL,PWRCCGDNKXX00,2040,0.0
GLOBAL,PWRCCGDNKXX00,2041,0.0
GLOBAL,PWRCCGDNKXX00,2042,0.0
GLOBAL,PWRCCGDNKXX00,2043,0.0
GLOBAL,PWRCCGDNKXX00,2044,0.0
GLOBAL,PWRCCGDNKXX00,2045,0.0
GLOBAL,PWRCCGDNKXX00,2046,0.0
GLOBAL,PWRCCGDNKXX00,2047,0.0
GLOBAL,PWRCCGDNKXX00,2048,0.0
GLOBAL,PWRCCGDNKXX00,2049,0.0
GLOBAL,PWRCCGDNKXX00,2050,0.0
GLOBAL,PWRCOADNKXX01,2021,4.848
GLOBAL,PWRCOADNKXX01,2022,4.848
GLOBAL,PWRCOADNKXX01,2023,4.44
GLOBAL,PWRCOADNKXX01,2024,4.44
GLOBAL,PWRCOADNKXX01,2025,4.44
GLOBAL,PWRCOADNKXX01,2026,4.44
GLOBAL,PWRCOADNKXX01,2027,4.44
GLOBAL,PWRCOADNKXX01,2028,2.459
GLOBAL,PWRCOADNKXX01,2029,1.409
GLOBAL,PWRCOADNKXX01,2030,1.409
GLOBAL,PWRCOADNKXX01,2031,1.409
GLOBAL,PWRCOADNKXX01,2032,1.409
GLOBAL,PWRCOADNKXX01,2033,1.409
GLOBAL,PWRCOADNKXX01,2034,0.0
GLOBAL,PWRCOADNKXX01,2035,0.0
GLOBAL,PWRCOADNKXX01,2036,0.0
GLOBAL,PWRCOADNKXX01,2037,0.0
GLOBAL,PWRCOADNKXX01,2038,0.0
GLOBAL,PWRCOADNKXX01,2039,0.0
GLOBAL,PWRCOADNKXX01,2040,0.0
GLOBAL,PWRCOADNKXX01,2041,0.0
GLOBAL,PWRCOADNKXX01,2042,0.0
GLOBAL,PWRCOADNKXX01,2043,0.0
GLOBAL,PWRCOADNKXX01,2044,0.0
GLOBAL,PWRCOADNKXX01,2045,0.0
GLOBAL,PWRCOADNKXX01,2046,0.0
GLOBAL,PWRCOADNKXX01,2047,0.0
GLOBAL,PWRCOADNKXX01,2048,0.0
GLOBAL,PWRCOADNKXX01,2049,0.0
GLOBAL,PWRCOADNKXX01,2050,0.0
GLOBAL,PWRGEODNKXX01,2021,0.014
GLOBAL,PWRGEODNKXX01,2022,0.014
GLOBAL,PWRGEODNKXX01,2023,0.014
GLOBAL,PWRGEODNKXX01,2024,0.014
GLOBAL,PWRGEODNKXX01,2025,0.014
GLOBAL,PWRGEODNKXX01,2026,0.0
GLOBAL,PWRGEODNKXX01,2027,0.0
GLOBAL,PWRGEODNKXX01,2028,0.0
GLOBAL,PWRGEODNKXX01,2029,0.0
GLOBAL,PWRGEODNKXX01,2030,0.0
GLOBAL,PWRGEODNKXX01,2031,0.0
GLOBAL,PWRGEODNKXX01,2032,0.0
GLOBAL,PWRGEODNKXX01,2033,0.0
GLOBAL,PWRGEODNKXX01,2034,0.0
GLOBAL,PWRGEODNKXX01,2035,0.0
GLOBAL,PWRGEODNKXX01,2036,0.0
GLOBAL,PWRGEODNKXX01,2037,0.0
GLOBAL,PWRGEODNKXX01,2038,0.0
GLOBAL,PWRGEODNKXX01,2039,0.0
GLOBAL,PWRGEODNKXX01,2040,0.0
GLOBAL,PWRGEODNKXX01,2041,0.0
GLOBAL,PWRGEODNKXX01,2042,0.0
GLOBAL,PWRGEODNKXX01,2043,0.0
GLOBAL,PWRGEODNKXX01,2044,0.0
GLOBAL,PWRGEODNKXX01,2045,0.0
GLOBAL,PWRGEODNKXX01,2046,0.0
GLOBAL,PWRGEODNKXX01,2047,0.0
GLOBAL,PWRGEODNKXX01,2048,0.0
GLOBAL,PWRGEODNKXX01,2049,0.0
GLOBAL,PWRGEODNKXX01,2050,0.0
GLOBAL,PWROCGDNKXX00,2021,0.179
GLOBAL,PWROCGDNKXX00,2022,0.179
GLOBAL,PWROCGDNKXX00,2023,0.179
GLOBAL,PWROCGDNKXX00,2024,0.179
GLOBAL,PWROCGDNKXX00,2025,0.081
GLOBAL,PWROCGDNKXX00,2026,0.081
GLOBAL,PWROCGDNKXX00,2027,0.081
GLOBAL,PWROCGDNKXX00,2028,0.081
GLOBAL,PWROCGDNKXX00,2029,0.081
GLOBAL,PWROCGDNKXX00,2030,0.081
GLOBAL,PWROCGDNKXX00,2031,0.081
GLOBAL,PWROCGDNKXX00,2032,0.081
GLOBAL,PWROCGDNKXX00,2033,0.081
GLOBAL,PWROCGDNKXX00,2034,0.0
GLOBAL,PWROCGDNKXX00,2035,0.0
GLOBAL,PWROCGDNKXX00,2036,0.0
GLOBAL,PWROCGDNKXX00,2037,0.0
GLOBAL,PWROCGDNKXX00,2038,0.0
GLOBAL,PWROCGDNKXX00,2039,0.0
GLOBAL,PWROCGDNKXX00,2040,0.0
GLOBAL,PWROCGDNKXX00,2041,0.0
GLOBAL,PWROCGDNKXX00,2042,0.0
GLOBAL,PWROCGDNKXX00,2043,0.0
GLOBAL,PWROCGDNKXX00,2044,0.0
GLOBAL,PWROCGDNKXX00,2045,0.0
GLOBAL,PWROCGDNKXX00,2046,0.0
GLOBAL,PWROCGDNKXX00,2047,0.0
GLOBAL,PWROCGDNKXX00,2048,0.0
GLOBAL,PWROCGDNKXX00,2049,0.0
GLOBAL,PWROCGDNKXX00,2050,0.0
GLOBAL,PWROILDNKXX01,2021,1.395
GLOBAL,PWROILDNKXX01,2022,1.395
GLOBAL,PWROILDNKXX01,2023,1.395
GLOBAL,PWROILDNKXX01,2024,1.395
GLOBAL,PWROILDNKXX01,2025,1.395
GLOBAL,PWROILDNKXX01,2026,1.395
GLOBAL,PWROILDNKXX01,2027,0.732
GLOBAL,PWROILDNKXX01,2028,0.732
GLOBAL,PWROILDNKXX01,2029,0.732
GLOBAL,PWROILDNKXX01,2030,0.732
GLOBAL,PWROILDNKXX01,2031,0.732
GLOBAL,PWROILDNKXX01,2032,0.732
GLOBAL,PWROILDNKXX01,2033,0.715
GLOBAL,PWROILDNKXX01,2034,0.088
GLOBAL,PWROILDNKXX01,2035,0.088
GLOBAL,PWROILDNKXX01,2036,0.088
GLOBAL,PWROILDNKXX01,2037,0.088
GLOBAL,PWROILDNKXX01,2038,0.088
GLOBAL,PWROILDNKXX01,2039,0.088
GLOBAL,PWROILDNKXX01,2040,0.0
GLOBAL,PWROILDNKXX01,2041,0.0
GLOBAL,PWROILDNKXX01,2042,0.0
GLOBAL,PWROILDNKXX01,2043,0.0
GLOBAL,PWROILDNKXX01,2044,0.0
GLOBAL,PWROILDNKXX01,2045,0.0
GLOBAL,PWROILDNKXX01,2046,0.0
GLOBAL,PWROILDNKXX01,2047,0.0
GLOBAL,PWROILDNKXX01,2048,0.0
GLOBAL,PWROILDNKXX01,2049,0.0
GLOBAL,PWROILDNKXX01,2050,0.0
GLOBAL,PWRSPVDNKXX01,2021,0.8429
GLOBAL,PWRSPVDNKXX01,2022,0.8429
GLOBAL,PWRSPVDNKXX01,2023,0.8429
GLOBAL,PWRSPVDNKXX01,2024,0.8429
GLOBAL,PWRSPVDNKXX01,2025,0.8429
GLOBAL,PWRSPVDNKXX01,2026,0.8429
GLOBAL,PWRSPVDNKXX01,2027,0.8429
GLOBAL,PWRSPVDNKXX01,2028,0.8429
GLOBAL,PWRSPVDNKXX01,2029,0.8429
GLOBAL,PWRSPVDNKXX01,2030,0.8429
GLOBAL,PWRSPVDNKXX01,2031,0.8429
GLOBAL,PWRSPVDNKXX01,2032,0.8429
GLOBAL,PWRSPVDNKXX01,2033,0.8429
GLOBAL,PWRSPVDNKXX01,2034,0.8429
GLOBAL,PWRSPVDNKXX01,2035,0.8429
GLOBAL,PWRSPVDNKXX01,2036,0.8429
GLOBAL,PWRSPVDNKXX01,2037,0.8429
GLOBAL,PWRSPVDNKXX01,2038,0.8429
GLOBAL,PWRSPVDNKXX01,2039,0.8429
GLOBAL,PWRSPVDNKXX01,2040,0.8429
GLOBAL,PWRSPVDNKXX01,2041,0.8429
GLOBAL,PWRSPVDNKXX01,2042,0.8429
GLOBAL,PWRSPVDNKXX01,2043,0.8429
GLOBAL,PWRSPVDNKXX01,2044,0.8409
GLOBAL,PWRSPVDNKXX01,2045,0.061
GLOBAL,PWRSPVDNKXX01,2046,0.061
GLOBAL,PWRSPVDNKXX01,2047,0.0
GLOBAL,PWRSPVDNKXX01,2048,0.0
GLOBAL,PWRSPVDNKXX01,2049,0.0
GLOBAL,PWRSPVDNKXX01,2050,0.0
GLOBAL,PWRWOFDNKXX01,2021,2.4873
GLOBAL,PWRWOFDNKXX01,2022,2.4873
GLOBAL,PWRWOFDNKXX01,2023,2.4873
GLOBAL,PWRWOFDNKXX01,2024,2.4873
GLOBAL,PWRWOFDNKXX01,2025,2.4873
GLOBAL,PWRWOFDNKXX01,2026,2.4823
GLOBAL,PWRWOFDNKXX01,2027,2.4823
GLOBAL,PWRWOFDNKXX01,2028,2.4823
GLOBAL,PWRWOFDNKXX01,2029,2.4823
GLOBAL,PWRWOFDNKXX01,2030,2.4823
GLOBAL,PWRWOFDNKXX01,2031,2.4623
GLOBAL,PWRWOFDNKXX01,2032,2.4623
GLOBAL,PWRWOFDNKXX01,2033,2.3023
GLOBAL,PWRWOFDNKXX01,2034,2.1133
GLOBAL,PWRWOFDNKXX01,2035,2.1133
GLOBAL,PWRWOFDNKXX01,2036,2.1133
GLOBAL,PWRWOFDNKXX01,2037,2.1133
GLOBAL,PWRWOFDNKXX01,2038,2.1133
GLOBAL,PWRWOFDNKXX01,2039,2.1133
GLOBAL,PWRWOFDNKXX01,2040,2.0923
GLOBAL,PWRWOFDNKXX01,2041,0.4
GLOBAL,PWRWOFDNKXX01,2042,0.4
GLOBAL,PWRWOFDNKXX01,2043,0.4
GLOBAL,PWRWOFDNKXX01,2044,0.0
GLOBAL,PWRWOFDNKXX01,2045,0.0
GLOBAL,PWRWOFDNKXX01,2046,0.0
GLOBAL,PWRWOFDNKXX01,2047,0.0
GLOBAL,PWRWOFDNKXX01,2048,0.0
GLOBAL,PWRWOFDNKXX01,2049,0.0
GLOBAL,PWRWOFDNKXX01,2050,0.0
GLOBAL,PWRWONDNKXX01,2021,3.8026
GLOBAL,PWRWONDNKXX01,2022,3.8026
GLOBAL,PWRWONDNKXX01,2023,3.8026
GLOBAL,PWRWONDNKXX01,2024,3.8026
GLOBAL,PWRWONDNKXX01,2025,3.8026
GLOBAL,PWRWONDNKXX01,2026,3.7796
GLOBAL,PWRWONDNKXX01,2027,3.7126
GLOBAL,PWRWONDNKXX01,2028,3.7126
GLOBAL,PWRWONDNKXX01,2029,3.7126
GLOBAL,PWRWONDNKXX01,2030,3.7126
GLOBAL,PWRWONDNKXX01,2031,3.7126
GLOBAL,PWRWONDNKXX01,2032,3.7126
GLOBAL,PWRWONDNKXX01,2033,3.7126
GLOBAL,PWRWONDNKXX01,2034,3.6876
GLOBAL,PWRWONDNKXX01,2035,3.6876
GLOBAL,PWRWONDNKXX01,2036,3.6876
GLOBAL,PWRWONDNKXX01,2037,3.6876
GLOBAL,PWRWONDNKXX01,2038,3.6876
GLOBAL,PWRWONDNKXX01,2039,3.6876
GLOBAL,PWRWONDNKXX01,2040,0.009
GLOBAL,PWRWONDNKXX01,2041,0.0
GLOBAL,PWRWONDNKXX01,2042,0.0
GLOBAL,PWRWONDNKXX01,2043,0.0
GLOBAL,PWRWONDNKXX01,2044,0.0
GLOBAL,PWRWONDNKXX01,2045,0.0
GLOBAL,PWRWONDNKXX01,2046,0.0
GLOBAL,PWRWONDNKXX01,2047,0.0
GLOBAL,PWRWONDNKXX01,2048,0.0
GLOBAL,PWRWONDNKXX01,2049,0.0
GLOBAL,PWRWONDNKXX01,2050,0.0
GLOBAL,PWRBIODOMXX01,2021,0.015
GLOBAL,PWRBIODOMXX01,2022,0.015
GLOBAL,PWRBIODOMXX01,2023,0.015
GLOBAL,PWRBIODOMXX01,2024,0.015
GLOBAL,PWRBIODOMXX01,2025,0.015
GLOBAL,PWRBIODOMXX01,2026,0.015
GLOBAL,PWRBIODOMXX01,2027,0.015
GLOBAL,PWRBIODOMXX01,2028,0.015
GLOBAL,PWRBIODOMXX01,2029,0.015
GLOBAL,PWRBIODOMXX01,2030,0.015
GLOBAL,PWRBIODOMXX01,2031,0.015
GLOBAL,PWRBIODOMXX01,2032,0.0
GLOBAL,PWRBIODOMXX01,2033,0.0
GLOBAL,PWRBIODOMXX01,2034,0.0
GLOBAL,PWRBIODOMXX01,2035,0.0
GLOBAL,PWRBIODOMXX01,2036,0.0
GLOBAL,PWRBIODOMXX01,2037,0.0
GLOBAL,PWRBIODOMXX01,2038,0.0
GLOBAL,PWRBIODOMXX01,2039,0.0
GLOBAL,PWRBIODOMXX01,2040,0.0
GLOBAL,PWRBIODOMXX01,2041,0.0
GLOBAL,PWRBIODOMXX01,2042,0.0
GLOBAL,PWRBIODOMXX01,2043,0.0
GLOBAL,PWRBIODOMXX01,2044,0.0
GLOBAL,PWRBIODOMXX01,2045,0.0
GLOBAL,PWRBIODOMXX01,2046,0.0
GLOBAL,PWRBIODOMXX01,2047,0.0
GLOBAL,PWRBIODOMXX01,2048,0.0
GLOBAL,PWRBIODOMXX01,2049,0.0
GLOBAL,PWRBIODOMXX01,2050,0.0
GLOBAL,PWRCCGDOMXX00,2021,0.6558
GLOBAL,PWRCCGDOMXX00,2022,0.6558
GLOBAL,PWRCCGDOMXX00,2023,0.6558
GLOBAL,PWRCCGDOMXX00,2024,0.6558
GLOBAL,PWRCCGDOMXX00,2025,0.0
GLOBAL,PWRCCGDOMXX00,2026,0.0
GLOBAL,PWRCCGDOMXX00,2027,0.0
GLOBAL,PWRCCGDOMXX00,2028,0.0
GLOBAL,PWRCCGDOMXX00,2029,0.0
GLOBAL,PWRCCGDOMXX00,2030,0.0
GLOBAL,PWRCCGDOMXX00,2031,0.0
GLOBAL,PWRCCGDOMXX00,2032,0.0
GLOBAL,PWRCCGDOMXX00,2033,0.0
GLOBAL,PWRCCGDOMXX00,2034,0.0
GLOBAL,PWRCCGDOMXX00,2035,0.0
GLOBAL,PWRCCGDOMXX00,2036,0.0
GLOBAL,PWRCCGDOMXX00,2037,0.0
GLOBAL,PWRCCGDOMXX00,2038,0.0
GLOBAL,PWRCCGDOMXX00,2039,0.0
GLOBAL,PWRCCGDOMXX00,2040,0.0
GLOBAL,PWRCCGDOMXX00,2041,0.0
GLOBAL,PWRCCGDOMXX00,2042,0.0
GLOBAL,PWRCCGDOMXX00,2043,0.0
GLOBAL,PWRCCGDOMXX00,2044,0.0
GLOBAL,PWRCCGDOMXX00,2045,0.0
GLOBAL,PWRCCGDOMXX00,2046,0.0
GLOBAL,PWRCCGDOMXX00,2047,0.0
GLOBAL,PWRCCGDOMXX00,2048,0.0
GLOBAL,PWRCCGDOMXX00,2049,0.0
GLOBAL,PWRCCGDOMXX00,2050,0.0
GLOBAL,PWRCOADOMXX01,2021,0.6271
GLOBAL,PWRCOADOMXX01,2022,0.6271
GLOBAL,PWRCOADOMXX01,2023,0.6271
GLOBAL,PWRCOADOMXX01,2024,0.6271
GLOBAL,PWRCOADOMXX01,2025,0.6271
GLOBAL,PWRCOADOMXX01,2026,0.6271
GLOBAL,PWRCOADOMXX01,2027,0.6271
GLOBAL,PWRCOADOMXX01,2028,0.305
GLOBAL,PWRCOADOMXX01,2029,0.305
GLOBAL,PWRCOADOMXX01,2030,0.305
GLOBAL,PWRCOADOMXX01,2031,0.305
GLOBAL,PWRCOADOMXX01,2032,0.26
GLOBAL,PWRCOADOMXX01,2033,0.26
GLOBAL,PWRCOADOMXX01,2034,0.0
GLOBAL,PWRCOADOMXX01,2035,0.0
GLOBAL,PWRCOADOMXX01,2036,0.0
GLOBAL,PWRCOADOMXX01,2037,0.0
GLOBAL,PWRCOADOMXX01,2038,0.0
GLOBAL,PWRCOADOMXX01,2039,0.0
GLOBAL,PWRCOADOMXX01,2040,0.0
GLOBAL,PWRCOADOMXX01,2041,0.0
GLOBAL,PWRCOADOMXX01,2042,0.0
GLOBAL,PWRCOADOMXX01,2043,0.0
GLOBAL,PWRCOADOMXX01,2044,0.0
GLOBAL,PWRCOADOMXX01,2045,0.0
GLOBAL,PWRCOADOMXX01,2046,0.0
GLOBAL,PWRCOADOMXX01,2047,0.0
GLOBAL,PWRCOADOMXX01,2048,0.0
GLOBAL,PWRCOADOMXX01,2049,0.0
GLOBAL,PWRCOADOMXX01,2050,0.0
GLOBAL,PWRHYDDOMXX01,2021,0.6019
GLOBAL,PWRHYDDOMXX01,2022,0.6019
GLOBAL,PWRHYDDOMXX01,2023,0.6019
GLOBAL,PWRHYDDOMXX01,2024,0.6019
GLOBAL,PWRHYDDOMXX01,2025,0.6019
GLOBAL,PWRHYDDOMXX01,2026,0.6019
GLOBAL,PWRHYDDOMXX01,2027,0.6019
GLOBAL,PWRHYDDOMXX01,2028,0.6019
GLOBAL,PWRHYDDOMXX01,2029,0.6019
GLOBAL,PWRHYDDOMXX01,2030,0.6019
GLOBAL,PWRHYDDOMXX01,2031,0.6019
GLOBAL,PWRHYDDOMXX01,2032,0.6019
GLOBAL,PWRHYDDOMXX01,2033,0.6019
GLOBAL,PWRHYDDOMXX01,2034,0.6019
GLOBAL,PWRHYDDOMXX01,2035,0.6019
GLOBAL,PWRHYDDOMXX01,2036,0.6019
GLOBAL,PWRHYDDOMXX01,2037,0.6019
GLOBAL,PWRHYDDOMXX01,2038,0.6019
GLOBAL,PWRHYDDOMXX01,2039,0.6019
GLOBAL,PWRHYDDOMXX01,2040,0.6019
GLOBAL,PWRHYDDOMXX01,2041,0.6019
GLOBAL,PWRHYDDOMXX01,2042,0.6019
GLOBAL,PWRHYDDOMXX01,2043,0.6019
GLOBAL,PWRHYDDOMXX01,2044,0.6019
GLOBAL,PWRHYDDOMXX01,2045,0.6019
GLOBAL,PWRHYDDOMXX01,2046,0.6019
GLOBAL,PWRHYDDOMXX01,2047,0.6019
GLOBAL,PWRHYDDOMXX01,2048,0.6019
GLOBAL,PWRHYDDOMXX01,2049,0.6019
GLOBAL,PWRHYDDOMXX01,2050,0.6019
GLOBAL,PWROILDOMXX01,2021,1.7311
GLOBAL,PWROILDOMXX01,2022,1.7311
GLOBAL,PWROILDOMXX01,2023,1.7311
GLOBAL,PWROILDOMXX01,2024,1.7311
GLOBAL,PWROILDOMXX01,2025,1.7311
GLOBAL,PWROILDOMXX01,2026,1.7311
GLOBAL,PWROILDOMXX01,2027,0.0
GLOBAL,PWROILDOMXX01,2028,0.0
GLOBAL,PWROILDOMXX01,2029,0.0
GLOBAL,PWROILDOMXX01,2030,0.0
GLOBAL,PWROILDOMXX01,2031,0.0
GLOBAL,PWROILDOMXX01,2032,0.0
GLOBAL,PWROILDOMXX01,2033,0.0
GLOBAL,PWROILDOMXX01,2034,0.0
GLOBAL,PWROILDOMXX01,2035,0.0
GLOBAL,PWROILDOMXX01,2036,0.0
GLOBAL,PWROILDOMXX01,2037,0.0
GLOBAL,PWROILDOMXX01,2038,0.0
GLOBAL,PWROILDOMXX01,2039,0.0
GLOBAL,PWROILDOMXX01,2040,0.0
GLOBAL,PWROILDOMXX01,2041,0.0
GLOBAL,PWROILDOMXX01,2042,0.0
GLOBAL,PWROILDOMXX01,2043,0.0
GLOBAL,PWROILDOMXX01,2044,0.0
GLOBAL,PWROILDOMXX01,2045,0.0
GLOBAL,PWROILDOMXX01,2046,0.0
GLOBAL,PWROILDOMXX01,2047,0.0
GLOBAL,PWROILDOMXX01,2048,0.0
GLOBAL,PWROILDOMXX01,2049,0.0
GLOBAL,PWROILDOMXX01,2050,0.0
GLOBAL,PWRSPVDOMXX01,2021,0.03
GLOBAL,PWRSPVDOMXX01,2022,0.03
GLOBAL,PWRSPVDOMXX01,2023,0.03
GLOBAL,PWRSPVDOMXX01,2024,0.03
GLOBAL,PWRSPVDOMXX01,2025,0.03
GLOBAL,PWRSPVDOMXX01,2026,0.03
GLOBAL,PWRSPVDOMXX01,2027,0.03
GLOBAL,PWRSPVDOMXX01,2028,0.03
GLOBAL,PWRSPVDOMXX01,2029,0.03
GLOBAL,PWRSPVDOMXX01,2030,0.03
GLOBAL,PWRSPVDOMXX01,2031,0.03
GLOBAL,PWRSPVDOMXX01,2032,0.03
GLOBAL,PWRSPVDOMXX01,2033,0.03
GLOBAL,PWRSPVDOMXX01,2034,0.03
GLOBAL,PWRSPVDOMXX01,2035,0.03
GLOBAL,PWRSPVDOMXX01,2036,0.03
GLOBAL,PWRSPVDOMXX01,2037,0.03
GLOBAL,PWRSPVDOMXX01,2038,0.03
GLOBAL,PWRSPVDOMXX01,2039,0.03
GLOBAL,PWRSPVDOMXX01,2040,0.03
GLOBAL,PWRSPVDOMXX01,2041,0.03
GLOBAL,PWRSPVDOMXX01,2042,0.03
GLOBAL,PWRSPVDOMXX01,2043,0.03
GLOBAL,PWRSPVDOMXX01,2044,0.03
GLOBAL,PWRSPVDOMXX01,2045,0.0
GLOBAL,PWRSPVDOMXX01,2046,0.0
GLOBAL,PWRSPVDOMXX01,2047,0.0
GLOBAL,PWRSPVDOMXX01,2048,0.0
GLOBAL,PWRSPVDOMXX01,2049,0.0
GLOBAL,PWRSPVDOMXX01,2050,0.0
GLOBAL,PWRWONDOMXX01,2021,0.085
GLOBAL,PWRWONDOMXX01,2022,0.085
GLOBAL,PWRWONDOMXX01,2023,0.085
GLOBAL,PWRWONDOMXX01,2024,0.085
GLOBAL,PWRWONDOMXX01,2025,0.085
GLOBAL,PWRWONDOMXX01,2026,0.085
GLOBAL,PWRWONDOMXX01,2027,0.085
GLOBAL,PWRWONDOMXX01,2028,0.085
GLOBAL,PWRWONDOMXX01,2029,0.085
GLOBAL,PWRWONDOMXX01,2030,0.085
GLOBAL,PWRWONDOMXX01,2031,0.085
GLOBAL,PWRWONDOMXX01,2032,0.085
GLOBAL,PWRWONDOMXX01,2033,0.085
GLOBAL,PWRWONDOMXX01,2034,0.085
GLOBAL,PWRWONDOMXX01,2035,0.085
GLOBAL,PWRWONDOMXX01,2036,0.085
GLOBAL,PWRWONDOMXX01,2037,0.085
GLOBAL,PWRWONDOMXX01,2038,0.085
GLOBAL,PWRWONDOMXX01,2039,0.085
GLOBAL,PWRWONDOMXX01,2040,0.0
GLOBAL,PWRWONDOMXX01,2041,0.0
GLOBAL,PWRWONDOMXX01,2042,0.0
GLOBAL,PWRWONDOMXX01,2043,0.0
GLOBAL,PWRWONDOMXX01,2044,0.0
GLOBAL,PWRWONDOMXX01,2045,0.0
GLOBAL,PWRWONDOMXX01,2046,0.0
GLOBAL,PWRWONDOMXX01,2047,0.0
GLOBAL,PWRWONDOMXX01,2048,0.0
GLOBAL,PWRWONDOMXX01,2049,0.0
GLOBAL,PWRWONDOMXX01,2050,0.0
GLOBAL,PWRCCGDZAXX00,2021,17.947
GLOBAL,PWRCCGDZAXX00,2022,17.947
GLOBAL,PWRCCGDZAXX00,2023,17.947
GLOBAL,PWRCCGDZAXX00,2024,17.947
GLOBAL,PWRCCGDZAXX00,2025,9.234
GLOBAL,PWRCCGDZAXX00,2026,9.234
GLOBAL,PWRCCGDZAXX00,2027,9.234
GLOBAL,PWRCCGDZAXX00,2028,9.234
GLOBAL,PWRCCGDZAXX00,2029,8.972
GLOBAL,PWRCCGDZAXX00,2030,8.972
GLOBAL,PWRCCGDZAXX00,2031,8.972
GLOBAL,PWRCCGDZAXX00,2032,8.972
GLOBAL,PWRCCGDZAXX00,2033,8.972
GLOBAL,PWRCCGDZAXX00,2034,8.572
GLOBAL,PWRCCGDZAXX00,2035,8.572
GLOBAL,PWRCCGDZAXX00,2036,8.572
GLOBAL,PWRCCGDZAXX00,2037,7.756
GLOBAL,PWRCCGDZAXX00,2038,7.272
GLOBAL,PWRCCGDZAXX00,2039,7.272
GLOBAL,PWRCCGDZAXX00,2040,6.072
GLOBAL,PWRCCGDZAXX00,2041,5.046
GLOBAL,PWRCCGDZAXX00,2042,4.896
GLOBAL,PWRCCGDZAXX00,2043,4.896
GLOBAL,PWRCCGDZAXX00,2044,2.496
GLOBAL,PWRCCGDZAXX00,2045,2.496
GLOBAL,PWRCCGDZAXX00,2046,1.5
GLOBAL,PWRCCGDZAXX00,2047,0.0
GLOBAL,PWRCCGDZAXX00,2048,0.0
GLOBAL,PWRCCGDZAXX00,2049,0.0
GLOBAL,PWRCCGDZAXX00,2050,0.0
GLOBAL,PWRCSPDZAXX01,2021,0.025
GLOBAL,PWRCSPDZAXX01,2022,0.025
GLOBAL,PWRCSPDZAXX01,2023,0.025
GLOBAL,PWRCSPDZAXX01,2024,0.025
GLOBAL,PWRCSPDZAXX01,2025,0.025
GLOBAL,PWRCSPDZAXX01,2026,0.025
GLOBAL,PWRCSPDZAXX01,2027,0.025
GLOBAL,PWRCSPDZAXX01,2028,0.025
GLOBAL,PWRCSPDZAXX01,2029,0.025
GLOBAL,PWRCSPDZAXX01,2030,0.025
GLOBAL,PWRCSPDZAXX01,2031,0.025
GLOBAL,PWRCSPDZAXX01,2032,0.025
GLOBAL,PWRCSPDZAXX01,2033,0.025
GLOBAL,PWRCSPDZAXX01,2034,0.025
GLOBAL,PWRCSPDZAXX01,2035,0.025
GLOBAL,PWRCSPDZAXX01,2036,0.025
GLOBAL,PWRCSPDZAXX01,2037,0.025
GLOBAL,PWRCSPDZAXX01,2038,0.025
GLOBAL,PWRCSPDZAXX01,2039,0.025
GLOBAL,PWRCSPDZAXX01,2040,0.0
GLOBAL,PWRCSPDZAXX01,2041,0.0
GLOBAL,PWRCSPDZAXX01,2042,0.0
GLOBAL,PWRCSPDZAXX01,2043,0.0
GLOBAL,PWRCSPDZAXX01,2044,0.0
GLOBAL,PWRCSPDZAXX01,2045,0.0
GLOBAL,PWRCSPDZAXX01,2046,0.0
GLOBAL,PWRCSPDZAXX01,2047,0.0
GLOBAL,PWRCSPDZAXX01,2048,0.0
GLOBAL,PWRCSPDZAXX01,2049,0.0
GLOBAL,PWRCSPDZAXX01,2050,0.0
GLOBAL,PWRHYDDZAXX01,2021,0.275
GLOBAL,PWRHYDDZAXX01,2022,0.275
GLOBAL,PWRHYDDZAXX01,2023,0.275
GLOBAL,PWRHYDDZAXX01,2024,0.275
GLOBAL,PWRHYDDZAXX01,2025,0.275
GLOBAL,PWRHYDDZAXX01,2026,0.275
GLOBAL,PWRHYDDZAXX01,2027,0.275
GLOBAL,PWRHYDDZAXX01,2028,0.275
GLOBAL,PWRHYDDZAXX01,2029,0.275
GLOBAL,PWRHYDDZAXX01,2030,0.275
GLOBAL,PWRHYDDZAXX01,2031,0.275
GLOBAL,PWRHYDDZAXX01,2032,0.275
GLOBAL,PWRHYDDZAXX01,2033,0.275
GLOBAL,PWRHYDDZAXX01,2034,0.275
GLOBAL,PWRHYDDZAXX01,2035,0.275
GLOBAL,PWRHYDDZAXX01,2036,0.275
GLOBAL,PWRHYDDZAXX01,2037,0.275
GLOBAL,PWRHYDDZAXX01,2038,0.275
GLOBAL,PWRHYDDZAXX01,2039,0.275
GLOBAL,PWRHYDDZAXX01,2040,0.275
GLOBAL,PWRHYDDZAXX01,2041,0.275
GLOBAL,PWRHYDDZAXX01,2042,0.275
GLOBAL,PWRHYDDZAXX01,2043,0.275
GLOBAL,PWRHYDDZAXX01,2044,0.275
GLOBAL,PWRHYDDZAXX01,2045,0.275
GLOBAL,PWRHYDDZAXX01,2046,0.275
GLOBAL,PWRHYDDZAXX01,2047,0.275
GLOBAL,PWRHYDDZAXX01,2048,0.275
GLOBAL,PWRHYDDZAXX01,2049,0.275
GLOBAL,PWRHYDDZAXX01,2050,0.275
GLOBAL,PWROCGDZAXX00,2021,0.316
GLOBAL,PWROCGDZAXX00,2022,0.316
GLOBAL,PWROCGDZAXX00,2023,0.316
GLOBAL,PWROCGDZAXX00,2024,0.316
GLOBAL,PWROCGDZAXX00,2025,0.316
GLOBAL,PWROCGDZAXX00,2026,0.316
GLOBAL,PWROCGDZAXX00,2027,0.316
GLOBAL,PWROCGDZAXX00,2028,0.316
GLOBAL,PWROCGDZAXX00,2029,0.243
GLOBAL,PWROCGDZAXX00,2030,0.243
GLOBAL,PWROCGDZAXX00,2031,0.243
GLOBAL,PWROCGDZAXX00,2032,0.243
GLOBAL,PWROCGDZAXX00,2033,0.243
GLOBAL,PWROCGDZAXX00,2034,0.143
GLOBAL,PWROCGDZAXX00,2035,0.143
GLOBAL,PWROCGDZAXX00,2036,0.143
GLOBAL,PWROCGDZAXX00,2037,0.143
GLOBAL,PWROCGDZAXX00,2038,0.143
GLOBAL,PWROCGDZAXX00,2039,0.143
GLOBAL,PWROCGDZAXX00,2040,0.143
GLOBAL,PWROCGDZAXX00,2041,0.072
GLOBAL,PWROCGDZAXX00,2042,0.072
GLOBAL,PWROCGDZAXX00,2043,0.072
GLOBAL,PWROCGDZAXX00,2044,0.0
GLOBAL,PWROCGDZAXX00,2045,0.0
GLOBAL,PWROCGDZAXX00,2046,0.0
GLOBAL,PWROCGDZAXX00,2047,0.0
GLOBAL,PWROCGDZAXX00,2048,0.0
GLOBAL,PWROCGDZAXX00,2049,0.0
GLOBAL,PWROCGDZAXX00,2050,0.0
GLOBAL,PWRSPVDZAXX01,2021,0.054
GLOBAL,PWRSPVDZAXX01,2022,0.054
GLOBAL,PWRSPVDZAXX01,2023,0.054
GLOBAL,PWRSPVDZAXX01,2024,0.054
GLOBAL,PWRSPVDZAXX01,2025,0.054
GLOBAL,PWRSPVDZAXX01,2026,0.054
GLOBAL,PWRSPVDZAXX01,2027,0.054
GLOBAL,PWRSPVDZAXX01,2028,0.054
GLOBAL,PWRSPVDZAXX01,2029,0.054
GLOBAL,PWRSPVDZAXX01,2030,0.054
GLOBAL,PWRSPVDZAXX01,2031,0.054
GLOBAL,PWRSPVDZAXX01,2032,0.054
GLOBAL,PWRSPVDZAXX01,2033,0.054
GLOBAL,PWRSPVDZAXX01,2034,0.054
GLOBAL,PWRSPVDZAXX01,2035,0.054
GLOBAL,PWRSPVDZAXX01,2036,0.054
GLOBAL,PWRSPVDZAXX01,2037,0.054
GLOBAL,PWRSPVDZAXX01,2038,0.054
GLOBAL,PWRSPVDZAXX01,2039,0.054
GLOBAL,PWRSPVDZAXX01,2040,0.054
GLOBAL,PWRSPVDZAXX01,2041,0.054
GLOBAL,PWRSPVDZAXX01,2042,0.054
GLOBAL,PWRSPVDZAXX01,2043,0.054
GLOBAL,PWRSPVDZAXX01,2044,0.054
GLOBAL,PWRSPVDZAXX01,2045,0.0
GLOBAL,PWRSPVDZAXX01,2046,0.0
GLOBAL,PWRSPVDZAXX01,2047,0.0
GLOBAL,PWRSPVDZAXX01,2048,0.0
GLOBAL,PWRSPVDZAXX01,2049,0.0
GLOBAL,PWRSPVDZAXX01,2050,0.0
GLOBAL,PWRBIOECUXX01,2021,0.14
GLOBAL,PWRBIOECUXX01,2022,0.14
GLOBAL,PWRBIOECUXX01,2023,0.14
GLOBAL,PWRBIOECUXX01,2024,0.14
GLOBAL,PWRBIOECUXX01,2025,0.14
GLOBAL,PWRBIOECUXX01,2026,0.14
GLOBAL,PWRBIOECUXX01,2027,0.14
GLOBAL,PWRBIOECUXX01,2028,0.14
GLOBAL,PWRBIOECUXX01,2029,0.14
GLOBAL,PWRBIOECUXX01,2030,0.14
GLOBAL,PWRBIOECUXX01,2031,0.14
GLOBAL,PWRBIOECUXX01,2032,0.0
GLOBAL,PWRBIOECUXX01,2033,0.0
GLOBAL,PWRBIOECUXX01,2034,0.0
GLOBAL,PWRBIOECUXX01,2035,0.0
GLOBAL,PWRBIOECUXX01,2036,0.0
GLOBAL,PWRBIOECUXX01,2037,0.0
GLOBAL,PWRBIOECUXX01,2038,0.0
GLOBAL,PWRBIOECUXX01,2039,0.0
GLOBAL,PWRBIOECUXX01,2040,0.0
GLOBAL,PWRBIOECUXX01,2041,0.0
GLOBAL,PWRBIOECUXX01,2042,0.0
GLOBAL,PWRBIOECUXX01,2043,0.0
GLOBAL,PWRBIOECUXX01,2044,0.0
GLOBAL,PWRBIOECUXX01,2045,0.0
GLOBAL,PWRBIOECUXX01,2046,0.0
GLOBAL,PWRBIOECUXX01,2047,0.0
GLOBAL,PWRBIOECUXX01,2048,0.0
GLOBAL,PWRBIOECUXX01,2049,0.0
GLOBAL,PWRBIOECUXX01,2050,0.0
GLOBAL,PWRCCGECUXX00,2021,1.5665
GLOBAL,PWRCCGECUXX00,2022,1.5665
GLOBAL,PWRCCGECUXX00,2023,1.5665
GLOBAL,PWRCCGECUXX00,2024,1.5665
GLOBAL,PWRCCGECUXX00,2025,0.146
GLOBAL,PWRCCGECUXX00,2026,0.146
GLOBAL,PWRCCGECUXX00,2027,0.146
GLOBAL,PWRCCGECUXX00,2028,0.146
GLOBAL,PWRCCGECUXX00,2029,0.146
GLOBAL,PWRCCGECUXX00,2030,0.146
GLOBAL,PWRCCGECUXX00,2031,0.146
GLOBAL,PWRCCGECUXX00,2032,0.146
GLOBAL,PWRCCGECUXX00,2033,0.146
GLOBAL,PWRCCGECUXX00,2034,0.0
GLOBAL,PWRCCGECUXX00,2035,0.0
GLOBAL,PWRCCGECUXX00,2036,0.0
GLOBAL,PWRCCGECUXX00,2037,0.0
GLOBAL,PWRCCGECUXX00,2038,0.0
GLOBAL,PWRCCGECUXX00,2039,0.0
GLOBAL,PWRCCGECUXX00,2040,0.0
GLOBAL,PWRCCGECUXX00,2041,0.0
GLOBAL,PWRCCGECUXX00,2042,0.0
GLOBAL,PWRCCGECUXX00,2043,0.0
GLOBAL,PWRCCGECUXX00,2044,0.0
GLOBAL,PWRCCGECUXX00,2045,0.0
GLOBAL,PWRCCGECUXX00,2046,0.0
GLOBAL,PWRCCGECUXX00,2047,0.0
GLOBAL,PWRCCGECUXX00,2048,0.0
GLOBAL,PWRCCGECUXX00,2049,0.0
GLOBAL,PWRCCGECUXX00,2050,0.0
GLOBAL,PWRHYDECUXX01,2021,3.256
GLOBAL,PWRHYDECUXX01,2022,3.256
GLOBAL,PWRHYDECUXX01,2023,3.256
GLOBAL,PWRHYDECUXX01,2024,3.256
GLOBAL,PWRHYDECUXX01,2025,3.256
GLOBAL,PWRHYDECUXX01,2026,3.256
GLOBAL,PWRHYDECUXX01,2027,3.256
GLOBAL,PWRHYDECUXX01,2028,3.256
GLOBAL,PWRHYDECUXX01,2029,3.256
GLOBAL,PWRHYDECUXX01,2030,3.256
GLOBAL,PWRHYDECUXX01,2031,3.256
GLOBAL,PWRHYDECUXX01,2032,3.256
GLOBAL,PWRHYDECUXX01,2033,3.256
GLOBAL,PWRHYDECUXX01,2034,3.256
GLOBAL,PWRHYDECUXX01,2035,3.256
GLOBAL,PWRHYDECUXX01,2036,3.256
GLOBAL,PWRHYDECUXX01,2037,3.256
GLOBAL,PWRHYDECUXX01,2038,3.256
GLOBAL,PWRHYDECUXX01,2039,3.256
GLOBAL,PWRHYDECUXX01,2040,3.256
GLOBAL,PWRHYDECUXX01,2041,3.256
GLOBAL,PWRHYDECUXX01,2042,3.256
GLOBAL,PWRHYDECUXX01,2043,3.256
GLOBAL,PWRHYDECUXX01,2044,3.256
GLOBAL,PWRHYDECUXX01,2045,3.256
GLOBAL,PWRHYDECUXX01,2046,3.256
GLOBAL,PWRHYDECUXX01,2047,3.256
GLOBAL,PWRHYDECUXX01,2048,3.256
GLOBAL,PWRHYDECUXX01,2049,3.256
GLOBAL,PWRHYDECUXX01,2050,3.256
GLOBAL,PWROCGECUXX00,2021,0.146
GLOBAL,PWROCGECUXX00,2022,0.146
GLOBAL,PWROCGECUXX00,2023,0.146
GLOBAL,PWROCGECUXX00,2024,0.146
GLOBAL,PWROCGECUXX00,2025,0.051
GLOBAL,PWROCGECUXX00,2026,0.051
GLOBAL,PWROCGECUXX00,2027,0.051
GLOBAL,PWROCGECUXX00,2028,0.051
GLOBAL,PWROCGECUXX00,2029,0.051
GLOBAL,PWROCGECUXX00,2030,0.051
GLOBAL,PWROCGECUXX00,2031,0.051
GLOBAL,PWROCGECUXX00,2032,0.051
GLOBAL,PWROCGECUXX00,2033,0.051
GLOBAL,PWROCGECUXX00,2034,0.051
GLOBAL,PWROCGECUXX00,2035,0.051
GLOBAL,PWROCGECUXX00,2036,0.051
GLOBAL,PWROCGECUXX00,2037,0.051
GLOBAL,PWROCGECUXX00,2038,0.051
GLOBAL,PWROCGECUXX00,2039,0.051
GLOBAL,PWROCGECUXX00,2040,0.051
GLOBAL,PWROCGECUXX00,2041,0.051
GLOBAL,PWROCGECUXX00,2042,0.051
GLOBAL,PWROCGECUXX00,2043,0.051
GLOBAL,PWROCGECUXX00,2044,0.0
GLOBAL,PWROCGECUXX00,2045,0.0
GLOBAL,PWROCGECUXX00,2046,0.0
GLOBAL,PWROCGECUXX00,2047,0.0
GLOBAL,PWROCGECUXX00,2048,0.0
GLOBAL,PWROCGECUXX00,2049,0.0
GLOBAL,PWROCGECUXX00,2050,0.0
GLOBAL,PWROILECUXX01,2021,1.6933
GLOBAL,PWROILECUXX01,2022,1.6933
GLOBAL,PWROILECUXX01,2023,1.6933
GLOBAL,PWROILECUXX01,2024,1.6933
GLOBAL,PWROILECUXX01,2025,1.5603
GLOBAL,PWROILECUXX01,2026,1.5603
GLOBAL,PWROILECUXX01,2027,0.096
GLOBAL,PWROILECUXX01,2028,0.096
GLOBAL,PWROILECUXX01,2029,0.096
GLOBAL,PWROILECUXX01,2030,0.096
GLOBAL,PWROILECUXX01,2031,0.096
GLOBAL,PWROILECUXX01,2032,0.096
GLOBAL,PWROILECUXX01,2033,0.096
GLOBAL,PWROILECUXX01,2034,0.096
GLOBAL,PWROILECUXX01,2035,0.096
GLOBAL,PWROILECUXX01,2036,0.096
GLOBAL,PWROILECUXX01,2037,0.096
GLOBAL,PWROILECUXX01,2038,0.096
GLOBAL,PWROILECUXX01,2039,0.096
GLOBAL,PWROILECUXX01,2040,0.096
GLOBAL,PWROILECUXX01,2041,0.096
GLOBAL,PWROILECUXX01,2042,0.096
GLOBAL,PWROILECUXX01,2043,0.096
GLOBAL,PWROILECUXX01,2044,0.096
GLOBAL,PWROILECUXX01,2045,0.0
GLOBAL,PWROILECUXX01,2046,0.0
GLOBAL,PWROILECUXX01,2047,0.0
GLOBAL,PWROILECUXX01,2048,0.0
GLOBAL,PWROILECUXX01,2049,0.0
GLOBAL,PWROILECUXX01,2050,0.0
GLOBAL,PWRSPVECUXX01,2021,0.03
GLOBAL,PWRSPVECUXX01,2022,0.03
GLOBAL,PWRSPVECUXX01,2023,0.03
GLOBAL,PWRSPVECUXX01,2024,0.03
GLOBAL,PWRSPVECUXX01,2025,0.03
GLOBAL,PWRSPVECUXX01,2026,0.03
GLOBAL,PWRSPVECUXX01,2027,0.03
GLOBAL,PWRSPVECUXX01,2028,0.03
GLOBAL,PWRSPVECUXX01,2029,0.03
GLOBAL,PWRSPVECUXX01,2030,0.03
GLOBAL,PWRSPVECUXX01,2031,0.03
GLOBAL,PWRSPVECUXX01,2032,0.03
GLOBAL,PWRSPVECUXX01,2033,0.03
GLOBAL,PWRSPVECUXX01,2034,0.03
GLOBAL,PWRSPVECUXX01,2035,0.03
GLOBAL,PWRSPVECUXX01,2036,0.03
GLOBAL,PWRSPVECUXX01,2037,0.03
GLOBAL,PWRSPVECUXX01,2038,0.03
GLOBAL,PWRSPVECUXX01,2039,0.03
GLOBAL,PWRSPVECUXX01,2040,0.03
GLOBAL,PWRSPVECUXX01,2041,0.03
GLOBAL,PWRSPVECUXX01,2042,0.03
GLOBAL,PWRSPVECUXX01,2043,0.03
GLOBAL,PWRSPVECUXX01,2044,0.03
GLOBAL,PWRSPVECUXX01,2045,0.0
GLOBAL,PWRSPVECUXX01,2046,0.0
GLOBAL,PWRSPVECUXX01,2047,0.0
GLOBAL,PWRSPVECUXX01,2048,0.0
GLOBAL,PWRSPVECUXX01,2049,0.0
GLOBAL,PWRSPVECUXX01,2050,0.0
GLOBAL,PWRWONECUXX01,2021,0.02
GLOBAL,PWRWONECUXX01,2022,0.02
GLOBAL,PWRWONECUXX01,2023,0.02
GLOBAL,PWRWONECUXX01,2024,0.02
GLOBAL,PWRWONECUXX01,2025,0.02
GLOBAL,PWRWONECUXX01,2026,0.02
GLOBAL,PWRWONECUXX01,2027,0.02
GLOBAL,PWRWONECUXX01,2028,0.02
GLOBAL,PWRWONECUXX01,2029,0.02
GLOBAL,PWRWONECUXX01,2030,0.02
GLOBAL,PWRWONECUXX01,2031,0.02
GLOBAL,PWRWONECUXX01,2032,0.02
GLOBAL,PWRWONECUXX01,2033,0.02
GLOBAL,PWRWONECUXX01,2034,0.02
GLOBAL,PWRWONECUXX01,2035,0.02
GLOBAL,PWRWONECUXX01,2036,0.02
GLOBAL,PWRWONECUXX01,2037,0.02
GLOBAL,PWRWONECUXX01,2038,0.02
GLOBAL,PWRWONECUXX01,2039,0.02
GLOBAL,PWRWONECUXX01,2040,0.0
GLOBAL,PWRWONECUXX01,2041,0.0
GLOBAL,PWRWONECUXX01,2042,0.0
GLOBAL,PWRWONECUXX01,2043,0.0
GLOBAL,PWRWONECUXX01,2044,0.0
GLOBAL,PWRWONECUXX01,2045,0.0
GLOBAL,PWRWONECUXX01,2046,0.0
GLOBAL,PWRWONECUXX01,2047,0.0
GLOBAL,PWRWONECUXX01,2048,0.0
GLOBAL,PWRWONECUXX01,2049,0.0
GLOBAL,PWRWONECUXX01,2050,0.0
GLOBAL,PWRCCGEGYXX00,2021,33.5107
GLOBAL,PWRCCGEGYXX00,2022,33.5107
GLOBAL,PWRCCGEGYXX00,2023,33.5107
GLOBAL,PWRCCGEGYXX00,2024,33.5107
GLOBAL,PWRCCGEGYXX00,2025,8.057
GLOBAL,PWRCCGEGYXX00,2026,8.057
GLOBAL,PWRCCGEGYXX00,2027,8.057
GLOBAL,PWRCCGEGYXX00,2028,8.057
GLOBAL,PWRCCGEGYXX00,2029,8.057
GLOBAL,PWRCCGEGYXX00,2030,8.057
GLOBAL,PWRCCGEGYXX00,2031,8.057
GLOBAL,PWRCCGEGYXX00,2032,7.417
GLOBAL,PWRCCGEGYXX00,2033,6.733
GLOBAL,PWRCCGEGYXX00,2034,6.049
GLOBAL,PWRCCGEGYXX00,2035,6.049
GLOBAL,PWRCCGEGYXX00,2036,6.049
GLOBAL,PWRCCGEGYXX00,2037,6.049
GLOBAL,PWRCCGEGYXX00,2038,6.049
GLOBAL,PWRCCGEGYXX00,2039,6.049
GLOBAL,PWRCCGEGYXX00,2040,6.049
GLOBAL,PWRCCGEGYXX00,2041,5.349
GLOBAL,PWRCCGEGYXX00,2042,3.85
GLOBAL,PWRCCGEGYXX00,2043,2.75
GLOBAL,PWRCCGEGYXX00,2044,2.75
GLOBAL,PWRCCGEGYXX00,2045,0.0
GLOBAL,PWRCCGEGYXX00,2046,0.0
GLOBAL,PWRCCGEGYXX00,2047,0.0
GLOBAL,PWRCCGEGYXX00,2048,0.0
GLOBAL,PWRCCGEGYXX00,2049,0.0
GLOBAL,PWRCCGEGYXX00,2050,0.0
GLOBAL,PWRCSPEGYXX01,2021,0.02
GLOBAL,PWRCSPEGYXX01,2022,0.02
GLOBAL,PWRCSPEGYXX01,2023,0.02
GLOBAL,PWRCSPEGYXX01,2024,0.02
GLOBAL,PWRCSPEGYXX01,2025,0.02
GLOBAL,PWRCSPEGYXX01,2026,0.02
GLOBAL,PWRCSPEGYXX01,2027,0.02
GLOBAL,PWRCSPEGYXX01,2028,0.02
GLOBAL,PWRCSPEGYXX01,2029,0.02
GLOBAL,PWRCSPEGYXX01,2030,0.02
GLOBAL,PWRCSPEGYXX01,2031,0.02
GLOBAL,PWRCSPEGYXX01,2032,0.02
GLOBAL,PWRCSPEGYXX01,2033,0.02
GLOBAL,PWRCSPEGYXX01,2034,0.02
GLOBAL,PWRCSPEGYXX01,2035,0.02
GLOBAL,PWRCSPEGYXX01,2036,0.02
GLOBAL,PWRCSPEGYXX01,2037,0.02
GLOBAL,PWRCSPEGYXX01,2038,0.02
GLOBAL,PWRCSPEGYXX01,2039,0.02
GLOBAL,PWRCSPEGYXX01,2040,0.0
GLOBAL,PWRCSPEGYXX01,2041,0.0
GLOBAL,PWRCSPEGYXX01,2042,0.0
GLOBAL,PWRCSPEGYXX01,2043,0.0
GLOBAL,PWRCSPEGYXX01,2044,0.0
GLOBAL,PWRCSPEGYXX01,2045,0.0
GLOBAL,PWRCSPEGYXX01,2046,0.0
GLOBAL,PWRCSPEGYXX01,2047,0.0
GLOBAL,PWRCSPEGYXX01,2048,0.0
GLOBAL,PWRCSPEGYXX01,2049,0.0
GLOBAL,PWRCSPEGYXX01,2050,0.0
GLOBAL,PWRHYDEGYXX01,2021,2.85
GLOBAL,PWRHYDEGYXX01,2022,2.85
GLOBAL,PWRHYDEGYXX01,2023,2.85
GLOBAL,PWRHYDEGYXX01,2024,2.85
GLOBAL,PWRHYDEGYXX01,2025,2.85
GLOBAL,PWRHYDEGYXX01,2026,2.85
GLOBAL,PWRHYDEGYXX01,2027,2.85
GLOBAL,PWRHYDEGYXX01,2028,2.85
GLOBAL,PWRHYDEGYXX01,2029,2.85
GLOBAL,PWRHYDEGYXX01,2030,2.85
GLOBAL,PWRHYDEGYXX01,2031,2.85
GLOBAL,PWRHYDEGYXX01,2032,2.85
GLOBAL,PWRHYDEGYXX01,2033,2.85
GLOBAL,PWRHYDEGYXX01,2034,2.85
GLOBAL,PWRHYDEGYXX01,2035,2.85
GLOBAL,PWRHYDEGYXX01,2036,2.85
GLOBAL,PWRHYDEGYXX01,2037,2.85
GLOBAL,PWRHYDEGYXX01,2038,2.85
GLOBAL,PWRHYDEGYXX01,2039,2.85
GLOBAL,PWRHYDEGYXX01,2040,2.85
GLOBAL,PWRHYDEGYXX01,2041,2.85
GLOBAL,PWRHYDEGYXX01,2042,2.85
GLOBAL,PWRHYDEGYXX01,2043,2.85
GLOBAL,PWRHYDEGYXX01,2044,2.85
GLOBAL,PWRHYDEGYXX01,2045,2.85
GLOBAL,PWRHYDEGYXX01,2046,2.85
GLOBAL,PWRHYDEGYXX01,2047,2.85
GLOBAL,PWRHYDEGYXX01,2048,2.85
GLOBAL,PWRHYDEGYXX01,2049,2.85
GLOBAL,PWRHYDEGYXX01,2050,2.85
GLOBAL,PWROCGEGYXX00,2021,0.494
GLOBAL,PWROCGEGYXX00,2022,0.494
GLOBAL,PWROCGEGYXX00,2023,0.494
GLOBAL,PWROCGEGYXX00,2024,0.494
GLOBAL,PWROCGEGYXX00,2025,0.494
GLOBAL,PWROCGEGYXX00,2026,0.428
GLOBAL,PWROCGEGYXX00,2027,0.428
GLOBAL,PWROCGEGYXX00,2028,0.38
GLOBAL,PWROCGEGYXX00,2029,0.38
GLOBAL,PWROCGEGYXX00,2030,0.38
GLOBAL,PWROCGEGYXX00,2031,0.38
GLOBAL,PWROCGEGYXX00,2032,0.38
GLOBAL,PWROCGEGYXX00,2033,0.38
GLOBAL,PWROCGEGYXX00,2034,0.12
GLOBAL,PWROCGEGYXX00,2035,0.12
GLOBAL,PWROCGEGYXX00,2036,0.12
GLOBAL,PWROCGEGYXX00,2037,0.12
GLOBAL,PWROCGEGYXX00,2038,0.12
GLOBAL,PWROCGEGYXX00,2039,0.12
GLOBAL,PWROCGEGYXX00,2040,0.12
GLOBAL,PWROCGEGYXX00,2041,0.12
GLOBAL,PWROCGEGYXX00,2042,0.0
GLOBAL,PWROCGEGYXX00,2043,0.0
GLOBAL,PWROCGEGYXX00,2044,0.0
GLOBAL,PWROCGEGYXX00,2045,0.0
GLOBAL,PWROCGEGYXX00,2046,0.0
GLOBAL,PWROCGEGYXX00,2047,0.0
GLOBAL,PWROCGEGYXX00,2048,0.0
GLOBAL,PWROCGEGYXX00,2049,0.0
GLOBAL,PWROCGEGYXX00,2050,0.0
GLOBAL,PWROILEGYXX01,2021,1.1693
GLOBAL,PWROILEGYXX01,2022,1.1693
GLOBAL,PWROILEGYXX01,2023,1.1693
GLOBAL,PWROILEGYXX01,2024,1.1693
GLOBAL,PWROILEGYXX01,2025,1.1693
GLOBAL,PWROILEGYXX01,2026,1.1693
GLOBAL,PWROILEGYXX01,2027,0.023
GLOBAL,PWROILEGYXX01,2028,0.023
GLOBAL,PWROILEGYXX01,2029,0.023
GLOBAL,PWROILEGYXX01,2030,0.023
GLOBAL,PWROILEGYXX01,2031,0.023
GLOBAL,PWROILEGYXX01,2032,0.023
GLOBAL,PWROILEGYXX01,2033,0.023
GLOBAL,PWROILEGYXX01,2034,0.0
GLOBAL,PWROILEGYXX01,2035,0.0
GLOBAL,PWROILEGYXX01,2036,0.0
GLOBAL,PWROILEGYXX01,2037,0.0
GLOBAL,PWROILEGYXX01,2038,0.0
GLOBAL,PWROILEGYXX01,2039,0.0
GLOBAL,PWROILEGYXX01,2040,0.0
GLOBAL,PWROILEGYXX01,2041,0.0
GLOBAL,PWROILEGYXX01,2042,0.0
GLOBAL,PWROILEGYXX01,2043,0.0
GLOBAL,PWROILEGYXX01,2044,0.0
GLOBAL,PWROILEGYXX01,2045,0.0
GLOBAL,PWROILEGYXX01,2046,0.0
GLOBAL,PWROILEGYXX01,2047,0.0
GLOBAL,PWROILEGYXX01,2048,0.0
GLOBAL,PWROILEGYXX01,2049,0.0
GLOBAL,PWROILEGYXX01,2050,0.0
GLOBAL,PWRSPVEGYXX01,2021,0.025
GLOBAL,PWRSPVEGYXX01,2022,0.025
GLOBAL,PWRSPVEGYXX01,2023,0.025
GLOBAL,PWRSPVEGYXX01,2024,0.025
GLOBAL,PWRSPVEGYXX01,2025,0.025
GLOBAL,PWRSPVEGYXX01,2026,0.025
GLOBAL,PWRSPVEGYXX01,2027,0.025
GLOBAL,PWRSPVEGYXX01,2028,0.025
GLOBAL,PWRSPVEGYXX01,2029,0.025
GLOBAL,PWRSPVEGYXX01,2030,0.025
GLOBAL,PWRSPVEGYXX01,2031,0.025
GLOBAL,PWRSPVEGYXX01,2032,0.025
GLOBAL,PWRSPVEGYXX01,2033,0.025
GLOBAL,PWRSPVEGYXX01,2034,0.025
GLOBAL,PWRSPVEGYXX01,2035,0.025
GLOBAL,PWRSPVEGYXX01,2036,0.025
GLOBAL,PWRSPVEGYXX01,2037,0.025
GLOBAL,PWRSPVEGYXX01,2038,0.025
GLOBAL,PWRSPVEGYXX01,2039,0.025
GLOBAL,PWRSPVEGYXX01,2040,0.025
GLOBAL,PWRSPVEGYXX01,2041,0.025
GLOBAL,PWRSPVEGYXX01,2042,0.025
GLOBAL,PWRSPVEGYXX01,2043,0.025
GLOBAL,PWRSPVEGYXX01,2044,0.025
GLOBAL,PWRSPVEGYXX01,2045,0.0
GLOBAL,PWRSPVEGYXX01,2046,0.0
GLOBAL,PWRSPVEGYXX01,2047,0.0
GLOBAL,PWRSPVEGYXX01,2048,0.0
GLOBAL,PWRSPVEGYXX01,2049,0.0
GLOBAL,PWRSPVEGYXX01,2050,0.0
GLOBAL,PWRWONEGYXX01,2021,0.81
GLOBAL,PWRWONEGYXX01,2022,0.81
GLOBAL,PWRWONEGYXX01,2023,0.81
GLOBAL,PWRWONEGYXX01,2024,0.81
GLOBAL,PWRWONEGYXX01,2025,0.81
GLOBAL,PWRWONEGYXX01,2026,0.81
GLOBAL,PWRWONEGYXX01,2027,0.81
GLOBAL,PWRWONEGYXX01,2028,0.81
GLOBAL,PWRWONEGYXX01,2029,0.81
GLOBAL,PWRWONEGYXX01,2030,0.81
GLOBAL,PWRWONEGYXX01,2031,0.81
GLOBAL,PWRWONEGYXX01,2032,0.81
GLOBAL,PWRWONEGYXX01,2033,0.81
GLOBAL,PWRWONEGYXX01,2034,0.81
GLOBAL,PWRWONEGYXX01,2035,0.81
GLOBAL,PWRWONEGYXX01,2036,0.81
GLOBAL,PWRWONEGYXX01,2037,0.81
GLOBAL,PWRWONEGYXX01,2038,0.81
GLOBAL,PWRWONEGYXX01,2039,0.81
GLOBAL,PWRWONEGYXX01,2040,0.0
GLOBAL,PWRWONEGYXX01,2041,0.0
GLOBAL,PWRWONEGYXX01,2042,0.0
GLOBAL,PWRWONEGYXX01,2043,0.0
GLOBAL,PWRWONEGYXX01,2044,0.0
GLOBAL,PWRWONEGYXX01,2045,0.0
GLOBAL,PWRWONEGYXX01,2046,0.0
GLOBAL,PWRWONEGYXX01,2047,0.0
GLOBAL,PWRWONEGYXX01,2048,0.0
GLOBAL,PWRWONEGYXX01,2049,0.0
GLOBAL,PWRWONEGYXX01,2050,0.0
GLOBAL,PWROILERIXX01,2021,0.133
GLOBAL,PWROILERIXX01,2022,0.133
GLOBAL,PWROILERIXX01,2023,0.133
GLOBAL,PWROILERIXX01,2024,0.133
GLOBAL,PWROILERIXX01,2025,0.133
GLOBAL,PWROILERIXX01,2026,0.133
GLOBAL,PWROILERIXX01,2027,0.0
GLOBAL,PWROILERIXX01,2028,0.0
GLOBAL,PWROILERIXX01,2029,0.0
GLOBAL,PWROILERIXX01,2030,0.0
GLOBAL,PWROILERIXX01,2031,0.0
GLOBAL,PWROILERIXX01,2032,0.0
GLOBAL,PWROILERIXX01,2033,0.0
GLOBAL,PWROILERIXX01,2034,0.0
GLOBAL,PWROILERIXX01,2035,0.0
GLOBAL,PWROILERIXX01,2036,0.0
GLOBAL,PWROILERIXX01,2037,0.0
GLOBAL,PWROILERIXX01,2038,0.0
GLOBAL,PWROILERIXX01,2039,0.0
GLOBAL,PWROILERIXX01,2040,0.0
GLOBAL,PWROILERIXX01,2041,0.0
GLOBAL,PWROILERIXX01,2042,0.0
GLOBAL,PWROILERIXX01,2043,0.0
GLOBAL,PWROILERIXX01,2044,0.0
GLOBAL,PWROILERIXX01,2045,0.0
GLOBAL,PWROILERIXX01,2046,0.0
GLOBAL,PWROILERIXX01,2047,0.0
GLOBAL,PWROILERIXX01,2048,0.0
GLOBAL,PWROILERIXX01,2049,0.0
GLOBAL,PWROILERIXX01,2050,0.0
GLOBAL,PWROILESHXX01,2021,0.023
GLOBAL,PWROILESHXX01,2022,0.023
GLOBAL,PWROILESHXX01,2023,0.023
GLOBAL,PWROILESHXX01,2024,0.023
GLOBAL,PWROILESHXX01,2025,0.023
GLOBAL,PWROILESHXX01,2026,0.023
GLOBAL,PWROILESHXX01,2027,0.023
GLOBAL,PWROILESHXX01,2028,0.023
GLOBAL,PWROILESHXX01,2029,0.023
GLOBAL,PWROILESHXX01,2030,0.023
GLOBAL,PWROILESHXX01,2031,0.023
GLOBAL,PWROILESHXX01,2032,0.023
GLOBAL,PWROILESHXX01,2033,0.0
GLOBAL,PWROILESHXX01,2034,0.0
GLOBAL,PWROILESHXX01,2035,0.0
GLOBAL,PWROILESHXX01,2036,0.0
GLOBAL,PWROILESHXX01,2037,0.0
GLOBAL,PWROILESHXX01,2038,0.0
GLOBAL,PWROILESHXX01,2039,0.0
GLOBAL,PWROILESHXX01,2040,0.0
GLOBAL,PWROILESHXX01,2041,0.0
GLOBAL,PWROILESHXX01,2042,0.0
GLOBAL,PWROILESHXX01,2043,0.0
GLOBAL,PWROILESHXX01,2044,0.0
GLOBAL,PWROILESHXX01,2045,0.0
GLOBAL,PWROILESHXX01,2046,0.0
GLOBAL,PWROILESHXX01,2047,0.0
GLOBAL,PWROILESHXX01,2048,0.0
GLOBAL,PWROILESHXX01,2049,0.0
GLOBAL,PWROILESHXX01,2050,0.0
GLOBAL,PWRBIOESPXX01,2021,0.7969
GLOBAL,PWRBIOESPXX01,2022,0.7969
GLOBAL,PWRBIOESPXX01,2023,0.7969
GLOBAL,PWRBIOESPXX01,2024,0.7969
GLOBAL,PWRBIOESPXX01,2025,0.7969
GLOBAL,PWRBIOESPXX01,2026,0.7969
GLOBAL,PWRBIOESPXX01,2027,0.7969
GLOBAL,PWRBIOESPXX01,2028,0.7969
GLOBAL,PWRBIOESPXX01,2029,0.7969
GLOBAL,PWRBIOESPXX01,2030,0.7969
GLOBAL,PWRBIOESPXX01,2031,0.7969
GLOBAL,PWRBIOESPXX01,2032,0.0
GLOBAL,PWRBIOESPXX01,2033,0.0
GLOBAL,PWRBIOESPXX01,2034,0.0
GLOBAL,PWRBIOESPXX01,2035,0.0
GLOBAL,PWRBIOESPXX01,2036,0.0
GLOBAL,PWRBIOESPXX01,2037,0.0
GLOBAL,PWRBIOESPXX01,2038,0.0
GLOBAL,PWRBIOESPXX01,2039,0.0
GLOBAL,PWRBIOESPXX01,2040,0.0
GLOBAL,PWRBIOESPXX01,2041,0.0
GLOBAL,PWRBIOESPXX01,2042,0.0
GLOBAL,PWRBIOESPXX01,2043,0.0
GLOBAL,PWRBIOESPXX01,2044,0.0
GLOBAL,PWRBIOESPXX01,2045,0.0
GLOBAL,PWRBIOESPXX01,2046,0.0
GLOBAL,PWRBIOESPXX01,2047,0.0
GLOBAL,PWRBIOESPXX01,2048,0.0
GLOBAL,PWRBIOESPXX01,2049,0.0
GLOBAL,PWRBIOESPXX01,2050,0.0
GLOBAL,PWRCCGESPXX00,2021,29.5779
GLOBAL,PWRCCGESPXX00,2022,29.5779
GLOBAL,PWRCCGESPXX00,2023,29.5779
GLOBAL,PWRCCGESPXX00,2024,29.5779
GLOBAL,PWRCCGESPXX00,2025,25.308
GLOBAL,PWRCCGESPXX00,2026,25.308
GLOBAL,PWRCCGESPXX00,2027,25.308
GLOBAL,PWRCCGESPXX00,2028,25.308
GLOBAL,PWRCCGESPXX00,2029,24.576
GLOBAL,PWRCCGESPXX00,2030,24.576
GLOBAL,PWRCCGESPXX00,2031,24.576
GLOBAL,PWRCCGESPXX00,2032,24.576
GLOBAL,PWRCCGESPXX00,2033,22.578
GLOBAL,PWRCCGESPXX00,2034,22.578
GLOBAL,PWRCCGESPXX00,2035,19.827
GLOBAL,PWRCCGESPXX00,2036,16.277
GLOBAL,PWRCCGESPXX00,2037,11.074
GLOBAL,PWRCCGESPXX00,2038,7.95
GLOBAL,PWRCCGESPXX00,2039,5.06
GLOBAL,PWRCCGESPXX00,2040,3.392
GLOBAL,PWRCCGESPXX00,2041,0.855
GLOBAL,PWRCCGESPXX00,2042,0.0
GLOBAL,PWRCCGESPXX00,2043,0.0
GLOBAL,PWRCCGESPXX00,2044,0.0
GLOBAL,PWRCCGESPXX00,2045,0.0
GLOBAL,PWRCCGESPXX00,2046,0.0
GLOBAL,PWRCCGESPXX00,2047,0.0
GLOBAL,PWRCCGESPXX00,2048,0.0
GLOBAL,PWRCCGESPXX00,2049,0.0
GLOBAL,PWRCCGESPXX00,2050,0.0
GLOBAL,PWRCOAESPXX01,2021,10.4677
GLOBAL,PWRCOAESPXX01,2022,10.4677
GLOBAL,PWRCOAESPXX01,2023,10.4677
GLOBAL,PWRCOAESPXX01,2024,10.4677
GLOBAL,PWRCOAESPXX01,2025,10.4677
GLOBAL,PWRCOAESPXX01,2026,10.4677
GLOBAL,PWRCOAESPXX01,2027,10.4677
GLOBAL,PWRCOAESPXX01,2028,7.664
GLOBAL,PWRCOAESPXX01,2029,7.664
GLOBAL,PWRCOAESPXX01,2030,7.664
GLOBAL,PWRCOAESPXX01,2031,7.664
GLOBAL,PWRCOAESPXX01,2032,7.664
GLOBAL,PWRCOAESPXX01,2033,7.664
GLOBAL,PWRCOAESPXX01,2034,0.0
GLOBAL,PWRCOAESPXX01,2035,0.0
GLOBAL,PWRCOAESPXX01,2036,0.0
GLOBAL,PWRCOAESPXX01,2037,0.0
GLOBAL,PWRCOAESPXX01,2038,0.0
GLOBAL,PWRCOAESPXX01,2039,0.0
GLOBAL,PWRCOAESPXX01,2040,0.0
GLOBAL,PWRCOAESPXX01,2041,0.0
GLOBAL,PWRCOAESPXX01,2042,0.0
GLOBAL,PWRCOAESPXX01,2043,0.0
GLOBAL,PWRCOAESPXX01,2044,0.0
GLOBAL,PWRCOAESPXX01,2045,0.0
GLOBAL,PWRCOAESPXX01,2046,0.0
GLOBAL,PWRCOAESPXX01,2047,0.0
GLOBAL,PWRCOAESPXX01,2048,0.0
GLOBAL,PWRCOAESPXX01,2049,0.0
GLOBAL,PWRCOAESPXX01,2050,0.0
GLOBAL,PWRCSPESPXX01,2021,4.315
GLOBAL,PWRCSPESPXX01,2022,4.315
GLOBAL,PWRCSPESPXX01,2023,4.315
GLOBAL,PWRCSPESPXX01,2024,4.315
GLOBAL,PWRCSPESPXX01,2025,4.315
GLOBAL,PWRCSPESPXX01,2026,4.315
GLOBAL,PWRCSPESPXX01,2027,4.315
GLOBAL,PWRCSPESPXX01,2028,4.315
GLOBAL,PWRCSPESPXX01,2029,4.315
GLOBAL,PWRCSPESPXX01,2030,4.315
GLOBAL,PWRCSPESPXX01,2031,4.315
GLOBAL,PWRCSPESPXX01,2032,4.315
GLOBAL,PWRCSPESPXX01,2033,4.315
GLOBAL,PWRCSPESPXX01,2034,4.315
GLOBAL,PWRCSPESPXX01,2035,4.315
GLOBAL,PWRCSPESPXX01,2036,4.315
GLOBAL,PWRCSPESPXX01,2037,4.304
GLOBAL,PWRCSPESPXX01,2038,4.304
GLOBAL,PWRCSPESPXX01,2039,4.304
GLOBAL,PWRCSPESPXX01,2040,1.754
GLOBAL,PWRCSPESPXX01,2041,1.454
GLOBAL,PWRCSPESPXX01,2042,0.954
GLOBAL,PWRCSPESPXX01,2043,0.15
GLOBAL,PWRCSPESPXX01,2044,0.0
GLOBAL,PWRCSPESPXX01,2045,0.0
GLOBAL,PWRCSPESPXX01,2046,0.0
GLOBAL,PWRCSPESPXX01,2047,0.0
GLOBAL,PWRCSPESPXX01,2048,0.0
GLOBAL,PWRCSPESPXX01,2049,0.0
GLOBAL,PWRCSPESPXX01,2050,0.0
GLOBAL,PWRHYDESPXX01,2021,15.665
GLOBAL,PWRHYDESPXX01,2022,15.665
GLOBAL,PWRHYDESPXX01,2023,15.665
GLOBAL,PWRHYDESPXX01,2024,15.624
GLOBAL,PWRHYDESPXX01,2025,15.624
GLOBAL,PWRHYDESPXX01,2026,15.624
GLOBAL,PWRHYDESPXX01,2027,15.624
GLOBAL,PWRHYDESPXX01,2028,15.624
GLOBAL,PWRHYDESPXX01,2029,15.624
GLOBAL,PWRHYDESPXX01,2030,15.624
GLOBAL,PWRHYDESPXX01,2031,15.624
GLOBAL,PWRHYDESPXX01,2032,15.624
GLOBAL,PWRHYDESPXX01,2033,15.583
GLOBAL,PWRHYDESPXX01,2034,15.583
GLOBAL,PWRHYDESPXX01,2035,15.583
GLOBAL,PWRHYDESPXX01,2036,15.551
GLOBAL,PWRHYDESPXX01,2037,15.551
GLOBAL,PWRHYDESPXX01,2038,15.551
GLOBAL,PWRHYDESPXX01,2039,15.551
GLOBAL,PWRHYDESPXX01,2040,15.551
GLOBAL,PWRHYDESPXX01,2041,15.551
GLOBAL,PWRHYDESPXX01,2042,15.551
GLOBAL,PWRHYDESPXX01,2043,15.551
GLOBAL,PWRHYDESPXX01,2044,15.551
GLOBAL,PWRHYDESPXX01,2045,15.489
GLOBAL,PWRHYDESPXX01,2046,15.489
GLOBAL,PWRHYDESPXX01,2047,15.489
GLOBAL,PWRHYDESPXX01,2048,15.467
GLOBAL,PWRHYDESPXX01,2049,15.414
GLOBAL,PWRHYDESPXX01,2050,15.365
GLOBAL,PWROCGESPXX00,2021,0.855
GLOBAL,PWROCGESPXX00,2022,0.855
GLOBAL,PWROCGESPXX00,2023,0.855
GLOBAL,PWROCGESPXX00,2024,0.855
GLOBAL,PWROCGESPXX00,2025,0.375
GLOBAL,PWROCGESPXX00,2026,0.375
GLOBAL,PWROCGESPXX00,2027,0.375
GLOBAL,PWROCGESPXX00,2028,0.375
GLOBAL,PWROCGESPXX00,2029,0.375
GLOBAL,PWROCGESPXX00,2030,0.324
GLOBAL,PWROCGESPXX00,2031,0.314
GLOBAL,PWROCGESPXX00,2032,0.265
GLOBAL,PWROCGESPXX00,2033,0.241
GLOBAL,PWROCGESPXX00,2034,0.209
GLOBAL,PWROCGESPXX00,2035,0.209
GLOBAL,PWROCGESPXX00,2036,0.199
GLOBAL,PWROCGESPXX00,2037,0.199
GLOBAL,PWROCGESPXX00,2038,0.199
GLOBAL,PWROCGESPXX00,2039,0.122
GLOBAL,PWROCGESPXX00,2040,0.112
GLOBAL,PWROCGESPXX00,2041,0.112
GLOBAL,PWROCGESPXX00,2042,0.072
GLOBAL,PWROCGESPXX00,2043,0.0
GLOBAL,PWROCGESPXX00,2044,0.0
GLOBAL,PWROCGESPXX00,2045,0.0
GLOBAL,PWROCGESPXX00,2046,0.0
GLOBAL,PWROCGESPXX00,2047,0.0
GLOBAL,PWROCGESPXX00,2048,0.0
GLOBAL,PWROCGESPXX00,2049,0.0
GLOBAL,PWROCGESPXX00,2050,0.0
GLOBAL,PWROILESPXX01,2021,4.667
GLOBAL,PWROILESPXX01,2022,4.472
GLOBAL,PWROILESPXX01,2023,4.472
GLOBAL,PWROILESPXX01,2024,4.472
GLOBAL,PWROILESPXX01,2025,4.431
GLOBAL,PWROILESPXX01,2026,4.431
GLOBAL,PWROILESPXX01,2027,4.415
GLOBAL,PWROILESPXX01,2028,4.415
GLOBAL,PWROILESPXX01,2029,2.98
GLOBAL,PWROILESPXX01,2030,2.961
GLOBAL,PWROILESPXX01,2031,2.346
GLOBAL,PWROILESPXX01,2032,2.334
GLOBAL,PWROILESPXX01,2033,2.334
GLOBAL,PWROILESPXX01,2034,1.198
GLOBAL,PWROILESPXX01,2035,1.198
GLOBAL,PWROILESPXX01,2036,1.126
GLOBAL,PWROILESPXX01,2037,1.016
GLOBAL,PWROILESPXX01,2038,1.016
GLOBAL,PWROILESPXX01,2039,0.324
GLOBAL,PWROILESPXX01,2040,0.324
GLOBAL,PWROILESPXX01,2041,0.311
GLOBAL,PWROILESPXX01,2042,0.223
GLOBAL,PWROILESPXX01,2043,0.185
GLOBAL,PWROILESPXX01,2044,0.0
GLOBAL,PWROILESPXX01,2045,0.0
GLOBAL,PWROILESPXX01,2046,0.0
GLOBAL,PWROILESPXX01,2047,0.0
GLOBAL,PWROILESPXX01,2048,0.0
GLOBAL,PWROILESPXX01,2049,0.0
GLOBAL,PWROILESPXX01,2050,0.0
GLOBAL,PWRSPVESPXX01,2021,4.8561
GLOBAL,PWRSPVESPXX01,2022,4.8561
GLOBAL,PWRSPVESPXX01,2023,4.8561
GLOBAL,PWRSPVESPXX01,2024,4.8561
GLOBAL,PWRSPVESPXX01,2025,4.8561
GLOBAL,PWRSPVESPXX01,2026,4.8561
GLOBAL,PWRSPVESPXX01,2027,4.8561
GLOBAL,PWRSPVESPXX01,2028,4.8561
GLOBAL,PWRSPVESPXX01,2029,4.8561
GLOBAL,PWRSPVESPXX01,2030,4.8561
GLOBAL,PWRSPVESPXX01,2031,4.8561
GLOBAL,PWRSPVESPXX01,2032,4.8561
GLOBAL,PWRSPVESPXX01,2033,4.8561
GLOBAL,PWRSPVESPXX01,2034,4.8561
GLOBAL,PWRSPVESPXX01,2035,4.8561
GLOBAL,PWRSPVESPXX01,2036,4.8561
GLOBAL,PWRSPVESPXX01,2037,4.8561
GLOBAL,PWRSPVESPXX01,2038,4.8561
GLOBAL,PWRSPVESPXX01,2039,4.8561
GLOBAL,PWRSPVESPXX01,2040,4.8561
GLOBAL,PWRSPVESPXX01,2041,4.8561
GLOBAL,PWRSPVESPXX01,2042,4.8361
GLOBAL,PWRSPVESPXX01,2043,4.8361
GLOBAL,PWRSPVESPXX01,2044,4.8361
GLOBAL,PWRSPVESPXX01,2045,0.0
GLOBAL,PWRSPVESPXX01,2046,0.0
GLOBAL,PWRSPVESPXX01,2047,0.0
GLOBAL,PWRSPVESPXX01,2048,0.0
GLOBAL,PWRSPVESPXX01,2049,0.0
GLOBAL,PWRSPVESPXX01,2050,0.0
GLOBAL,PWRURNESPXX01,2021,7.122
GLOBAL,PWRURNESPXX01,2022,7.122
GLOBAL,PWRURNESPXX01,2023,7.122
GLOBAL,PWRURNESPXX01,2024,7.122
GLOBAL,PWRURNESPXX01,2025,7.122
GLOBAL,PWRURNESPXX01,2026,7.122
GLOBAL,PWRURNESPXX01,2027,7.122
GLOBAL,PWRURNESPXX01,2028,7.122
GLOBAL,PWRURNESPXX01,2029,7.122
GLOBAL,PWRURNESPXX01,2030,7.122
GLOBAL,PWRURNESPXX01,2031,7.122
GLOBAL,PWRURNESPXX01,2032,7.122
GLOBAL,PWRURNESPXX01,2033,7.122
GLOBAL,PWRURNESPXX01,2034,7.122
GLOBAL,PWRURNESPXX01,2035,7.122
GLOBAL,PWRURNESPXX01,2036,7.122
GLOBAL,PWRURNESPXX01,2037,7.122
GLOBAL,PWRURNESPXX01,2038,7.122
GLOBAL,PWRURNESPXX01,2039,7.122
GLOBAL,PWRURNESPXX01,2040,7.122
GLOBAL,PWRURNESPXX01,2041,7.122
GLOBAL,PWRURNESPXX01,2042,7.122
GLOBAL,PWRURNESPXX01,2043,7.122
GLOBAL,PWRURNESPXX01,2044,5.13
GLOBAL,PWRURNESPXX01,2045,3.114
GLOBAL,PWRURNESPXX01,2046,2.05
GLOBAL,PWRURNESPXX01,2047,2.05
GLOBAL,PWRURNESPXX01,2048,1.004
GLOBAL,PWRURNESPXX01,2049,0.0
GLOBAL,PWRURNESPXX01,2050,0.0
GLOBAL,PWRWASESPXX01,2021,0.388
GLOBAL,PWRWASESPXX01,2022,0.388
GLOBAL,PWRWASESPXX01,2023,0.388
GLOBAL,PWRWASESPXX01,2024,0.388
GLOBAL,PWRWASESPXX01,2025,0.388
GLOBAL,PWRWASESPXX01,2026,0.388
GLOBAL,PWRWASESPXX01,2027,0.388
GLOBAL,PWRWASESPXX01,2028,0.388
GLOBAL,PWRWASESPXX01,2029,0.388
GLOBAL,PWRWASESPXX01,2030,0.388
GLOBAL,PWRWASESPXX01,2031,0.388
GLOBAL,PWRWASESPXX01,2032,0.137
GLOBAL,PWRWASESPXX01,2033,0.137
GLOBAL,PWRWASESPXX01,2034,0.121
GLOBAL,PWRWASESPXX01,2035,0.106
GLOBAL,PWRWASESPXX01,2036,0.091
GLOBAL,PWRWASESPXX01,2037,0.091
GLOBAL,PWRWASESPXX01,2038,0.091
GLOBAL,PWRWASESPXX01,2039,0.091
GLOBAL,PWRWASESPXX01,2040,0.091
GLOBAL,PWRWASESPXX01,2041,0.016
GLOBAL,PWRWASESPXX01,2042,0.016
GLOBAL,PWRWASESPXX01,2043,0.016
GLOBAL,PWRWASESPXX01,2044,0.0
GLOBAL,PWRWASESPXX01,2045,0.0
GLOBAL,PWRWASESPXX01,2046,0.0
GLOBAL,PWRWASESPXX01,2047,0.0
GLOBAL,PWRWASESPXX01,2048,0.0
GLOBAL,PWRWASESPXX01,2049,0.0
GLOBAL,PWRWASESPXX01,2050,0.0
GLOBAL,PWRWAVESPXX01,2021,0.09
GLOBAL,PWRWAVESPXX01,2022,0.0
GLOBAL,PWRWAVESPXX01,2023,0.0
GLOBAL,PWRWAVESPXX01,2024,0.0
GLOBAL,PWRWAVESPXX01,2025,0.0
GLOBAL,PWRWAVESPXX01,2026,0.0
GLOBAL,PWRWAVESPXX01,2027,0.0
GLOBAL,PWRWAVESPXX01,2028,0.0
GLOBAL,PWRWAVESPXX01,2029,0.0
GLOBAL,PWRWAVESPXX01,2030,0.0
GLOBAL,PWRWAVESPXX01,2031,0.0
GLOBAL,PWRWAVESPXX01,2032,0.0
GLOBAL,PWRWAVESPXX01,2033,0.0
GLOBAL,PWRWAVESPXX01,2034,0.0
GLOBAL,PWRWAVESPXX01,2035,0.0
GLOBAL,PWRWAVESPXX01,2036,0.0
GLOBAL,PWRWAVESPXX01,2037,0.0
GLOBAL,PWRWAVESPXX01,2038,0.0
GLOBAL,PWRWAVESPXX01,2039,0.0
GLOBAL,PWRWAVESPXX01,2040,0.0
GLOBAL,PWRWAVESPXX01,2041,0.0
GLOBAL,PWRWAVESPXX01,2042,0.0
GLOBAL,PWRWAVESPXX01,2043,0.0
GLOBAL,PWRWAVESPXX01,2044,0.0
GLOBAL,PWRWAVESPXX01,2045,0.0
GLOBAL,PWRWAVESPXX01,2046,0.0
GLOBAL,PWRWAVESPXX01,2047,0.0
GLOBAL,PWRWAVESPXX01,2048,0.0
GLOBAL,PWRWAVESPXX01,2049,0.0
GLOBAL,PWRWAVESPXX01,2050,0.0
GLOBAL,PWRWONESPXX01,2021,22.9676
GLOBAL,PWRWONESPXX01,2022,22.9676
GLOBAL,PWRWONESPXX01,2023,22.9676
GLOBAL,PWRWONESPXX01,2024,22.9676
GLOBAL,PWRWONESPXX01,2025,22.9676
GLOBAL,PWRWONESPXX01,2026,22.9676
GLOBAL,PWRWONESPXX01,2027,22.9676
GLOBAL,PWRWONESPXX01,2028,22.9546
GLOBAL,PWRWONESPXX01,2029,22.8706
GLOBAL,PWRWONESPXX01,2030,22.7676
GLOBAL,PWRWONESPXX01,2031,22.5186
GLOBAL,PWRWONESPXX01,2032,22.2866
GLOBAL,PWRWONESPXX01,2033,22.1906
GLOBAL,PWRWONESPXX01,2034,22.0936
GLOBAL,PWRWONESPXX01,2035,21.4996
GLOBAL,PWRWONESPXX01,2036,20.6176
GLOBAL,PWRWONESPXX01,2037,19.6796
GLOBAL,PWRWONESPXX01,2038,18.3976
GLOBAL,PWRWONESPXX01,2039,17.9886
GLOBAL,PWRWONESPXX01,2040,0.535
GLOBAL,PWRWONESPXX01,2041,0.361
GLOBAL,PWRWONESPXX01,2042,0.273
GLOBAL,PWRWONESPXX01,2043,0.032
GLOBAL,PWRWONESPXX01,2044,0.0
GLOBAL,PWRWONESPXX01,2045,0.0
GLOBAL,PWRWONESPXX01,2046,0.0
GLOBAL,PWRWONESPXX01,2047,0.0
GLOBAL,PWRWONESPXX01,2048,0.0
GLOBAL,PWRWONESPXX01,2049,0.0
GLOBAL,PWRWONESPXX01,2050,0.0
GLOBAL,PWRBIOESTXX01,2021,0.386
GLOBAL,PWRBIOESTXX01,2022,0.386
GLOBAL,PWRBIOESTXX01,2023,0.386
GLOBAL,PWRBIOESTXX01,2024,0.386
GLOBAL,PWRBIOESTXX01,2025,0.386
GLOBAL,PWRBIOESTXX01,2026,0.386
GLOBAL,PWRBIOESTXX01,2027,0.386
GLOBAL,PWRBIOESTXX01,2028,0.386
GLOBAL,PWRBIOESTXX01,2029,0.386
GLOBAL,PWRBIOESTXX01,2030,0.386
GLOBAL,PWRBIOESTXX01,2031,0.386
GLOBAL,PWRBIOESTXX01,2032,0.0
GLOBAL,PWRBIOESTXX01,2033,0.0
GLOBAL,PWRBIOESTXX01,2034,0.0
GLOBAL,PWRBIOESTXX01,2035,0.0
GLOBAL,PWRBIOESTXX01,2036,0.0
GLOBAL,PWRBIOESTXX01,2037,0.0
GLOBAL,PWRBIOESTXX01,2038,0.0
GLOBAL,PWRBIOESTXX01,2039,0.0
GLOBAL,PWRBIOESTXX01,2040,0.0
GLOBAL,PWRBIOESTXX01,2041,0.0
GLOBAL,PWRBIOESTXX01,2042,0.0
GLOBAL,PWRBIOESTXX01,2043,0.0
GLOBAL,PWRBIOESTXX01,2044,0.0
GLOBAL,PWRBIOESTXX01,2045,0.0
GLOBAL,PWRBIOESTXX01,2046,0.0
GLOBAL,PWRBIOESTXX01,2047,0.0
GLOBAL,PWRBIOESTXX01,2048,0.0
GLOBAL,PWRBIOESTXX01,2049,0.0
GLOBAL,PWRBIOESTXX01,2050,0.0
GLOBAL,PWRCCGESTXX00,2021,0.423
GLOBAL,PWRCCGESTXX00,2022,0.423
GLOBAL,PWRCCGESTXX00,2023,0.423
GLOBAL,PWRCCGESTXX00,2024,0.423
GLOBAL,PWRCCGESTXX00,2025,0.0
GLOBAL,PWRCCGESTXX00,2026,0.0
GLOBAL,PWRCCGESTXX00,2027,0.0
GLOBAL,PWRCCGESTXX00,2028,0.0
GLOBAL,PWRCCGESTXX00,2029,0.0
GLOBAL,PWRCCGESTXX00,2030,0.0
GLOBAL,PWRCCGESTXX00,2031,0.0
GLOBAL,PWRCCGESTXX00,2032,0.0
GLOBAL,PWRCCGESTXX00,2033,0.0
GLOBAL,PWRCCGESTXX00,2034,0.0
GLOBAL,PWRCCGESTXX00,2035,0.0
GLOBAL,PWRCCGESTXX00,2036,0.0
GLOBAL,PWRCCGESTXX00,2037,0.0
GLOBAL,PWRCCGESTXX00,2038,0.0
GLOBAL,PWRCCGESTXX00,2039,0.0
GLOBAL,PWRCCGESTXX00,2040,0.0
GLOBAL,PWRCCGESTXX00,2041,0.0
GLOBAL,PWRCCGESTXX00,2042,0.0
GLOBAL,PWRCCGESTXX00,2043,0.0
GLOBAL,PWRCCGESTXX00,2044,0.0
GLOBAL,PWRCCGESTXX00,2045,0.0
GLOBAL,PWRCCGESTXX00,2046,0.0
GLOBAL,PWRCCGESTXX00,2047,0.0
GLOBAL,PWRCCGESTXX00,2048,0.0
GLOBAL,PWRCCGESTXX00,2049,0.0
GLOBAL,PWRCCGESTXX00,2050,0.0
GLOBAL,PWROILESTXX01,2021,1.842
GLOBAL,PWROILESTXX01,2022,1.842
GLOBAL,PWROILESTXX01,2023,1.842
GLOBAL,PWROILESTXX01,2024,1.842
GLOBAL,PWROILESTXX01,2025,1.842
GLOBAL,PWROILESTXX01,2026,1.842
GLOBAL,PWROILESTXX01,2027,0.0
GLOBAL,PWROILESTXX01,2028,0.0
GLOBAL,PWROILESTXX01,2029,0.0
GLOBAL,PWROILESTXX01,2030,0.0
GLOBAL,PWROILESTXX01,2031,0.0
GLOBAL,PWROILESTXX01,2032,0.0
GLOBAL,PWROILESTXX01,2033,0.0
GLOBAL,PWROILESTXX01,2034,0.0
GLOBAL,PWROILESTXX01,2035,0.0
GLOBAL,PWROILESTXX01,2036,0.0
GLOBAL,PWROILESTXX01,2037,0.0
GLOBAL,PWROILESTXX01,2038,0.0
GLOBAL,PWROILESTXX01,2039,0.0
GLOBAL,PWROILESTXX01,2040,0.0
GLOBAL,PWROILESTXX01,2041,0.0
GLOBAL,PWROILESTXX01,2042,0.0
GLOBAL,PWROILESTXX01,2043,0.0
GLOBAL,PWROILESTXX01,2044,0.0
GLOBAL,PWROILESTXX01,2045,0.0
GLOBAL,PWROILESTXX01,2046,0.0
GLOBAL,PWROILESTXX01,2047,0.0
GLOBAL,PWROILESTXX01,2048,0.0
GLOBAL,PWROILESTXX01,2049,0.0
GLOBAL,PWROILESTXX01,2050,0.0
GLOBAL,PWRWONESTXX01,2021,0.307
GLOBAL,PWRWONESTXX01,2022,0.307
GLOBAL,PWRWONESTXX01,2023,0.307
GLOBAL,PWRWONESTXX01,2024,0.307
GLOBAL,PWRWONESTXX01,2025,0.307
GLOBAL,PWRWONESTXX01,2026,0.307
GLOBAL,PWRWONESTXX01,2027,0.307
GLOBAL,PWRWONESTXX01,2028,0.307
GLOBAL,PWRWONESTXX01,2029,0.307
GLOBAL,PWRWONESTXX01,2030,0.307
GLOBAL,PWRWONESTXX01,2031,0.307
GLOBAL,PWRWONESTXX01,2032,0.307
GLOBAL,PWRWONESTXX01,2033,0.304
GLOBAL,PWRWONESTXX01,2034,0.304
GLOBAL,PWRWONESTXX01,2035,0.304
GLOBAL,PWRWONESTXX01,2036,0.286
GLOBAL,PWRWONESTXX01,2037,0.286
GLOBAL,PWRWONESTXX01,2038,0.262
GLOBAL,PWRWONESTXX01,2039,0.262
GLOBAL,PWRWONESTXX01,2040,0.14
GLOBAL,PWRWONESTXX01,2041,0.133
GLOBAL,PWRWONESTXX01,2042,0.109
GLOBAL,PWRWONESTXX01,2043,0.025
GLOBAL,PWRWONESTXX01,2044,0.025
GLOBAL,PWRWONESTXX01,2045,0.007
GLOBAL,PWRWONESTXX01,2046,0.007
GLOBAL,PWRWONESTXX01,2047,0.0
GLOBAL,PWRWONESTXX01,2048,0.0
GLOBAL,PWRWONESTXX01,2049,0.0
GLOBAL,PWRWONESTXX01,2050,0.0
GLOBAL,PWRGEOETHXX01,2021,0.007
GLOBAL,PWRGEOETHXX01,2022,0.007
GLOBAL,PWRGEOETHXX01,2023,0.007
GLOBAL,PWRGEOETHXX01,2024,0.007
GLOBAL,PWRGEOETHXX01,2025,0.007
GLOBAL,PWRGEOETHXX01,2026,0.007
GLOBAL,PWRGEOETHXX01,2027,0.007
GLOBAL,PWRGEOETHXX01,2028,0.007
GLOBAL,PWRGEOETHXX01,2029,0.007
GLOBAL,PWRGEOETHXX01,2030,0.007
GLOBAL,PWRGEOETHXX01,2031,0.007
GLOBAL,PWRGEOETHXX01,2032,0.007
GLOBAL,PWRGEOETHXX01,2033,0.007
GLOBAL,PWRGEOETHXX01,2034,0.007
GLOBAL,PWRGEOETHXX01,2035,0.007
GLOBAL,PWRGEOETHXX01,2036,0.007
GLOBAL,PWRGEOETHXX01,2037,0.007
GLOBAL,PWRGEOETHXX01,2038,0.007
GLOBAL,PWRGEOETHXX01,2039,0.007
GLOBAL,PWRGEOETHXX01,2040,0.007
GLOBAL,PWRGEOETHXX01,2041,0.007
GLOBAL,PWRGEOETHXX01,2042,0.007
GLOBAL,PWRGEOETHXX01,2043,0.007
GLOBAL,PWRGEOETHXX01,2044,0.0
GLOBAL,PWRGEOETHXX01,2045,0.0
GLOBAL,PWRGEOETHXX01,2046,0.0
GLOBAL,PWRGEOETHXX01,2047,0.0
GLOBAL,PWRGEOETHXX01,2048,0.0
GLOBAL,PWRGEOETHXX01,2049,0.0
GLOBAL,PWRGEOETHXX01,2050,0.0
GLOBAL,PWRHYDETHXX01,2021,3.812
GLOBAL,PWRHYDETHXX01,2022,3.812
GLOBAL,PWRHYDETHXX01,2023,3.812
GLOBAL,PWRHYDETHXX01,2024,3.812
GLOBAL,PWRHYDETHXX01,2025,3.812
GLOBAL,PWRHYDETHXX01,2026,3.812
GLOBAL,PWRHYDETHXX01,2027,3.812
GLOBAL,PWRHYDETHXX01,2028,3.812
GLOBAL,PWRHYDETHXX01,2029,3.812
GLOBAL,PWRHYDETHXX01,2030,3.812
GLOBAL,PWRHYDETHXX01,2031,3.812
GLOBAL,PWRHYDETHXX01,2032,3.812
GLOBAL,PWRHYDETHXX01,2033,3.812
GLOBAL,PWRHYDETHXX01,2034,3.812
GLOBAL,PWRHYDETHXX01,2035,3.812
GLOBAL,PWRHYDETHXX01,2036,3.812
GLOBAL,PWRHYDETHXX01,2037,3.812
GLOBAL,PWRHYDETHXX01,2038,3.812
GLOBAL,PWRHYDETHXX01,2039,3.812
GLOBAL,PWRHYDETHXX01,2040,3.812
GLOBAL,PWRHYDETHXX01,2041,3.812
GLOBAL,PWRHYDETHXX01,2042,3.812
GLOBAL,PWRHYDETHXX01,2043,3.812
GLOBAL,PWRHYDETHXX01,2044,3.812
GLOBAL,PWRHYDETHXX01,2045,3.812
GLOBAL,PWRHYDETHXX01,2046,3.812
GLOBAL,PWRHYDETHXX01,2047,3.812
GLOBAL,PWRHYDETHXX01,2048,3.812
GLOBAL,PWRHYDETHXX01,2049,3.812
GLOBAL,PWRHYDETHXX01,2050,3.812
GLOBAL,PWRSPVETHXX01,2021,0.023
GLOBAL,PWRSPVETHXX01,2022,0.023
GLOBAL,PWRSPVETHXX01,2023,0.023
GLOBAL,PWRSPVETHXX01,2024,0.023
GLOBAL,PWRSPVETHXX01,2025,0.023
GLOBAL,PWRSPVETHXX01,2026,0.023
GLOBAL,PWRSPVETHXX01,2027,0.023
GLOBAL,PWRSPVETHXX01,2028,0.023
GLOBAL,PWRSPVETHXX01,2029,0.023
GLOBAL,PWRSPVETHXX01,2030,0.023
GLOBAL,PWRSPVETHXX01,2031,0.023
GLOBAL,PWRSPVETHXX01,2032,0.023
GLOBAL,PWRSPVETHXX01,2033,0.023
GLOBAL,PWRSPVETHXX01,2034,0.023
GLOBAL,PWRSPVETHXX01,2035,0.023
GLOBAL,PWRSPVETHXX01,2036,0.023
GLOBAL,PWRSPVETHXX01,2037,0.023
GLOBAL,PWRSPVETHXX01,2038,0.023
GLOBAL,PWRSPVETHXX01,2039,0.023
GLOBAL,PWRSPVETHXX01,2040,0.023
GLOBAL,PWRSPVETHXX01,2041,0.023
GLOBAL,PWRSPVETHXX01,2042,0.023
GLOBAL,PWRSPVETHXX01,2043,0.023
GLOBAL,PWRSPVETHXX01,2044,0.023
GLOBAL,PWRSPVETHXX01,2045,0.0
GLOBAL,PWRSPVETHXX01,2046,0.0
GLOBAL,PWRSPVETHXX01,2047,0.0
GLOBAL,PWRSPVETHXX01,2048,0.0
GLOBAL,PWRSPVETHXX01,2049,0.0
GLOBAL,PWRSPVETHXX01,2050,0.0
GLOBAL,PWRWONETHXX01,2021,0.32
GLOBAL,PWRWONETHXX01,2022,0.32
GLOBAL,PWRWONETHXX01,2023,0.32
GLOBAL,PWRWONETHXX01,2024,0.32
GLOBAL,PWRWONETHXX01,2025,0.32
GLOBAL,PWRWONETHXX01,2026,0.32
GLOBAL,PWRWONETHXX01,2027,0.32
GLOBAL,PWRWONETHXX01,2028,0.32
GLOBAL,PWRWONETHXX01,2029,0.32
GLOBAL,PWRWONETHXX01,2030,0.32
GLOBAL,PWRWONETHXX01,2031,0.32
GLOBAL,PWRWONETHXX01,2032,0.32
GLOBAL,PWRWONETHXX01,2033,0.32
GLOBAL,PWRWONETHXX01,2034,0.32
GLOBAL,PWRWONETHXX01,2035,0.32
GLOBAL,PWRWONETHXX01,2036,0.32
GLOBAL,PWRWONETHXX01,2037,0.32
GLOBAL,PWRWONETHXX01,2038,0.32
GLOBAL,PWRWONETHXX01,2039,0.32
GLOBAL,PWRWONETHXX01,2040,0.0
GLOBAL,PWRWONETHXX01,2041,0.0
GLOBAL,PWRWONETHXX01,2042,0.0
GLOBAL,PWRWONETHXX01,2043,0.0
GLOBAL,PWRWONETHXX01,2044,0.0
GLOBAL,PWRWONETHXX01,2045,0.0
GLOBAL,PWRWONETHXX01,2046,0.0
GLOBAL,PWRWONETHXX01,2047,0.0
GLOBAL,PWRWONETHXX01,2048,0.0
GLOBAL,PWRWONETHXX01,2049,0.0
GLOBAL,PWRWONETHXX01,2050,0.0
GLOBAL,PWRBIOFINXX01,2021,2.183
GLOBAL,PWRBIOFINXX01,2022,2.183
GLOBAL,PWRBIOFINXX01,2023,2.183
GLOBAL,PWRBIOFINXX01,2024,2.183
GLOBAL,PWRBIOFINXX01,2025,2.183
GLOBAL,PWRBIOFINXX01,2026,2.183
GLOBAL,PWRBIOFINXX01,2027,2.183
GLOBAL,PWRBIOFINXX01,2028,2.183
GLOBAL,PWRBIOFINXX01,2029,2.183
GLOBAL,PWRBIOFINXX01,2030,2.183
GLOBAL,PWRBIOFINXX01,2031,2.183
GLOBAL,PWRBIOFINXX01,2032,0.0
GLOBAL,PWRBIOFINXX01,2033,0.0
GLOBAL,PWRBIOFINXX01,2034,0.0
GLOBAL,PWRBIOFINXX01,2035,0.0
GLOBAL,PWRBIOFINXX01,2036,0.0
GLOBAL,PWRBIOFINXX01,2037,0.0
GLOBAL,PWRBIOFINXX01,2038,0.0
GLOBAL,PWRBIOFINXX01,2039,0.0
GLOBAL,PWRBIOFINXX01,2040,0.0
GLOBAL,PWRBIOFINXX01,2041,0.0
GLOBAL,PWRBIOFINXX01,2042,0.0
GLOBAL,PWRBIOFINXX01,2043,0.0
GLOBAL,PWRBIOFINXX01,2044,0.0
GLOBAL,PWRBIOFINXX01,2045,0.0
GLOBAL,PWRBIOFINXX01,2046,0.0
GLOBAL,PWRBIOFINXX01,2047,0.0
GLOBAL,PWRBIOFINXX01,2048,0.0
GLOBAL,PWRBIOFINXX01,2049,0.0
GLOBAL,PWRBIOFINXX01,2050,0.0
GLOBAL,PWRCCGFINXX00,2021,1.444
GLOBAL,PWRCCGFINXX00,2022,1.444
GLOBAL,PWRCCGFINXX00,2023,1.444
GLOBAL,PWRCCGFINXX00,2024,1.444
GLOBAL,PWRCCGFINXX00,2025,0.0
GLOBAL,PWRCCGFINXX00,2026,0.0
GLOBAL,PWRCCGFINXX00,2027,0.0
GLOBAL,PWRCCGFINXX00,2028,0.0
GLOBAL,PWRCCGFINXX00,2029,0.0
GLOBAL,PWRCCGFINXX00,2030,0.0
GLOBAL,PWRCCGFINXX00,2031,0.0
GLOBAL,PWRCCGFINXX00,2032,0.0
GLOBAL,PWRCCGFINXX00,2033,0.0
GLOBAL,PWRCCGFINXX00,2034,0.0
GLOBAL,PWRCCGFINXX00,2035,0.0
GLOBAL,PWRCCGFINXX00,2036,0.0
GLOBAL,PWRCCGFINXX00,2037,0.0
GLOBAL,PWRCCGFINXX00,2038,0.0
GLOBAL,PWRCCGFINXX00,2039,0.0
GLOBAL,PWRCCGFINXX00,2040,0.0
GLOBAL,PWRCCGFINXX00,2041,0.0
GLOBAL,PWRCCGFINXX00,2042,0.0
GLOBAL,PWRCCGFINXX00,2043,0.0
GLOBAL,PWRCCGFINXX00,2044,0.0
GLOBAL,PWRCCGFINXX00,2045,0.0
GLOBAL,PWRCCGFINXX00,2046,0.0
GLOBAL,PWRCCGFINXX00,2047,0.0
GLOBAL,PWRCCGFINXX00,2048,0.0
GLOBAL,PWRCCGFINXX00,2049,0.0
GLOBAL,PWRCCGFINXX00,2050,0.0
GLOBAL,PWRCOAFINXX01,2021,4.478
GLOBAL,PWRCOAFINXX01,2022,4.478
GLOBAL,PWRCOAFINXX01,2023,4.478
GLOBAL,PWRCOAFINXX01,2024,4.478
GLOBAL,PWRCOAFINXX01,2025,4.478
GLOBAL,PWRCOAFINXX01,2026,4.478
GLOBAL,PWRCOAFINXX01,2027,4.478
GLOBAL,PWRCOAFINXX01,2028,0.17
GLOBAL,PWRCOAFINXX01,2029,0.17
GLOBAL,PWRCOAFINXX01,2030,0.17
GLOBAL,PWRCOAFINXX01,2031,0.17
GLOBAL,PWRCOAFINXX01,2032,0.17
GLOBAL,PWRCOAFINXX01,2033,0.17
GLOBAL,PWRCOAFINXX01,2034,0.0
GLOBAL,PWRCOAFINXX01,2035,0.0
GLOBAL,PWRCOAFINXX01,2036,0.0
GLOBAL,PWRCOAFINXX01,2037,0.0
GLOBAL,PWRCOAFINXX01,2038,0.0
GLOBAL,PWRCOAFINXX01,2039,0.0
GLOBAL,PWRCOAFINXX01,2040,0.0
GLOBAL,PWRCOAFINXX01,2041,0.0
GLOBAL,PWRCOAFINXX01,2042,0.0
GLOBAL,PWRCOAFINXX01,2043,0.0
GLOBAL,PWRCOAFINXX01,2044,0.0
GLOBAL,PWRCOAFINXX01,2045,0.0
GLOBAL,PWRCOAFINXX01,2046,0.0
GLOBAL,PWRCOAFINXX01,2047,0.0
GLOBAL,PWRCOAFINXX01,2048,0.0
GLOBAL,PWRCOAFINXX01,2049,0.0
GLOBAL,PWRCOAFINXX01,2050,0.0
GLOBAL,PWRHYDFINXX01,2021,3.2577
GLOBAL,PWRHYDFINXX01,2022,3.2577
GLOBAL,PWRHYDFINXX01,2023,3.2577
GLOBAL,PWRHYDFINXX01,2024,3.2577
GLOBAL,PWRHYDFINXX01,2025,3.2577
GLOBAL,PWRHYDFINXX01,2026,3.2577
GLOBAL,PWRHYDFINXX01,2027,3.2577
GLOBAL,PWRHYDFINXX01,2028,3.2577
GLOBAL,PWRHYDFINXX01,2029,3.2577
GLOBAL,PWRHYDFINXX01,2030,3.2577
GLOBAL,PWRHYDFINXX01,2031,3.2577
GLOBAL,PWRHYDFINXX01,2032,3.2577
GLOBAL,PWRHYDFINXX01,2033,3.2577
GLOBAL,PWRHYDFINXX01,2034,3.2577
GLOBAL,PWRHYDFINXX01,2035,3.2577
GLOBAL,PWRHYDFINXX01,2036,3.2577
GLOBAL,PWRHYDFINXX01,2037,3.2577
GLOBAL,PWRHYDFINXX01,2038,3.2577
GLOBAL,PWRHYDFINXX01,2039,3.2577
GLOBAL,PWRHYDFINXX01,2040,3.2577
GLOBAL,PWRHYDFINXX01,2041,3.2577
GLOBAL,PWRHYDFINXX01,2042,3.2577
GLOBAL,PWRHYDFINXX01,2043,3.2577
GLOBAL,PWRHYDFINXX01,2044,3.2577
GLOBAL,PWRHYDFINXX01,2045,3.2577
GLOBAL,PWRHYDFINXX01,2046,3.2577
GLOBAL,PWRHYDFINXX01,2047,3.2577
GLOBAL,PWRHYDFINXX01,2048,3.2577
GLOBAL,PWRHYDFINXX01,2049,3.2577
GLOBAL,PWRHYDFINXX01,2050,3.2577
GLOBAL,PWROCGFINXX00,2021,0.483
GLOBAL,PWROCGFINXX00,2022,0.483
GLOBAL,PWROCGFINXX00,2023,0.483
GLOBAL,PWROCGFINXX00,2024,0.483
GLOBAL,PWROCGFINXX00,2025,0.0
GLOBAL,PWROCGFINXX00,2026,0.0
GLOBAL,PWROCGFINXX00,2027,0.0
GLOBAL,PWROCGFINXX00,2028,0.0
GLOBAL,PWROCGFINXX00,2029,0.0
GLOBAL,PWROCGFINXX00,2030,0.0
GLOBAL,PWROCGFINXX00,2031,0.0
GLOBAL,PWROCGFINXX00,2032,0.0
GLOBAL,PWROCGFINXX00,2033,0.0
GLOBAL,PWROCGFINXX00,2034,0.0
GLOBAL,PWROCGFINXX00,2035,0.0
GLOBAL,PWROCGFINXX00,2036,0.0
GLOBAL,PWROCGFINXX00,2037,0.0
GLOBAL,PWROCGFINXX00,2038,0.0
GLOBAL,PWROCGFINXX00,2039,0.0
GLOBAL,PWROCGFINXX00,2040,0.0
GLOBAL,PWROCGFINXX00,2041,0.0
GLOBAL,PWROCGFINXX00,2042,0.0
GLOBAL,PWROCGFINXX00,2043,0.0
GLOBAL,PWROCGFINXX00,2044,0.0
GLOBAL,PWROCGFINXX00,2045,0.0
GLOBAL,PWROCGFINXX00,2046,0.0
GLOBAL,PWROCGFINXX00,2047,0.0
GLOBAL,PWROCGFINXX00,2048,0.0
GLOBAL,PWROCGFINXX00,2049,0.0
GLOBAL,PWROCGFINXX00,2050,0.0
GLOBAL,PWROILFINXX01,2021,1.7042
GLOBAL,PWROILFINXX01,2022,1.7042
GLOBAL,PWROILFINXX01,2023,1.7042
GLOBAL,PWROILFINXX01,2024,1.7042
GLOBAL,PWROILFINXX01,2025,1.7042
GLOBAL,PWROILFINXX01,2026,1.7042
GLOBAL,PWROILFINXX01,2027,0.0
GLOBAL,PWROILFINXX01,2028,0.0
GLOBAL,PWROILFINXX01,2029,0.0
GLOBAL,PWROILFINXX01,2030,0.0
GLOBAL,PWROILFINXX01,2031,0.0
GLOBAL,PWROILFINXX01,2032,0.0
GLOBAL,PWROILFINXX01,2033,0.0
GLOBAL,PWROILFINXX01,2034,0.0
GLOBAL,PWROILFINXX01,2035,0.0
GLOBAL,PWROILFINXX01,2036,0.0
GLOBAL,PWROILFINXX01,2037,0.0
GLOBAL,PWROILFINXX01,2038,0.0
GLOBAL,PWROILFINXX01,2039,0.0
GLOBAL,PWROILFINXX01,2040,0.0
GLOBAL,PWROILFINXX01,2041,0.0
GLOBAL,PWROILFINXX01,2042,0.0
GLOBAL,PWROILFINXX01,2043,0.0
GLOBAL,PWROILFINXX01,2044,0.0
GLOBAL,PWROILFINXX01,2045,0.0
GLOBAL,PWROILFINXX01,2046,0.0
GLOBAL,PWROILFINXX01,2047,0.0
GLOBAL,PWROILFINXX01,2048,0.0
GLOBAL,PWROILFINXX01,2049,0.0
GLOBAL,PWROILFINXX01,2050,0.0
GLOBAL,PWROTHFINXX01,2021,0.283
GLOBAL,PWROTHFINXX01,2022,0.283
GLOBAL,PWROTHFINXX01,2023,0.0
GLOBAL,PWROTHFINXX01,2024,0.0
GLOBAL,PWROTHFINXX01,2025,0.0
GLOBAL,PWROTHFINXX01,2026,0.0
GLOBAL,PWROTHFINXX01,2027,0.0
GLOBAL,PWROTHFINXX01,2028,0.0
GLOBAL,PWROTHFINXX01,2029,0.0
GLOBAL,PWROTHFINXX01,2030,0.0
GLOBAL,PWROTHFINXX01,2031,0.0
GLOBAL,PWROTHFINXX01,2032,0.0
GLOBAL,PWROTHFINXX01,2033,0.0
GLOBAL,PWROTHFINXX01,2034,0.0
GLOBAL,PWROTHFINXX01,2035,0.0
GLOBAL,PWROTHFINXX01,2036,0.0
GLOBAL,PWROTHFINXX01,2037,0.0
GLOBAL,PWROTHFINXX01,2038,0.0
GLOBAL,PWROTHFINXX01,2039,0.0
GLOBAL,PWROTHFINXX01,2040,0.0
GLOBAL,PWROTHFINXX01,2041,0.0
GLOBAL,PWROTHFINXX01,2042,0.0
GLOBAL,PWROTHFINXX01,2043,0.0
GLOBAL,PWROTHFINXX01,2044,0.0
GLOBAL,PWROTHFINXX01,2045,0.0
GLOBAL,PWROTHFINXX01,2046,0.0
GLOBAL,PWROTHFINXX01,2047,0.0
GLOBAL,PWROTHFINXX01,2048,0.0
GLOBAL,PWROTHFINXX01,2049,0.0
GLOBAL,PWROTHFINXX01,2050,0.0
GLOBAL,PWRSPVFINXX01,2021,0.015
GLOBAL,PWRSPVFINXX01,2022,0.015
GLOBAL,PWRSPVFINXX01,2023,0.015
GLOBAL,PWRSPVFINXX01,2024,0.015
GLOBAL,PWRSPVFINXX01,2025,0.015
GLOBAL,PWRSPVFINXX01,2026,0.015
GLOBAL,PWRSPVFINXX01,2027,0.015
GLOBAL,PWRSPVFINXX01,2028,0.015
GLOBAL,PWRSPVFINXX01,2029,0.015
GLOBAL,PWRSPVFINXX01,2030,0.015
GLOBAL,PWRSPVFINXX01,2031,0.015
GLOBAL,PWRSPVFINXX01,2032,0.015
GLOBAL,PWRSPVFINXX01,2033,0.015
GLOBAL,PWRSPVFINXX01,2034,0.015
GLOBAL,PWRSPVFINXX01,2035,0.015
GLOBAL,PWRSPVFINXX01,2036,0.015
GLOBAL,PWRSPVFINXX01,2037,0.015
GLOBAL,PWRSPVFINXX01,2038,0.015
GLOBAL,PWRSPVFINXX01,2039,0.015
GLOBAL,PWRSPVFINXX01,2040,0.015
GLOBAL,PWRSPVFINXX01,2041,0.015
GLOBAL,PWRSPVFINXX01,2042,0.015
GLOBAL,PWRSPVFINXX01,2043,0.015
GLOBAL,PWRSPVFINXX01,2044,0.015
GLOBAL,PWRSPVFINXX01,2045,0.0
GLOBAL,PWRSPVFINXX01,2046,0.0
GLOBAL,PWRSPVFINXX01,2047,0.0
GLOBAL,PWRSPVFINXX01,2048,0.0
GLOBAL,PWRSPVFINXX01,2049,0.0
GLOBAL,PWRSPVFINXX01,2050,0.0
GLOBAL,PWRURNFINXX01,2021,2.753
GLOBAL,PWRURNFINXX01,2022,2.753
GLOBAL,PWRURNFINXX01,2023,2.753
GLOBAL,PWRURNFINXX01,2024,2.753
GLOBAL,PWRURNFINXX01,2025,2.753
GLOBAL,PWRURNFINXX01,2026,2.753
GLOBAL,PWRURNFINXX01,2027,2.753
GLOBAL,PWRURNFINXX01,2028,2.753
GLOBAL,PWRURNFINXX01,2029,2.753
GLOBAL,PWRURNFINXX01,2030,2.753
GLOBAL,PWRURNFINXX01,2031,2.753
GLOBAL,PWRURNFINXX01,2032,2.753
GLOBAL,PWRURNFINXX01,2033,2.753
GLOBAL,PWRURNFINXX01,2034,2.753
GLOBAL,PWRURNFINXX01,2035,2.753
GLOBAL,PWRURNFINXX01,2036,2.753
GLOBAL,PWRURNFINXX01,2037,2.753
GLOBAL,PWRURNFINXX01,2038,2.753
GLOBAL,PWRURNFINXX01,2039,2.753
GLOBAL,PWRURNFINXX01,2040,2.753
GLOBAL,PWRURNFINXX01,2041,2.753
GLOBAL,PWRURNFINXX01,2042,2.753
GLOBAL,PWRURNFINXX01,2043,2.753
GLOBAL,PWRURNFINXX01,2044,2.753
GLOBAL,PWRURNFINXX01,2045,0.0
GLOBAL,PWRURNFINXX01,2046,0.0
GLOBAL,PWRURNFINXX01,2047,0.0
GLOBAL,PWRURNFINXX01,2048,0.0
GLOBAL,PWRURNFINXX01,2049,0.0
GLOBAL,PWRURNFINXX01,2050,0.0
GLOBAL,PWRWOFFINXX01,2021,0.0263
GLOBAL,PWRWOFFINXX01,2022,0.0263
GLOBAL,PWRWOFFINXX01,2023,0.0263
GLOBAL,PWRWOFFINXX01,2024,0.0263
GLOBAL,PWRWOFFINXX01,2025,0.0263
GLOBAL,PWRWOFFINXX01,2026,0.0263
GLOBAL,PWRWOFFINXX01,2027,0.0263
GLOBAL,PWRWOFFINXX01,2028,0.0263
GLOBAL,PWRWOFFINXX01,2029,0.0263
GLOBAL,PWRWOFFINXX01,2030,0.0263
GLOBAL,PWRWOFFINXX01,2031,0.0263
GLOBAL,PWRWOFFINXX01,2032,0.0263
GLOBAL,PWRWOFFINXX01,2033,0.0263
GLOBAL,PWRWOFFINXX01,2034,0.0263
GLOBAL,PWRWOFFINXX01,2035,0.0263
GLOBAL,PWRWOFFINXX01,2036,0.0263
GLOBAL,PWRWOFFINXX01,2037,0.0263
GLOBAL,PWRWOFFINXX01,2038,0.0263
GLOBAL,PWRWOFFINXX01,2039,0.0263
GLOBAL,PWRWOFFINXX01,2040,0.0263
GLOBAL,PWRWOFFINXX01,2041,0.0
GLOBAL,PWRWOFFINXX01,2042,0.0
GLOBAL,PWRWOFFINXX01,2043,0.0
GLOBAL,PWRWOFFINXX01,2044,0.0
GLOBAL,PWRWOFFINXX01,2045,0.0
GLOBAL,PWRWOFFINXX01,2046,0.0
GLOBAL,PWRWOFFINXX01,2047,0.0
GLOBAL,PWRWOFFINXX01,2048,0.0
GLOBAL,PWRWOFFINXX01,2049,0.0
GLOBAL,PWRWOFFINXX01,2050,0.0
GLOBAL,PWRWONFINXX01,2021,0.9791
GLOBAL,PWRWONFINXX01,2022,0.9791
GLOBAL,PWRWONFINXX01,2023,0.9791
GLOBAL,PWRWONFINXX01,2024,0.9791
GLOBAL,PWRWONFINXX01,2025,0.9791
GLOBAL,PWRWONFINXX01,2026,0.9791
GLOBAL,PWRWONFINXX01,2027,0.9791
GLOBAL,PWRWONFINXX01,2028,0.9791
GLOBAL,PWRWONFINXX01,2029,0.9791
GLOBAL,PWRWONFINXX01,2030,0.9791
GLOBAL,PWRWONFINXX01,2031,0.9791
GLOBAL,PWRWONFINXX01,2032,0.9791
GLOBAL,PWRWONFINXX01,2033,0.9791
GLOBAL,PWRWONFINXX01,2034,0.9791
GLOBAL,PWRWONFINXX01,2035,0.9791
GLOBAL,PWRWONFINXX01,2036,0.9791
GLOBAL,PWRWONFINXX01,2037,0.9791
GLOBAL,PWRWONFINXX01,2038,0.9791
GLOBAL,PWRWONFINXX01,2039,0.9791
GLOBAL,PWRWONFINXX01,2040,0.0
GLOBAL,PWRWONFINXX01,2041,0.0
GLOBAL,PWRWONFINXX01,2042,0.0
GLOBAL,PWRWONFINXX01,2043,0.0
GLOBAL,PWRWONFINXX01,2044,0.0
GLOBAL,PWRWONFINXX01,2045,0.0
GLOBAL,PWRWONFINXX01,2046,0.0
GLOBAL,PWRWONFINXX01,2047,0.0
GLOBAL,PWRWONFINXX01,2048,0.0
GLOBAL,PWRWONFINXX01,2049,0.0
GLOBAL,PWRWONFINXX01,2050,0.0
GLOBAL,PWRBIOFJIXX01,2021,0.0697
GLOBAL,PWRBIOFJIXX01,2022,0.0697
GLOBAL,PWRBIOFJIXX01,2023,0.0697
GLOBAL,PWRBIOFJIXX01,2024,0.0697
GLOBAL,PWRBIOFJIXX01,2025,0.0697
GLOBAL,PWRBIOFJIXX01,2026,0.0697
GLOBAL,PWRBIOFJIXX01,2027,0.0697
GLOBAL,PWRBIOFJIXX01,2028,0.0697
GLOBAL,PWRBIOFJIXX01,2029,0.0697
GLOBAL,PWRBIOFJIXX01,2030,0.0697
GLOBAL,PWRBIOFJIXX01,2031,0.0697
GLOBAL,PWRBIOFJIXX01,2032,0.01
GLOBAL,PWRBIOFJIXX01,2033,0.01
GLOBAL,PWRBIOFJIXX01,2034,0.01
GLOBAL,PWRBIOFJIXX01,2035,0.01
GLOBAL,PWRBIOFJIXX01,2036,0.01
GLOBAL,PWRBIOFJIXX01,2037,0.01
GLOBAL,PWRBIOFJIXX01,2038,0.01
GLOBAL,PWRBIOFJIXX01,2039,0.01
GLOBAL,PWRBIOFJIXX01,2040,0.01
GLOBAL,PWRBIOFJIXX01,2041,0.01
GLOBAL,PWRBIOFJIXX01,2042,0.01
GLOBAL,PWRBIOFJIXX01,2043,0.01
GLOBAL,PWRBIOFJIXX01,2044,0.01
GLOBAL,PWRBIOFJIXX01,2045,0.01
GLOBAL,PWRBIOFJIXX01,2046,0.0
GLOBAL,PWRBIOFJIXX01,2047,0.0
GLOBAL,PWRBIOFJIXX01,2048,0.0
GLOBAL,PWRBIOFJIXX01,2049,0.0
GLOBAL,PWRBIOFJIXX01,2050,0.0
GLOBAL,PWRHYDFJIXX01,2021,0.209
GLOBAL,PWRHYDFJIXX01,2022,0.209
GLOBAL,PWRHYDFJIXX01,2023,0.209
GLOBAL,PWRHYDFJIXX01,2024,0.209
GLOBAL,PWRHYDFJIXX01,2025,0.209
GLOBAL,PWRHYDFJIXX01,2026,0.209
GLOBAL,PWRHYDFJIXX01,2027,0.209
GLOBAL,PWRHYDFJIXX01,2028,0.209
GLOBAL,PWRHYDFJIXX01,2029,0.209
GLOBAL,PWRHYDFJIXX01,2030,0.209
GLOBAL,PWRHYDFJIXX01,2031,0.209
GLOBAL,PWRHYDFJIXX01,2032,0.209
GLOBAL,PWRHYDFJIXX01,2033,0.209
GLOBAL,PWRHYDFJIXX01,2034,0.209
GLOBAL,PWRHYDFJIXX01,2035,0.209
GLOBAL,PWRHYDFJIXX01,2036,0.209
GLOBAL,PWRHYDFJIXX01,2037,0.209
GLOBAL,PWRHYDFJIXX01,2038,0.209
GLOBAL,PWRHYDFJIXX01,2039,0.209
GLOBAL,PWRHYDFJIXX01,2040,0.209
GLOBAL,PWRHYDFJIXX01,2041,0.209
GLOBAL,PWRHYDFJIXX01,2042,0.209
GLOBAL,PWRHYDFJIXX01,2043,0.209
GLOBAL,PWRHYDFJIXX01,2044,0.209
GLOBAL,PWRHYDFJIXX01,2045,0.209
GLOBAL,PWRHYDFJIXX01,2046,0.209
GLOBAL,PWRHYDFJIXX01,2047,0.209
GLOBAL,PWRHYDFJIXX01,2048,0.209
GLOBAL,PWRHYDFJIXX01,2049,0.209
GLOBAL,PWRHYDFJIXX01,2050,0.209
GLOBAL,PWROILFJIXX01,2021,0.074
GLOBAL,PWROILFJIXX01,2022,0.074
GLOBAL,PWROILFJIXX01,2023,0.074
GLOBAL,PWROILFJIXX01,2024,0.074
GLOBAL,PWROILFJIXX01,2025,0.074
GLOBAL,PWROILFJIXX01,2026,0.074
GLOBAL,PWROILFJIXX01,2027,0.068
GLOBAL,PWROILFJIXX01,2028,0.068
GLOBAL,PWROILFJIXX01,2029,0.068
GLOBAL,PWROILFJIXX01,2030,0.048
GLOBAL,PWROILFJIXX01,2031,0.048
GLOBAL,PWROILFJIXX01,2032,0.048
GLOBAL,PWROILFJIXX01,2033,0.048
GLOBAL,PWROILFJIXX01,2034,0.048
GLOBAL,PWROILFJIXX01,2035,0.048
GLOBAL,PWROILFJIXX01,2036,0.048
GLOBAL,PWROILFJIXX01,2037,0.048
GLOBAL,PWROILFJIXX01,2038,0.048
GLOBAL,PWROILFJIXX01,2039,0.048
GLOBAL,PWROILFJIXX01,2040,0.048
GLOBAL,PWROILFJIXX01,2041,0.048
GLOBAL,PWROILFJIXX01,2042,0.048
GLOBAL,PWROILFJIXX01,2043,0.048
GLOBAL,PWROILFJIXX01,2044,0.048
GLOBAL,PWROILFJIXX01,2045,0.048
GLOBAL,PWROILFJIXX01,2046,0.0
GLOBAL,PWROILFJIXX01,2047,0.0
GLOBAL,PWROILFJIXX01,2048,0.0
GLOBAL,PWROILFJIXX01,2049,0.0
GLOBAL,PWROILFJIXX01,2050,0.0
GLOBAL,PWRWONFJIXX01,2021,0.01
GLOBAL,PWRWONFJIXX01,2022,0.01
GLOBAL,PWRWONFJIXX01,2023,0.01
GLOBAL,PWRWONFJIXX01,2024,0.01
GLOBAL,PWRWONFJIXX01,2025,0.01
GLOBAL,PWRWONFJIXX01,2026,0.01
GLOBAL,PWRWONFJIXX01,2027,0.01
GLOBAL,PWRWONFJIXX01,2028,0.01
GLOBAL,PWRWONFJIXX01,2029,0.01
GLOBAL,PWRWONFJIXX01,2030,0.01
GLOBAL,PWRWONFJIXX01,2031,0.01
GLOBAL,PWRWONFJIXX01,2032,0.01
GLOBAL,PWRWONFJIXX01,2033,0.01
GLOBAL,PWRWONFJIXX01,2034,0.01
GLOBAL,PWRWONFJIXX01,2035,0.01
GLOBAL,PWRWONFJIXX01,2036,0.01
GLOBAL,PWRWONFJIXX01,2037,0.01
GLOBAL,PWRWONFJIXX01,2038,0.01
GLOBAL,PWRWONFJIXX01,2039,0.0
GLOBAL,PWRWONFJIXX01,2040,0.0
GLOBAL,PWRWONFJIXX01,2041,0.0
GLOBAL,PWRWONFJIXX01,2042,0.0
GLOBAL,PWRWONFJIXX01,2043,0.0
GLOBAL,PWRWONFJIXX01,2044,0.0
GLOBAL,PWRWONFJIXX01,2045,0.0
GLOBAL,PWRWONFJIXX01,2046,0.0
GLOBAL,PWRWONFJIXX01,2047,0.0
GLOBAL,PWRWONFJIXX01,2048,0.0
GLOBAL,PWRWONFJIXX01,2049,0.0
GLOBAL,PWRWONFJIXX01,2050,0.0
GLOBAL,PWRBIOFRAXX01,2021,1.6954
GLOBAL,PWRBIOFRAXX01,2022,1.6954
GLOBAL,PWRBIOFRAXX01,2023,1.6954
GLOBAL,PWRBIOFRAXX01,2024,1.6954
GLOBAL,PWRBIOFRAXX01,2025,1.6954
GLOBAL,PWRBIOFRAXX01,2026,1.6954
GLOBAL,PWRBIOFRAXX01,2027,1.6954
GLOBAL,PWRBIOFRAXX01,2028,1.6954
GLOBAL,PWRBIOFRAXX01,2029,1.6954
GLOBAL,PWRBIOFRAXX01,2030,1.6954
GLOBAL,PWRBIOFRAXX01,2031,1.6954
GLOBAL,PWRBIOFRAXX01,2032,0.0
GLOBAL,PWRBIOFRAXX01,2033,0.0
GLOBAL,PWRBIOFRAXX01,2034,0.0
GLOBAL,PWRBIOFRAXX01,2035,0.0
GLOBAL,PWRBIOFRAXX01,2036,0.0
GLOBAL,PWRBIOFRAXX01,2037,0.0
GLOBAL,PWRBIOFRAXX01,2038,0.0
GLOBAL,PWRBIOFRAXX01,2039,0.0
GLOBAL,PWRBIOFRAXX01,2040,0.0
GLOBAL,PWRBIOFRAXX01,2041,0.0
GLOBAL,PWRBIOFRAXX01,2042,0.0
GLOBAL,PWRBIOFRAXX01,2043,0.0
GLOBAL,PWRBIOFRAXX01,2044,0.0
GLOBAL,PWRBIOFRAXX01,2045,0.0
GLOBAL,PWRBIOFRAXX01,2046,0.0
GLOBAL,PWRBIOFRAXX01,2047,0.0
GLOBAL,PWRBIOFRAXX01,2048,0.0
GLOBAL,PWRBIOFRAXX01,2049,0.0
GLOBAL,PWRBIOFRAXX01,2050,0.0
GLOBAL,PWRCCGFRAXX00,2021,6.124
GLOBAL,PWRCCGFRAXX00,2022,6.124
GLOBAL,PWRCCGFRAXX00,2023,6.124
GLOBAL,PWRCCGFRAXX00,2024,6.124
GLOBAL,PWRCCGFRAXX00,2025,0.0
GLOBAL,PWRCCGFRAXX00,2026,0.0
GLOBAL,PWRCCGFRAXX00,2027,0.0
GLOBAL,PWRCCGFRAXX00,2028,0.0
GLOBAL,PWRCCGFRAXX00,2029,0.0
GLOBAL,PWRCCGFRAXX00,2030,0.0
GLOBAL,PWRCCGFRAXX00,2031,0.0
GLOBAL,PWRCCGFRAXX00,2032,0.0
GLOBAL,PWRCCGFRAXX00,2033,0.0
GLOBAL,PWRCCGFRAXX00,2034,0.0
GLOBAL,PWRCCGFRAXX00,2035,0.0
GLOBAL,PWRCCGFRAXX00,2036,0.0
GLOBAL,PWRCCGFRAXX00,2037,0.0
GLOBAL,PWRCCGFRAXX00,2038,0.0
GLOBAL,PWRCCGFRAXX00,2039,0.0
GLOBAL,PWRCCGFRAXX00,2040,0.0
GLOBAL,PWRCCGFRAXX00,2041,0.0
GLOBAL,PWRCCGFRAXX00,2042,0.0
GLOBAL,PWRCCGFRAXX00,2043,0.0
GLOBAL,PWRCCGFRAXX00,2044,0.0
GLOBAL,PWRCCGFRAXX00,2045,0.0
GLOBAL,PWRCCGFRAXX00,2046,0.0
GLOBAL,PWRCCGFRAXX00,2047,0.0
GLOBAL,PWRCCGFRAXX00,2048,0.0
GLOBAL,PWRCCGFRAXX00,2049,0.0
GLOBAL,PWRCCGFRAXX00,2050,0.0
GLOBAL,PWRCOAFRAXX01,2021,4.812
GLOBAL,PWRCOAFRAXX01,2022,4.812
GLOBAL,PWRCOAFRAXX01,2023,4.812
GLOBAL,PWRCOAFRAXX01,2024,4.812
GLOBAL,PWRCOAFRAXX01,2025,4.812
GLOBAL,PWRCOAFRAXX01,2026,4.812
GLOBAL,PWRCOAFRAXX01,2027,4.812
GLOBAL,PWRCOAFRAXX01,2028,0.0
GLOBAL,PWRCOAFRAXX01,2029,0.0
GLOBAL,PWRCOAFRAXX01,2030,0.0
GLOBAL,PWRCOAFRAXX01,2031,0.0
GLOBAL,PWRCOAFRAXX01,2032,0.0
GLOBAL,PWRCOAFRAXX01,2033,0.0
GLOBAL,PWRCOAFRAXX01,2034,0.0
GLOBAL,PWRCOAFRAXX01,2035,0.0
GLOBAL,PWRCOAFRAXX01,2036,0.0
GLOBAL,PWRCOAFRAXX01,2037,0.0
GLOBAL,PWRCOAFRAXX01,2038,0.0
GLOBAL,PWRCOAFRAXX01,2039,0.0
GLOBAL,PWRCOAFRAXX01,2040,0.0
GLOBAL,PWRCOAFRAXX01,2041,0.0
GLOBAL,PWRCOAFRAXX01,2042,0.0
GLOBAL,PWRCOAFRAXX01,2043,0.0
GLOBAL,PWRCOAFRAXX01,2044,0.0
GLOBAL,PWRCOAFRAXX01,2045,0.0
GLOBAL,PWRCOAFRAXX01,2046,0.0
GLOBAL,PWRCOAFRAXX01,2047,0.0
GLOBAL,PWRCOAFRAXX01,2048,0.0
GLOBAL,PWRCOAFRAXX01,2049,0.0
GLOBAL,PWRCOAFRAXX01,2050,0.0
GLOBAL,PWRGEOFRAXX01,2021,0.005
GLOBAL,PWRGEOFRAXX01,2022,0.005
GLOBAL,PWRGEOFRAXX01,2023,0.005
GLOBAL,PWRGEOFRAXX01,2024,0.005
GLOBAL,PWRGEOFRAXX01,2025,0.005
GLOBAL,PWRGEOFRAXX01,2026,0.0
GLOBAL,PWRGEOFRAXX01,2027,0.0
GLOBAL,PWRGEOFRAXX01,2028,0.0
GLOBAL,PWRGEOFRAXX01,2029,0.0
GLOBAL,PWRGEOFRAXX01,2030,0.0
GLOBAL,PWRGEOFRAXX01,2031,0.0
GLOBAL,PWRGEOFRAXX01,2032,0.0
GLOBAL,PWRGEOFRAXX01,2033,0.0
GLOBAL,PWRGEOFRAXX01,2034,0.0
GLOBAL,PWRGEOFRAXX01,2035,0.0
GLOBAL,PWRGEOFRAXX01,2036,0.0
GLOBAL,PWRGEOFRAXX01,2037,0.0
GLOBAL,PWRGEOFRAXX01,2038,0.0
GLOBAL,PWRGEOFRAXX01,2039,0.0
GLOBAL,PWRGEOFRAXX01,2040,0.0
GLOBAL,PWRGEOFRAXX01,2041,0.0
GLOBAL,PWRGEOFRAXX01,2042,0.0
GLOBAL,PWRGEOFRAXX01,2043,0.0
GLOBAL,PWRGEOFRAXX01,2044,0.0
GLOBAL,PWRGEOFRAXX01,2045,0.0
GLOBAL,PWRGEOFRAXX01,2046,0.0
GLOBAL,PWRGEOFRAXX01,2047,0.0
GLOBAL,PWRGEOFRAXX01,2048,0.0
GLOBAL,PWRGEOFRAXX01,2049,0.0
GLOBAL,PWRGEOFRAXX01,2050,0.0
GLOBAL,PWRHYDFRAXX01,2021,19.502
GLOBAL,PWRHYDFRAXX01,2022,19.472
GLOBAL,PWRHYDFRAXX01,2023,19.472
GLOBAL,PWRHYDFRAXX01,2024,19.472
GLOBAL,PWRHYDFRAXX01,2025,19.435
GLOBAL,PWRHYDFRAXX01,2026,19.435
GLOBAL,PWRHYDFRAXX01,2027,19.363
GLOBAL,PWRHYDFRAXX01,2028,19.333
GLOBAL,PWRHYDFRAXX01,2029,19.333
GLOBAL,PWRHYDFRAXX01,2030,19.266
GLOBAL,PWRHYDFRAXX01,2031,19.266
GLOBAL,PWRHYDFRAXX01,2032,19.243
GLOBAL,PWRHYDFRAXX01,2033,18.992
GLOBAL,PWRHYDFRAXX01,2034,18.819
GLOBAL,PWRHYDFRAXX01,2035,18.743
GLOBAL,PWRHYDFRAXX01,2036,18.743
GLOBAL,PWRHYDFRAXX01,2037,18.743
GLOBAL,PWRHYDFRAXX01,2038,18.743
GLOBAL,PWRHYDFRAXX01,2039,18.743
GLOBAL,PWRHYDFRAXX01,2040,18.743
GLOBAL,PWRHYDFRAXX01,2041,18.694
GLOBAL,PWRHYDFRAXX01,2042,18.694
GLOBAL,PWRHYDFRAXX01,2043,18.694
GLOBAL,PWRHYDFRAXX01,2044,18.694
GLOBAL,PWRHYDFRAXX01,2045,18.694
GLOBAL,PWRHYDFRAXX01,2046,18.672
GLOBAL,PWRHYDFRAXX01,2047,18.672
GLOBAL,PWRHYDFRAXX01,2048,18.499
GLOBAL,PWRHYDFRAXX01,2049,18.431
GLOBAL,PWRHYDFRAXX01,2050,18.359
GLOBAL,PWROILFRAXX01,2021,6.668
GLOBAL,PWROILFRAXX01,2022,6.668
GLOBAL,PWROILFRAXX01,2023,6.668
GLOBAL,PWROILFRAXX01,2024,6.668
GLOBAL,PWROILFRAXX01,2025,6.668
GLOBAL,PWROILFRAXX01,2026,6.668
GLOBAL,PWROILFRAXX01,2027,0.0
GLOBAL,PWROILFRAXX01,2028,0.0
GLOBAL,PWROILFRAXX01,2029,0.0
GLOBAL,PWROILFRAXX01,2030,0.0
GLOBAL,PWROILFRAXX01,2031,0.0
GLOBAL,PWROILFRAXX01,2032,0.0
GLOBAL,PWROILFRAXX01,2033,0.0
GLOBAL,PWROILFRAXX01,2034,0.0
GLOBAL,PWROILFRAXX01,2035,0.0
GLOBAL,PWROILFRAXX01,2036,0.0
GLOBAL,PWROILFRAXX01,2037,0.0
GLOBAL,PWROILFRAXX01,2038,0.0
GLOBAL,PWROILFRAXX01,2039,0.0
GLOBAL,PWROILFRAXX01,2040,0.0
GLOBAL,PWROILFRAXX01,2041,0.0
GLOBAL,PWROILFRAXX01,2042,0.0
GLOBAL,PWROILFRAXX01,2043,0.0
GLOBAL,PWROILFRAXX01,2044,0.0
GLOBAL,PWROILFRAXX01,2045,0.0
GLOBAL,PWROILFRAXX01,2046,0.0
GLOBAL,PWROILFRAXX01,2047,0.0
GLOBAL,PWROILFRAXX01,2048,0.0
GLOBAL,PWROILFRAXX01,2049,0.0
GLOBAL,PWROILFRAXX01,2050,0.0
GLOBAL,PWRSPVFRAXX01,2021,6.7266
GLOBAL,PWRSPVFRAXX01,2022,6.7266
GLOBAL,PWRSPVFRAXX01,2023,6.7266
GLOBAL,PWRSPVFRAXX01,2024,6.7266
GLOBAL,PWRSPVFRAXX01,2025,6.7266
GLOBAL,PWRSPVFRAXX01,2026,6.7266
GLOBAL,PWRSPVFRAXX01,2027,6.7266
GLOBAL,PWRSPVFRAXX01,2028,6.7266
GLOBAL,PWRSPVFRAXX01,2029,6.7266
GLOBAL,PWRSPVFRAXX01,2030,6.7266
GLOBAL,PWRSPVFRAXX01,2031,6.7266
GLOBAL,PWRSPVFRAXX01,2032,6.7266
GLOBAL,PWRSPVFRAXX01,2033,6.7266
GLOBAL,PWRSPVFRAXX01,2034,6.7266
GLOBAL,PWRSPVFRAXX01,2035,6.7266
GLOBAL,PWRSPVFRAXX01,2036,6.7266
GLOBAL,PWRSPVFRAXX01,2037,6.7266
GLOBAL,PWRSPVFRAXX01,2038,6.7266
GLOBAL,PWRSPVFRAXX01,2039,6.7266
GLOBAL,PWRSPVFRAXX01,2040,6.7266
GLOBAL,PWRSPVFRAXX01,2041,6.7266
GLOBAL,PWRSPVFRAXX01,2042,6.7266
GLOBAL,PWRSPVFRAXX01,2043,6.7266
GLOBAL,PWRSPVFRAXX01,2044,6.7266
GLOBAL,PWRSPVFRAXX01,2045,0.002
GLOBAL,PWRSPVFRAXX01,2046,0.002
GLOBAL,PWRSPVFRAXX01,2047,0.0
GLOBAL,PWRSPVFRAXX01,2048,0.0
GLOBAL,PWRSPVFRAXX01,2049,0.0
GLOBAL,PWRSPVFRAXX01,2050,0.0
GLOBAL,PWRURNFRAXX01,2021,63.135
GLOBAL,PWRURNFRAXX01,2022,63.135
GLOBAL,PWRURNFRAXX01,2023,63.135
GLOBAL,PWRURNFRAXX01,2024,63.135
GLOBAL,PWRURNFRAXX01,2025,63.135
GLOBAL,PWRURNFRAXX01,2026,63.135
GLOBAL,PWRURNFRAXX01,2027,63.135
GLOBAL,PWRURNFRAXX01,2028,63.135
GLOBAL,PWRURNFRAXX01,2029,63.135
GLOBAL,PWRURNFRAXX01,2030,63.135
GLOBAL,PWRURNFRAXX01,2031,63.135
GLOBAL,PWRURNFRAXX01,2032,63.135
GLOBAL,PWRURNFRAXX01,2033,63.135
GLOBAL,PWRURNFRAXX01,2034,63.135
GLOBAL,PWRURNFRAXX01,2035,63.135
GLOBAL,PWRURNFRAXX01,2036,63.135
GLOBAL,PWRURNFRAXX01,2037,63.135
GLOBAL,PWRURNFRAXX01,2038,63.135
GLOBAL,PWRURNFRAXX01,2039,63.135
GLOBAL,PWRURNFRAXX01,2040,63.135
GLOBAL,PWRURNFRAXX01,2041,63.135
GLOBAL,PWRURNFRAXX01,2042,63.135
GLOBAL,PWRURNFRAXX01,2043,63.135
GLOBAL,PWRURNFRAXX01,2044,63.135
GLOBAL,PWRURNFRAXX01,2045,0.0
GLOBAL,PWRURNFRAXX01,2046,0.0
GLOBAL,PWRURNFRAXX01,2047,0.0
GLOBAL,PWRURNFRAXX01,2048,0.0
GLOBAL,PWRURNFRAXX01,2049,0.0
GLOBAL,PWRURNFRAXX01,2050,0.0
GLOBAL,PWRWAVFRAXX01,2021,1.374
GLOBAL,PWRWAVFRAXX01,2022,0.0
GLOBAL,PWRWAVFRAXX01,2023,0.0
GLOBAL,PWRWAVFRAXX01,2024,0.0
GLOBAL,PWRWAVFRAXX01,2025,0.0
GLOBAL,PWRWAVFRAXX01,2026,0.0
GLOBAL,PWRWAVFRAXX01,2027,0.0
GLOBAL,PWRWAVFRAXX01,2028,0.0
GLOBAL,PWRWAVFRAXX01,2029,0.0
GLOBAL,PWRWAVFRAXX01,2030,0.0
GLOBAL,PWRWAVFRAXX01,2031,0.0
GLOBAL,PWRWAVFRAXX01,2032,0.0
GLOBAL,PWRWAVFRAXX01,2033,0.0
GLOBAL,PWRWAVFRAXX01,2034,0.0
GLOBAL,PWRWAVFRAXX01,2035,0.0
GLOBAL,PWRWAVFRAXX01,2036,0.0
GLOBAL,PWRWAVFRAXX01,2037,0.0
GLOBAL,PWRWAVFRAXX01,2038,0.0
GLOBAL,PWRWAVFRAXX01,2039,0.0
GLOBAL,PWRWAVFRAXX01,2040,0.0
GLOBAL,PWRWAVFRAXX01,2041,0.0
GLOBAL,PWRWAVFRAXX01,2042,0.0
GLOBAL,PWRWAVFRAXX01,2043,0.0
GLOBAL,PWRWAVFRAXX01,2044,0.0
GLOBAL,PWRWAVFRAXX01,2045,0.0
GLOBAL,PWRWAVFRAXX01,2046,0.0
GLOBAL,PWRWAVFRAXX01,2047,0.0
GLOBAL,PWRWAVFRAXX01,2048,0.0
GLOBAL,PWRWAVFRAXX01,2049,0.0
GLOBAL,PWRWAVFRAXX01,2050,0.0
GLOBAL,PWRWONFRAXX01,2021,10.2244
GLOBAL,PWRWONFRAXX01,2022,10.2244
GLOBAL,PWRWONFRAXX01,2023,10.2244
GLOBAL,PWRWONFRAXX01,2024,10.2244
GLOBAL,PWRWONFRAXX01,2025,10.2244
GLOBAL,PWRWONFRAXX01,2026,10.2244
GLOBAL,PWRWONFRAXX01,2027,10.2244
GLOBAL,PWRWONFRAXX01,2028,10.2244
GLOBAL,PWRWONFRAXX01,2029,10.2244
GLOBAL,PWRWONFRAXX01,2030,10.2244
GLOBAL,PWRWONFRAXX01,2031,10.2244
GLOBAL,PWRWONFRAXX01,2032,10.2244
GLOBAL,PWRWONFRAXX01,2033,10.2244
GLOBAL,PWRWONFRAXX01,2034,10.2244
GLOBAL,PWRWONFRAXX01,2035,10.2244
GLOBAL,PWRWONFRAXX01,2036,10.2244
GLOBAL,PWRWONFRAXX01,2037,10.2244
GLOBAL,PWRWONFRAXX01,2038,10.2244
GLOBAL,PWRWONFRAXX01,2039,10.2244
GLOBAL,PWRWONFRAXX01,2040,0.0
GLOBAL,PWRWONFRAXX01,2041,0.0
GLOBAL,PWRWONFRAXX01,2042,0.0
GLOBAL,PWRWONFRAXX01,2043,0.0
GLOBAL,PWRWONFRAXX01,2044,0.0
GLOBAL,PWRWONFRAXX01,2045,0.0
GLOBAL,PWRWONFRAXX01,2046,0.0
GLOBAL,PWRWONFRAXX01,2047,0.0
GLOBAL,PWRWONFRAXX01,2048,0.0
GLOBAL,PWRWONFRAXX01,2049,0.0
GLOBAL,PWRWONFRAXX01,2050,0.0
GLOBAL,PWRCCGGABXX00,2021,0.1619
GLOBAL,PWRCCGGABXX00,2022,0.1619
GLOBAL,PWRCCGGABXX00,2023,0.1619
GLOBAL,PWRCCGGABXX00,2024,0.1619
GLOBAL,PWRCCGGABXX00,2025,0.0
GLOBAL,PWRCCGGABXX00,2026,0.0
GLOBAL,PWRCCGGABXX00,2027,0.0
GLOBAL,PWRCCGGABXX00,2028,0.0
GLOBAL,PWRCCGGABXX00,2029,0.0
GLOBAL,PWRCCGGABXX00,2030,0.0
GLOBAL,PWRCCGGABXX00,2031,0.0
GLOBAL,PWRCCGGABXX00,2032,0.0
GLOBAL,PWRCCGGABXX00,2033,0.0
GLOBAL,PWRCCGGABXX00,2034,0.0
GLOBAL,PWRCCGGABXX00,2035,0.0
GLOBAL,PWRCCGGABXX00,2036,0.0
GLOBAL,PWRCCGGABXX00,2037,0.0
GLOBAL,PWRCCGGABXX00,2038,0.0
GLOBAL,PWRCCGGABXX00,2039,0.0
GLOBAL,PWRCCGGABXX00,2040,0.0
GLOBAL,PWRCCGGABXX00,2041,0.0
GLOBAL,PWRCCGGABXX00,2042,0.0
GLOBAL,PWRCCGGABXX00,2043,0.0
GLOBAL,PWRCCGGABXX00,2044,0.0
GLOBAL,PWRCCGGABXX00,2045,0.0
GLOBAL,PWRCCGGABXX00,2046,0.0
GLOBAL,PWRCCGGABXX00,2047,0.0
GLOBAL,PWRCCGGABXX00,2048,0.0
GLOBAL,PWRCCGGABXX00,2049,0.0
GLOBAL,PWRCCGGABXX00,2050,0.0
GLOBAL,PWRHYDGABXX01,2021,0.33
GLOBAL,PWRHYDGABXX01,2022,0.33
GLOBAL,PWRHYDGABXX01,2023,0.33
GLOBAL,PWRHYDGABXX01,2024,0.33
GLOBAL,PWRHYDGABXX01,2025,0.33
GLOBAL,PWRHYDGABXX01,2026,0.33
GLOBAL,PWRHYDGABXX01,2027,0.33
GLOBAL,PWRHYDGABXX01,2028,0.33
GLOBAL,PWRHYDGABXX01,2029,0.33
GLOBAL,PWRHYDGABXX01,2030,0.33
GLOBAL,PWRHYDGABXX01,2031,0.33
GLOBAL,PWRHYDGABXX01,2032,0.33
GLOBAL,PWRHYDGABXX01,2033,0.33
GLOBAL,PWRHYDGABXX01,2034,0.33
GLOBAL,PWRHYDGABXX01,2035,0.33
GLOBAL,PWRHYDGABXX01,2036,0.33
GLOBAL,PWRHYDGABXX01,2037,0.33
GLOBAL,PWRHYDGABXX01,2038,0.33
GLOBAL,PWRHYDGABXX01,2039,0.33
GLOBAL,PWRHYDGABXX01,2040,0.33
GLOBAL,PWRHYDGABXX01,2041,0.33
GLOBAL,PWRHYDGABXX01,2042,0.33
GLOBAL,PWRHYDGABXX01,2043,0.33
GLOBAL,PWRHYDGABXX01,2044,0.33
GLOBAL,PWRHYDGABXX01,2045,0.33
GLOBAL,PWRHYDGABXX01,2046,0.33
GLOBAL,PWRHYDGABXX01,2047,0.33
GLOBAL,PWRHYDGABXX01,2048,0.33
GLOBAL,PWRHYDGABXX01,2049,0.33
GLOBAL,PWRHYDGABXX01,2050,0.33
GLOBAL,PWROCGGABXX00,2021,0.145
GLOBAL,PWROCGGABXX00,2022,0.145
GLOBAL,PWROCGGABXX00,2023,0.145
GLOBAL,PWROCGGABXX00,2024,0.145
GLOBAL,PWROCGGABXX00,2025,0.0
GLOBAL,PWROCGGABXX00,2026,0.0
GLOBAL,PWROCGGABXX00,2027,0.0
GLOBAL,PWROCGGABXX00,2028,0.0
GLOBAL,PWROCGGABXX00,2029,0.0
GLOBAL,PWROCGGABXX00,2030,0.0
GLOBAL,PWROCGGABXX00,2031,0.0
GLOBAL,PWROCGGABXX00,2032,0.0
GLOBAL,PWROCGGABXX00,2033,0.0
GLOBAL,PWROCGGABXX00,2034,0.0
GLOBAL,PWROCGGABXX00,2035,0.0
GLOBAL,PWROCGGABXX00,2036,0.0
GLOBAL,PWROCGGABXX00,2037,0.0
GLOBAL,PWROCGGABXX00,2038,0.0
GLOBAL,PWROCGGABXX00,2039,0.0
GLOBAL,PWROCGGABXX00,2040,0.0
GLOBAL,PWROCGGABXX00,2041,0.0
GLOBAL,PWROCGGABXX00,2042,0.0
GLOBAL,PWROCGGABXX00,2043,0.0
GLOBAL,PWROCGGABXX00,2044,0.0
GLOBAL,PWROCGGABXX00,2045,0.0
GLOBAL,PWROCGGABXX00,2046,0.0
GLOBAL,PWROCGGABXX00,2047,0.0
GLOBAL,PWROCGGABXX00,2048,0.0
GLOBAL,PWROCGGABXX00,2049,0.0
GLOBAL,PWROCGGABXX00,2050,0.0
GLOBAL,PWROILGABXX01,2021,0.016
GLOBAL,PWROILGABXX01,2022,0.016
GLOBAL,PWROILGABXX01,2023,0.016
GLOBAL,PWROILGABXX01,2024,0.016
GLOBAL,PWROILGABXX01,2025,0.016
GLOBAL,PWROILGABXX01,2026,0.016
GLOBAL,PWROILGABXX01,2027,0.0
GLOBAL,PWROILGABXX01,2028,0.0
GLOBAL,PWROILGABXX01,2029,0.0
GLOBAL,PWROILGABXX01,2030,0.0
GLOBAL,PWROILGABXX01,2031,0.0
GLOBAL,PWROILGABXX01,2032,0.0
GLOBAL,PWROILGABXX01,2033,0.0
GLOBAL,PWROILGABXX01,2034,0.0
GLOBAL,PWROILGABXX01,2035,0.0
GLOBAL,PWROILGABXX01,2036,0.0
GLOBAL,PWROILGABXX01,2037,0.0
GLOBAL,PWROILGABXX01,2038,0.0
GLOBAL,PWROILGABXX01,2039,0.0
GLOBAL,PWROILGABXX01,2040,0.0
GLOBAL,PWROILGABXX01,2041,0.0
GLOBAL,PWROILGABXX01,2042,0.0
GLOBAL,PWROILGABXX01,2043,0.0
GLOBAL,PWROILGABXX01,2044,0.0
GLOBAL,PWROILGABXX01,2045,0.0
GLOBAL,PWROILGABXX01,2046,0.0
GLOBAL,PWROILGABXX01,2047,0.0
GLOBAL,PWROILGABXX01,2048,0.0
GLOBAL,PWROILGABXX01,2049,0.0
GLOBAL,PWROILGABXX01,2050,0.0
GLOBAL,PWRBIOGBRXX01,2021,3.4132
GLOBAL,PWRBIOGBRXX01,2022,3.4132
GLOBAL,PWRBIOGBRXX01,2023,3.4132
GLOBAL,PWRBIOGBRXX01,2024,3.4132
GLOBAL,PWRBIOGBRXX01,2025,3.4132
GLOBAL,PWRBIOGBRXX01,2026,3.4132
GLOBAL,PWRBIOGBRXX01,2027,3.4132
GLOBAL,PWRBIOGBRXX01,2028,3.4132
GLOBAL,PWRBIOGBRXX01,2029,3.4132
GLOBAL,PWRBIOGBRXX01,2030,3.4132
GLOBAL,PWRBIOGBRXX01,2031,3.4132
GLOBAL,PWRBIOGBRXX01,2032,0.0
GLOBAL,PWRBIOGBRXX01,2033,0.0
GLOBAL,PWRBIOGBRXX01,2034,0.0
GLOBAL,PWRBIOGBRXX01,2035,0.0
GLOBAL,PWRBIOGBRXX01,2036,0.0
GLOBAL,PWRBIOGBRXX01,2037,0.0
GLOBAL,PWRBIOGBRXX01,2038,0.0
GLOBAL,PWRBIOGBRXX01,2039,0.0
GLOBAL,PWRBIOGBRXX01,2040,0.0
GLOBAL,PWRBIOGBRXX01,2041,0.0
GLOBAL,PWRBIOGBRXX01,2042,0.0
GLOBAL,PWRBIOGBRXX01,2043,0.0
GLOBAL,PWRBIOGBRXX01,2044,0.0
GLOBAL,PWRBIOGBRXX01,2045,0.0
GLOBAL,PWRBIOGBRXX01,2046,0.0
GLOBAL,PWRBIOGBRXX01,2047,0.0
GLOBAL,PWRBIOGBRXX01,2048,0.0
GLOBAL,PWRBIOGBRXX01,2049,0.0
GLOBAL,PWRBIOGBRXX01,2050,0.0
GLOBAL,PWRCCGGBRXX00,2021,29.4587
GLOBAL,PWRCCGGBRXX00,2022,29.4587
GLOBAL,PWRCCGGBRXX00,2023,29.4587
GLOBAL,PWRCCGGBRXX00,2024,29.4587
GLOBAL,PWRCCGGBRXX00,2025,0.0
GLOBAL,PWRCCGGBRXX00,2026,0.0
GLOBAL,PWRCCGGBRXX00,2027,0.0
GLOBAL,PWRCCGGBRXX00,2028,0.0
GLOBAL,PWRCCGGBRXX00,2029,0.0
GLOBAL,PWRCCGGBRXX00,2030,0.0
GLOBAL,PWRCCGGBRXX00,2031,0.0
GLOBAL,PWRCCGGBRXX00,2032,0.0
GLOBAL,PWRCCGGBRXX00,2033,0.0
GLOBAL,PWRCCGGBRXX00,2034,0.0
GLOBAL,PWRCCGGBRXX00,2035,0.0
GLOBAL,PWRCCGGBRXX00,2036,0.0
GLOBAL,PWRCCGGBRXX00,2037,0.0
GLOBAL,PWRCCGGBRXX00,2038,0.0
GLOBAL,PWRCCGGBRXX00,2039,0.0
GLOBAL,PWRCCGGBRXX00,2040,0.0
GLOBAL,PWRCCGGBRXX00,2041,0.0
GLOBAL,PWRCCGGBRXX00,2042,0.0
GLOBAL,PWRCCGGBRXX00,2043,0.0
GLOBAL,PWRCCGGBRXX00,2044,0.0
GLOBAL,PWRCCGGBRXX00,2045,0.0
GLOBAL,PWRCCGGBRXX00,2046,0.0
GLOBAL,PWRCCGGBRXX00,2047,0.0
GLOBAL,PWRCCGGBRXX00,2048,0.0
GLOBAL,PWRCCGGBRXX00,2049,0.0
GLOBAL,PWRCCGGBRXX00,2050,0.0
GLOBAL,PWRCOAGBRXX01,2021,16.713
GLOBAL,PWRCOAGBRXX01,2022,16.713
GLOBAL,PWRCOAGBRXX01,2023,16.713
GLOBAL,PWRCOAGBRXX01,2024,16.713
GLOBAL,PWRCOAGBRXX01,2025,16.713
GLOBAL,PWRCOAGBRXX01,2026,16.713
GLOBAL,PWRCOAGBRXX01,2027,16.713
GLOBAL,PWRCOAGBRXX01,2028,0.0
GLOBAL,PWRCOAGBRXX01,2029,0.0
GLOBAL,PWRCOAGBRXX01,2030,0.0
GLOBAL,PWRCOAGBRXX01,2031,0.0
GLOBAL,PWRCOAGBRXX01,2032,0.0
GLOBAL,PWRCOAGBRXX01,2033,0.0
GLOBAL,PWRCOAGBRXX01,2034,0.0
GLOBAL,PWRCOAGBRXX01,2035,0.0
GLOBAL,PWRCOAGBRXX01,2036,0.0
GLOBAL,PWRCOAGBRXX01,2037,0.0
GLOBAL,PWRCOAGBRXX01,2038,0.0
GLOBAL,PWRCOAGBRXX01,2039,0.0
GLOBAL,PWRCOAGBRXX01,2040,0.0
GLOBAL,PWRCOAGBRXX01,2041,0.0
GLOBAL,PWRCOAGBRXX01,2042,0.0
GLOBAL,PWRCOAGBRXX01,2043,0.0
GLOBAL,PWRCOAGBRXX01,2044,0.0
GLOBAL,PWRCOAGBRXX01,2045,0.0
GLOBAL,PWRCOAGBRXX01,2046,0.0
GLOBAL,PWRCOAGBRXX01,2047,0.0
GLOBAL,PWRCOAGBRXX01,2048,0.0
GLOBAL,PWRCOAGBRXX01,2049,0.0
GLOBAL,PWRCOAGBRXX01,2050,0.0
GLOBAL,PWRCOGGBRXX01,2021,3.006
GLOBAL,PWRCOGGBRXX01,2022,3.006
GLOBAL,PWRCOGGBRXX01,2023,3.006
GLOBAL,PWRCOGGBRXX01,2024,3.006
GLOBAL,PWRCOGGBRXX01,2025,3.006
GLOBAL,PWRCOGGBRXX01,2026,3.006
GLOBAL,PWRCOGGBRXX01,2027,3.006
GLOBAL,PWRCOGGBRXX01,2028,3.006
GLOBAL,PWRCOGGBRXX01,2029,0.0
GLOBAL,PWRCOGGBRXX01,2030,0.0
GLOBAL,PWRCOGGBRXX01,2031,0.0
GLOBAL,PWRCOGGBRXX01,2032,0.0
GLOBAL,PWRCOGGBRXX01,2033,0.0
GLOBAL,PWRCOGGBRXX01,2034,0.0
GLOBAL,PWRCOGGBRXX01,2035,0.0
GLOBAL,PWRCOGGBRXX01,2036,0.0
GLOBAL,PWRCOGGBRXX01,2037,0.0
GLOBAL,PWRCOGGBRXX01,2038,0.0
GLOBAL,PWRCOGGBRXX01,2039,0.0
GLOBAL,PWRCOGGBRXX01,2040,0.0
GLOBAL,PWRCOGGBRXX01,2041,0.0
GLOBAL,PWRCOGGBRXX01,2042,0.0
GLOBAL,PWRCOGGBRXX01,2043,0.0
GLOBAL,PWRCOGGBRXX01,2044,0.0
GLOBAL,PWRCOGGBRXX01,2045,0.0
GLOBAL,PWRCOGGBRXX01,2046,0.0
GLOBAL,PWRCOGGBRXX01,2047,0.0
GLOBAL,PWRCOGGBRXX01,2048,0.0
GLOBAL,PWRCOGGBRXX01,2049,0.0
GLOBAL,PWRCOGGBRXX01,2050,0.0
GLOBAL,PWRHYDGBRXX01,2021,4.123
GLOBAL,PWRHYDGBRXX01,2022,4.123
GLOBAL,PWRHYDGBRXX01,2023,4.123
GLOBAL,PWRHYDGBRXX01,2024,4.123
GLOBAL,PWRHYDGBRXX01,2025,4.123
GLOBAL,PWRHYDGBRXX01,2026,4.123
GLOBAL,PWRHYDGBRXX01,2027,4.123
GLOBAL,PWRHYDGBRXX01,2028,4.123
GLOBAL,PWRHYDGBRXX01,2029,4.123
GLOBAL,PWRHYDGBRXX01,2030,4.123
GLOBAL,PWRHYDGBRXX01,2031,4.123
GLOBAL,PWRHYDGBRXX01,2032,4.123
GLOBAL,PWRHYDGBRXX01,2033,4.123
GLOBAL,PWRHYDGBRXX01,2034,4.123
GLOBAL,PWRHYDGBRXX01,2035,4.123
GLOBAL,PWRHYDGBRXX01,2036,4.123
GLOBAL,PWRHYDGBRXX01,2037,4.123
GLOBAL,PWRHYDGBRXX01,2038,4.123
GLOBAL,PWRHYDGBRXX01,2039,4.123
GLOBAL,PWRHYDGBRXX01,2040,4.123
GLOBAL,PWRHYDGBRXX01,2041,4.123
GLOBAL,PWRHYDGBRXX01,2042,4.123
GLOBAL,PWRHYDGBRXX01,2043,4.123
GLOBAL,PWRHYDGBRXX01,2044,4.123
GLOBAL,PWRHYDGBRXX01,2045,4.123
GLOBAL,PWRHYDGBRXX01,2046,4.123
GLOBAL,PWRHYDGBRXX01,2047,4.123
GLOBAL,PWRHYDGBRXX01,2048,4.123
GLOBAL,PWRHYDGBRXX01,2049,4.123
GLOBAL,PWRHYDGBRXX01,2050,4.123
GLOBAL,PWROCGGBRXX00,2021,0.83
GLOBAL,PWROCGGBRXX00,2022,0.83
GLOBAL,PWROCGGBRXX00,2023,0.83
GLOBAL,PWROCGGBRXX00,2024,0.83
GLOBAL,PWROCGGBRXX00,2025,0.0
GLOBAL,PWROCGGBRXX00,2026,0.0
GLOBAL,PWROCGGBRXX00,2027,0.0
GLOBAL,PWROCGGBRXX00,2028,0.0
GLOBAL,PWROCGGBRXX00,2029,0.0
GLOBAL,PWROCGGBRXX00,2030,0.0
GLOBAL,PWROCGGBRXX00,2031,0.0
GLOBAL,PWROCGGBRXX00,2032,0.0
GLOBAL,PWROCGGBRXX00,2033,0.0
GLOBAL,PWROCGGBRXX00,2034,0.0
GLOBAL,PWROCGGBRXX00,2035,0.0
GLOBAL,PWROCGGBRXX00,2036,0.0
GLOBAL,PWROCGGBRXX00,2037,0.0
GLOBAL,PWROCGGBRXX00,2038,0.0
GLOBAL,PWROCGGBRXX00,2039,0.0
GLOBAL,PWROCGGBRXX00,2040,0.0
GLOBAL,PWROCGGBRXX00,2041,0.0
GLOBAL,PWROCGGBRXX00,2042,0.0
GLOBAL,PWROCGGBRXX00,2043,0.0
GLOBAL,PWROCGGBRXX00,2044,0.0
GLOBAL,PWROCGGBRXX00,2045,0.0
GLOBAL,PWROCGGBRXX00,2046,0.0
GLOBAL,PWROCGGBRXX00,2047,0.0
GLOBAL,PWROCGGBRXX00,2048,0.0
GLOBAL,PWROCGGBRXX00,2049,0.0
GLOBAL,PWROCGGBRXX00,2050,0.0
GLOBAL,PWROILGBRXX01,2021,0.5666
GLOBAL,PWROILGBRXX01,2022,0.5666
GLOBAL,PWROILGBRXX01,2023,0.5666
GLOBAL,PWROILGBRXX01,2024,0.5666
GLOBAL,PWROILGBRXX01,2025,0.5666
GLOBAL,PWROILGBRXX01,2026,0.5666
GLOBAL,PWROILGBRXX01,2027,0.0
GLOBAL,PWROILGBRXX01,2028,0.0
GLOBAL,PWROILGBRXX01,2029,0.0
GLOBAL,PWROILGBRXX01,2030,0.0
GLOBAL,PWROILGBRXX01,2031,0.0
GLOBAL,PWROILGBRXX01,2032,0.0
GLOBAL,PWROILGBRXX01,2033,0.0
GLOBAL,PWROILGBRXX01,2034,0.0
GLOBAL,PWROILGBRXX01,2035,0.0
GLOBAL,PWROILGBRXX01,2036,0.0
GLOBAL,PWROILGBRXX01,2037,0.0
GLOBAL,PWROILGBRXX01,2038,0.0
GLOBAL,PWROILGBRXX01,2039,0.0
GLOBAL,PWROILGBRXX01,2040,0.0
GLOBAL,PWROILGBRXX01,2041,0.0
GLOBAL,PWROILGBRXX01,2042,0.0
GLOBAL,PWROILGBRXX01,2043,0.0
GLOBAL,PWROILGBRXX01,2044,0.0
GLOBAL,PWROILGBRXX01,2045,0.0
GLOBAL,PWROILGBRXX01,2046,0.0
GLOBAL,PWROILGBRXX01,2047,0.0
GLOBAL,PWROILGBRXX01,2048,0.0
GLOBAL,PWROILGBRXX01,2049,0.0
GLOBAL,PWROILGBRXX01,2050,0.0
GLOBAL,PWRSPVGBRXX01,2021,9.2389
GLOBAL,PWRSPVGBRXX01,2022,9.2389
GLOBAL,PWRSPVGBRXX01,2023,9.2389
GLOBAL,PWRSPVGBRXX01,2024,9.2389
GLOBAL,PWRSPVGBRXX01,2025,9.2389
GLOBAL,PWRSPVGBRXX01,2026,9.2389
GLOBAL,PWRSPVGBRXX01,2027,9.2389
GLOBAL,PWRSPVGBRXX01,2028,9.2389
GLOBAL,PWRSPVGBRXX01,2029,9.2389
GLOBAL,PWRSPVGBRXX01,2030,9.2389
GLOBAL,PWRSPVGBRXX01,2031,9.2389
GLOBAL,PWRSPVGBRXX01,2032,9.2389
GLOBAL,PWRSPVGBRXX01,2033,9.2389
GLOBAL,PWRSPVGBRXX01,2034,9.2389
GLOBAL,PWRSPVGBRXX01,2035,9.2389
GLOBAL,PWRSPVGBRXX01,2036,9.2389
GLOBAL,PWRSPVGBRXX01,2037,9.2389
GLOBAL,PWRSPVGBRXX01,2038,9.2389
GLOBAL,PWRSPVGBRXX01,2039,9.2389
GLOBAL,PWRSPVGBRXX01,2040,9.2389
GLOBAL,PWRSPVGBRXX01,2041,9.2389
GLOBAL,PWRSPVGBRXX01,2042,9.2389
GLOBAL,PWRSPVGBRXX01,2043,9.2389
GLOBAL,PWRSPVGBRXX01,2044,9.2389
GLOBAL,PWRSPVGBRXX01,2045,0.0
GLOBAL,PWRSPVGBRXX01,2046,0.0
GLOBAL,PWRSPVGBRXX01,2047,0.0
GLOBAL,PWRSPVGBRXX01,2048,0.0
GLOBAL,PWRSPVGBRXX01,2049,0.0
GLOBAL,PWRSPVGBRXX01,2050,0.0
GLOBAL,PWRURNGBRXX01,2021,8.922
GLOBAL,PWRURNGBRXX01,2022,8.922
GLOBAL,PWRURNGBRXX01,2023,8.922
GLOBAL,PWRURNGBRXX01,2024,8.922
GLOBAL,PWRURNGBRXX01,2025,8.922
GLOBAL,PWRURNGBRXX01,2026,8.922
GLOBAL,PWRURNGBRXX01,2027,8.922
GLOBAL,PWRURNGBRXX01,2028,8.922
GLOBAL,PWRURNGBRXX01,2029,8.922
GLOBAL,PWRURNGBRXX01,2030,8.922
GLOBAL,PWRURNGBRXX01,2031,8.922
GLOBAL,PWRURNGBRXX01,2032,8.922
GLOBAL,PWRURNGBRXX01,2033,8.922
GLOBAL,PWRURNGBRXX01,2034,8.922
GLOBAL,PWRURNGBRXX01,2035,8.922
GLOBAL,PWRURNGBRXX01,2036,8.922
GLOBAL,PWRURNGBRXX01,2037,8.922
GLOBAL,PWRURNGBRXX01,2038,8.922
GLOBAL,PWRURNGBRXX01,2039,8.922
GLOBAL,PWRURNGBRXX01,2040,8.922
GLOBAL,PWRURNGBRXX01,2041,8.922
GLOBAL,PWRURNGBRXX01,2042,8.922
GLOBAL,PWRURNGBRXX01,2043,8.922
GLOBAL,PWRURNGBRXX01,2044,8.922
GLOBAL,PWRURNGBRXX01,2045,0.0
GLOBAL,PWRURNGBRXX01,2046,0.0
GLOBAL,PWRURNGBRXX01,2047,0.0
GLOBAL,PWRURNGBRXX01,2048,0.0
GLOBAL,PWRURNGBRXX01,2049,0.0
GLOBAL,PWRURNGBRXX01,2050,0.0
GLOBAL,PWRWASGBRXX01,2021,1.745
GLOBAL,PWRWASGBRXX01,2022,1.745
GLOBAL,PWRWASGBRXX01,2023,1.745
GLOBAL,PWRWASGBRXX01,2024,1.745
GLOBAL,PWRWASGBRXX01,2025,1.745
GLOBAL,PWRWASGBRXX01,2026,1.745
GLOBAL,PWRWASGBRXX01,2027,1.745
GLOBAL,PWRWASGBRXX01,2028,1.745
GLOBAL,PWRWASGBRXX01,2029,1.745
GLOBAL,PWRWASGBRXX01,2030,1.745
GLOBAL,PWRWASGBRXX01,2031,1.745
GLOBAL,PWRWASGBRXX01,2032,0.0
GLOBAL,PWRWASGBRXX01,2033,0.0
GLOBAL,PWRWASGBRXX01,2034,0.0
GLOBAL,PWRWASGBRXX01,2035,0.0
GLOBAL,PWRWASGBRXX01,2036,0.0
GLOBAL,PWRWASGBRXX01,2037,0.0
GLOBAL,PWRWASGBRXX01,2038,0.0
GLOBAL,PWRWASGBRXX01,2039,0.0
GLOBAL,PWRWASGBRXX01,2040,0.0
GLOBAL,PWRWASGBRXX01,2041,0.0
GLOBAL,PWRWASGBRXX01,2042,0.0
GLOBAL,PWRWASGBRXX01,2043,0.0
GLOBAL,PWRWASGBRXX01,2044,0.0
GLOBAL,PWRWASGBRXX01,2045,0.0
GLOBAL,PWRWASGBRXX01,2046,0.0
GLOBAL,PWRWASGBRXX01,2047,0.0
GLOBAL,PWRWASGBRXX01,2048,0.0
GLOBAL,PWRWASGBRXX01,2049,0.0
GLOBAL,PWRWASGBRXX01,2050,0.0
GLOBAL,PWRWAVGBRXX01,2021,0.039
GLOBAL,PWRWAVGBRXX01,2022,0.0
GLOBAL,PWRWAVGBRXX01,2023,0.0
GLOBAL,PWRWAVGBRXX01,2024,0.0
GLOBAL,PWRWAVGBRXX01,2025,0.0
GLOBAL,PWRWAVGBRXX01,2026,0.0
GLOBAL,PWRWAVGBRXX01,2027,0.0
GLOBAL,PWRWAVGBRXX01,2028,0.0
GLOBAL,PWRWAVGBRXX01,2029,0.0
GLOBAL,PWRWAVGBRXX01,2030,0.0
GLOBAL,PWRWAVGBRXX01,2031,0.0
GLOBAL,PWRWAVGBRXX01,2032,0.0
GLOBAL,PWRWAVGBRXX01,2033,0.0
GLOBAL,PWRWAVGBRXX01,2034,0.0
GLOBAL,PWRWAVGBRXX01,2035,0.0
GLOBAL,PWRWAVGBRXX01,2036,0.0
GLOBAL,PWRWAVGBRXX01,2037,0.0
GLOBAL,PWRWAVGBRXX01,2038,0.0
GLOBAL,PWRWAVGBRXX01,2039,0.0
GLOBAL,PWRWAVGBRXX01,2040,0.0
GLOBAL,PWRWAVGBRXX01,2041,0.0
GLOBAL,PWRWAVGBRXX01,2042,0.0
GLOBAL,PWRWAVGBRXX01,2043,0.0
GLOBAL,PWRWAVGBRXX01,2044,0.0
GLOBAL,PWRWAVGBRXX01,2045,0.0
GLOBAL,PWRWAVGBRXX01,2046,0.0
GLOBAL,PWRWAVGBRXX01,2047,0.0
GLOBAL,PWRWAVGBRXX01,2048,0.0
GLOBAL,PWRWAVGBRXX01,2049,0.0
GLOBAL,PWRWAVGBRXX01,2050,0.0
GLOBAL,PWRWOFGBRXX01,2021,10.7395
GLOBAL,PWRWOFGBRXX01,2022,10.7395
GLOBAL,PWRWOFGBRXX01,2023,10.7395
GLOBAL,PWRWOFGBRXX01,2024,10.7395
GLOBAL,PWRWOFGBRXX01,2025,10.7395
GLOBAL,PWRWOFGBRXX01,2026,10.7395
GLOBAL,PWRWOFGBRXX01,2027,10.7395
GLOBAL,PWRWOFGBRXX01,2028,10.7395
GLOBAL,PWRWOFGBRXX01,2029,10.7395
GLOBAL,PWRWOFGBRXX01,2030,10.7395
GLOBAL,PWRWOFGBRXX01,2031,10.7395
GLOBAL,PWRWOFGBRXX01,2032,10.7395
GLOBAL,PWRWOFGBRXX01,2033,10.7395
GLOBAL,PWRWOFGBRXX01,2034,10.7395
GLOBAL,PWRWOFGBRXX01,2035,10.7395
GLOBAL,PWRWOFGBRXX01,2036,10.7395
GLOBAL,PWRWOFGBRXX01,2037,10.7395
GLOBAL,PWRWOFGBRXX01,2038,10.7395
GLOBAL,PWRWOFGBRXX01,2039,10.7395
GLOBAL,PWRWOFGBRXX01,2040,10.7395
GLOBAL,PWRWOFGBRXX01,2041,0.0
GLOBAL,PWRWOFGBRXX01,2042,0.0
GLOBAL,PWRWOFGBRXX01,2043,0.0
GLOBAL,PWRWOFGBRXX01,2044,0.0
GLOBAL,PWRWOFGBRXX01,2045,0.0
GLOBAL,PWRWOFGBRXX01,2046,0.0
GLOBAL,PWRWOFGBRXX01,2047,0.0
GLOBAL,PWRWOFGBRXX01,2048,0.0
GLOBAL,PWRWOFGBRXX01,2049,0.0
GLOBAL,PWRWOFGBRXX01,2050,0.0
GLOBAL,PWRWONGBRXX01,2021,12.024
GLOBAL,PWRWONGBRXX01,2022,12.024
GLOBAL,PWRWONGBRXX01,2023,12.024
GLOBAL,PWRWONGBRXX01,2024,12.024
GLOBAL,PWRWONGBRXX01,2025,12.024
GLOBAL,PWRWONGBRXX01,2026,12.024
GLOBAL,PWRWONGBRXX01,2027,12.024
GLOBAL,PWRWONGBRXX01,2028,12.024
GLOBAL,PWRWONGBRXX01,2029,12.024
GLOBAL,PWRWONGBRXX01,2030,12.024
GLOBAL,PWRWONGBRXX01,2031,12.024
GLOBAL,PWRWONGBRXX01,2032,12.024
GLOBAL,PWRWONGBRXX01,2033,12.024
GLOBAL,PWRWONGBRXX01,2034,12.024
GLOBAL,PWRWONGBRXX01,2035,12.024
GLOBAL,PWRWONGBRXX01,2036,12.024
GLOBAL,PWRWONGBRXX01,2037,12.024
GLOBAL,PWRWONGBRXX01,2038,12.024
GLOBAL,PWRWONGBRXX01,2039,12.024
GLOBAL,PWRWONGBRXX01,2040,0.0
GLOBAL,PWRWONGBRXX01,2041,0.0
GLOBAL,PWRWONGBRXX01,2042,0.0
GLOBAL,PWRWONGBRXX01,2043,0.0
GLOBAL,PWRWONGBRXX01,2044,0.0
GLOBAL,PWRWONGBRXX01,2045,0.0
GLOBAL,PWRWONGBRXX01,2046,0.0
GLOBAL,PWRWONGBRXX01,2047,0.0
GLOBAL,PWRWONGBRXX01,2048,0.0
GLOBAL,PWRWONGBRXX01,2049,0.0
GLOBAL,PWRWONGBRXX01,2050,0.0
GLOBAL,PWRCCGGEOXX00,2021,1.44
GLOBAL,PWRCCGGEOXX00,2022,1.44
GLOBAL,PWRCCGGEOXX00,2023,1.44
GLOBAL,PWRCCGGEOXX00,2024,1.44
GLOBAL,PWRCCGGEOXX00,2025,0.0
GLOBAL,PWRCCGGEOXX00,2026,0.0
GLOBAL,PWRCCGGEOXX00,2027,0.0
GLOBAL,PWRCCGGEOXX00,2028,0.0
GLOBAL,PWRCCGGEOXX00,2029,0.0
GLOBAL,PWRCCGGEOXX00,2030,0.0
GLOBAL,PWRCCGGEOXX00,2031,0.0
GLOBAL,PWRCCGGEOXX00,2032,0.0
GLOBAL,PWRCCGGEOXX00,2033,0.0
GLOBAL,PWRCCGGEOXX00,2034,0.0
GLOBAL,PWRCCGGEOXX00,2035,0.0
GLOBAL,PWRCCGGEOXX00,2036,0.0
GLOBAL,PWRCCGGEOXX00,2037,0.0
GLOBAL,PWRCCGGEOXX00,2038,0.0
GLOBAL,PWRCCGGEOXX00,2039,0.0
GLOBAL,PWRCCGGEOXX00,2040,0.0
GLOBAL,PWRCCGGEOXX00,2041,0.0
GLOBAL,PWRCCGGEOXX00,2042,0.0
GLOBAL,PWRCCGGEOXX00,2043,0.0
GLOBAL,PWRCCGGEOXX00,2044,0.0
GLOBAL,PWRCCGGEOXX00,2045,0.0
GLOBAL,PWRCCGGEOXX00,2046,0.0
GLOBAL,PWRCCGGEOXX00,2047,0.0
GLOBAL,PWRCCGGEOXX00,2048,0.0
GLOBAL,PWRCCGGEOXX00,2049,0.0
GLOBAL,PWRCCGGEOXX00,2050,0.0
GLOBAL,PWRHYDGEOXX01,2021,2.7296
GLOBAL,PWRHYDGEOXX01,2022,2.7296
GLOBAL,PWRHYDGEOXX01,2023,2.7296
GLOBAL,PWRHYDGEOXX01,2024,2.7296
GLOBAL,PWRHYDGEOXX01,2025,2.7296
GLOBAL,PWRHYDGEOXX01,2026,2.7296
GLOBAL,PWRHYDGEOXX01,2027,2.7296
GLOBAL,PWRHYDGEOXX01,2028,2.7296
GLOBAL,PWRHYDGEOXX01,2029,2.7296
GLOBAL,PWRHYDGEOXX01,2030,2.7296
GLOBAL,PWRHYDGEOXX01,2031,2.7296
GLOBAL,PWRHYDGEOXX01,2032,2.7296
GLOBAL,PWRHYDGEOXX01,2033,2.7296
GLOBAL,PWRHYDGEOXX01,2034,2.7296
GLOBAL,PWRHYDGEOXX01,2035,2.7296
GLOBAL,PWRHYDGEOXX01,2036,2.7296
GLOBAL,PWRHYDGEOXX01,2037,2.7296
GLOBAL,PWRHYDGEOXX01,2038,2.7296
GLOBAL,PWRHYDGEOXX01,2039,2.7296
GLOBAL,PWRHYDGEOXX01,2040,2.7296
GLOBAL,PWRHYDGEOXX01,2041,2.7296
GLOBAL,PWRHYDGEOXX01,2042,2.7296
GLOBAL,PWRHYDGEOXX01,2043,2.7296
GLOBAL,PWRHYDGEOXX01,2044,2.7296
GLOBAL,PWRHYDGEOXX01,2045,2.7296
GLOBAL,PWRHYDGEOXX01,2046,2.7296
GLOBAL,PWRHYDGEOXX01,2047,2.7296
GLOBAL,PWRHYDGEOXX01,2048,2.7296
GLOBAL,PWRHYDGEOXX01,2049,2.7296
GLOBAL,PWRHYDGEOXX01,2050,2.7296
GLOBAL,PWROCGGEOXX00,2021,0.11
GLOBAL,PWROCGGEOXX00,2022,0.11
GLOBAL,PWROCGGEOXX00,2023,0.11
GLOBAL,PWROCGGEOXX00,2024,0.11
GLOBAL,PWROCGGEOXX00,2025,0.0
GLOBAL,PWROCGGEOXX00,2026,0.0
GLOBAL,PWROCGGEOXX00,2027,0.0
GLOBAL,PWROCGGEOXX00,2028,0.0
GLOBAL,PWROCGGEOXX00,2029,0.0
GLOBAL,PWROCGGEOXX00,2030,0.0
GLOBAL,PWROCGGEOXX00,2031,0.0
GLOBAL,PWROCGGEOXX00,2032,0.0
GLOBAL,PWROCGGEOXX00,2033,0.0
GLOBAL,PWROCGGEOXX00,2034,0.0
GLOBAL,PWROCGGEOXX00,2035,0.0
GLOBAL,PWROCGGEOXX00,2036,0.0
GLOBAL,PWROCGGEOXX00,2037,0.0
GLOBAL,PWROCGGEOXX00,2038,0.0
GLOBAL,PWROCGGEOXX00,2039,0.0
GLOBAL,PWROCGGEOXX00,2040,0.0
GLOBAL,PWROCGGEOXX00,2041,0.0
GLOBAL,PWROCGGEOXX00,2042,0.0
GLOBAL,PWROCGGEOXX00,2043,0.0
GLOBAL,PWROCGGEOXX00,2044,0.0
GLOBAL,PWROCGGEOXX00,2045,0.0
GLOBAL,PWROCGGEOXX00,2046,0.0
GLOBAL,PWROCGGEOXX00,2047,0.0
GLOBAL,PWROCGGEOXX00,2048,0.0
GLOBAL,PWROCGGEOXX00,2049,0.0
GLOBAL,PWROCGGEOXX00,2050,0.0
GLOBAL,PWRCCGGHAXX00,2021,1.251
GLOBAL,PWRCCGGHAXX00,2022,1.251
GLOBAL,PWRCCGGHAXX00,2023,1.251
GLOBAL,PWRCCGGHAXX00,2024,1.251
GLOBAL,PWRCCGGHAXX00,2025,0.16
GLOBAL,PWRCCGGHAXX00,2026,0.16
GLOBAL,PWRCCGGHAXX00,2027,0.16
GLOBAL,PWRCCGGHAXX00,2028,0.16
GLOBAL,PWRCCGGHAXX00,2029,0.16
GLOBAL,PWRCCGGHAXX00,2030,0.16
GLOBAL,PWRCCGGHAXX00,2031,0.16
GLOBAL,PWRCCGGHAXX00,2032,0.16
GLOBAL,PWRCCGGHAXX00,2033,0.16
GLOBAL,PWRCCGGHAXX00,2034,0.16
GLOBAL,PWRCCGGHAXX00,2035,0.16
GLOBAL,PWRCCGGHAXX00,2036,0.16
GLOBAL,PWRCCGGHAXX00,2037,0.16
GLOBAL,PWRCCGGHAXX00,2038,0.16
GLOBAL,PWRCCGGHAXX00,2039,0.0
GLOBAL,PWRCCGGHAXX00,2040,0.0
GLOBAL,PWRCCGGHAXX00,2041,0.0
GLOBAL,PWRCCGGHAXX00,2042,0.0
GLOBAL,PWRCCGGHAXX00,2043,0.0
GLOBAL,PWRCCGGHAXX00,2044,0.0
GLOBAL,PWRCCGGHAXX00,2045,0.0
GLOBAL,PWRCCGGHAXX00,2046,0.0
GLOBAL,PWRCCGGHAXX00,2047,0.0
GLOBAL,PWRCCGGHAXX00,2048,0.0
GLOBAL,PWRCCGGHAXX00,2049,0.0
GLOBAL,PWRCCGGHAXX00,2050,0.0
GLOBAL,PWRHYDGHAXX01,2021,1.598
GLOBAL,PWRHYDGHAXX01,2022,1.598
GLOBAL,PWRHYDGHAXX01,2023,1.598
GLOBAL,PWRHYDGHAXX01,2024,1.598
GLOBAL,PWRHYDGHAXX01,2025,1.598
GLOBAL,PWRHYDGHAXX01,2026,1.598
GLOBAL,PWRHYDGHAXX01,2027,1.598
GLOBAL,PWRHYDGHAXX01,2028,1.598
GLOBAL,PWRHYDGHAXX01,2029,1.598
GLOBAL,PWRHYDGHAXX01,2030,1.598
GLOBAL,PWRHYDGHAXX01,2031,1.598
GLOBAL,PWRHYDGHAXX01,2032,1.598
GLOBAL,PWRHYDGHAXX01,2033,1.598
GLOBAL,PWRHYDGHAXX01,2034,1.598
GLOBAL,PWRHYDGHAXX01,2035,1.598
GLOBAL,PWRHYDGHAXX01,2036,1.598
GLOBAL,PWRHYDGHAXX01,2037,1.598
GLOBAL,PWRHYDGHAXX01,2038,1.598
GLOBAL,PWRHYDGHAXX01,2039,1.598
GLOBAL,PWRHYDGHAXX01,2040,1.598
GLOBAL,PWRHYDGHAXX01,2041,1.598
GLOBAL,PWRHYDGHAXX01,2042,1.598
GLOBAL,PWRHYDGHAXX01,2043,1.598
GLOBAL,PWRHYDGHAXX01,2044,1.598
GLOBAL,PWRHYDGHAXX01,2045,1.598
GLOBAL,PWRHYDGHAXX01,2046,1.598
GLOBAL,PWRHYDGHAXX01,2047,1.598
GLOBAL,PWRHYDGHAXX01,2048,1.598
GLOBAL,PWRHYDGHAXX01,2049,1.598
GLOBAL,PWRHYDGHAXX01,2050,1.598
GLOBAL,PWRHYDGINXX01,2021,0.418
GLOBAL,PWRHYDGINXX01,2022,0.418
GLOBAL,PWRHYDGINXX01,2023,0.418
GLOBAL,PWRHYDGINXX01,2024,0.418
GLOBAL,PWRHYDGINXX01,2025,0.418
GLOBAL,PWRHYDGINXX01,2026,0.418
GLOBAL,PWRHYDGINXX01,2027,0.418
GLOBAL,PWRHYDGINXX01,2028,0.418
GLOBAL,PWRHYDGINXX01,2029,0.418
GLOBAL,PWRHYDGINXX01,2030,0.418
GLOBAL,PWRHYDGINXX01,2031,0.418
GLOBAL,PWRHYDGINXX01,2032,0.418
GLOBAL,PWRHYDGINXX01,2033,0.418
GLOBAL,PWRHYDGINXX01,2034,0.418
GLOBAL,PWRHYDGINXX01,2035,0.418
GLOBAL,PWRHYDGINXX01,2036,0.418
GLOBAL,PWRHYDGINXX01,2037,0.418
GLOBAL,PWRHYDGINXX01,2038,0.418
GLOBAL,PWRHYDGINXX01,2039,0.418
GLOBAL,PWRHYDGINXX01,2040,0.418
GLOBAL,PWRHYDGINXX01,2041,0.418
GLOBAL,PWRHYDGINXX01,2042,0.418
GLOBAL,PWRHYDGINXX01,2043,0.418
GLOBAL,PWRHYDGINXX01,2044,0.418
GLOBAL,PWRHYDGINXX01,2045,0.418
GLOBAL,PWRHYDGINXX01,2046,0.418
GLOBAL,PWRHYDGINXX01,2047,0.418
GLOBAL,PWRHYDGINXX01,2048,0.418
GLOBAL,PWRHYDGINXX01,2049,0.418
GLOBAL,PWRHYDGINXX01,2050,0.418
GLOBAL,PWROILGINXX01,2021,0.3699
GLOBAL,PWROILGINXX01,2022,0.3699
GLOBAL,PWROILGINXX01,2023,0.3699
GLOBAL,PWROILGINXX01,2024,0.3699
GLOBAL,PWROILGINXX01,2025,0.3699
GLOBAL,PWROILGINXX01,2026,0.3699
GLOBAL,PWROILGINXX01,2027,0.0
GLOBAL,PWROILGINXX01,2028,0.0
GLOBAL,PWROILGINXX01,2029,0.0
GLOBAL,PWROILGINXX01,2030,0.0
GLOBAL,PWROILGINXX01,2031,0.0
GLOBAL,PWROILGINXX01,2032,0.0
GLOBAL,PWROILGINXX01,2033,0.0
GLOBAL,PWROILGINXX01,2034,0.0
GLOBAL,PWROILGINXX01,2035,0.0
GLOBAL,PWROILGINXX01,2036,0.0
GLOBAL,PWROILGINXX01,2037,0.0
GLOBAL,PWROILGINXX01,2038,0.0
GLOBAL,PWROILGINXX01,2039,0.0
GLOBAL,PWROILGINXX01,2040,0.0
GLOBAL,PWROILGINXX01,2041,0.0
GLOBAL,PWROILGINXX01,2042,0.0
GLOBAL,PWROILGINXX01,2043,0.0
GLOBAL,PWROILGINXX01,2044,0.0
GLOBAL,PWROILGINXX01,2045,0.0
GLOBAL,PWROILGINXX01,2046,0.0
GLOBAL,PWROILGINXX01,2047,0.0
GLOBAL,PWROILGINXX01,2048,0.0
GLOBAL,PWROILGINXX01,2049,0.0
GLOBAL,PWROILGINXX01,2050,0.0
GLOBAL,PWROILGMBXX01,2021,0.07
GLOBAL,PWROILGMBXX01,2022,0.07
GLOBAL,PWROILGMBXX01,2023,0.07
GLOBAL,PWROILGMBXX01,2024,0.07
GLOBAL,PWROILGMBXX01,2025,0.07
GLOBAL,PWROILGMBXX01,2026,0.07
GLOBAL,PWROILGMBXX01,2027,0.0
GLOBAL,PWROILGMBXX01,2028,0.0
GLOBAL,PWROILGMBXX01,2029,0.0
GLOBAL,PWROILGMBXX01,2030,0.0
GLOBAL,PWROILGMBXX01,2031,0.0
GLOBAL,PWROILGMBXX01,2032,0.0
GLOBAL,PWROILGMBXX01,2033,0.0
GLOBAL,PWROILGMBXX01,2034,0.0
GLOBAL,PWROILGMBXX01,2035,0.0
GLOBAL,PWROILGMBXX01,2036,0.0
GLOBAL,PWROILGMBXX01,2037,0.0
GLOBAL,PWROILGMBXX01,2038,0.0
GLOBAL,PWROILGMBXX01,2039,0.0
GLOBAL,PWROILGMBXX01,2040,0.0
GLOBAL,PWROILGMBXX01,2041,0.0
GLOBAL,PWROILGMBXX01,2042,0.0
GLOBAL,PWROILGMBXX01,2043,0.0
GLOBAL,PWROILGMBXX01,2044,0.0
GLOBAL,PWROILGMBXX01,2045,0.0
GLOBAL,PWROILGMBXX01,2046,0.0
GLOBAL,PWROILGMBXX01,2047,0.0
GLOBAL,PWROILGMBXX01,2048,0.0
GLOBAL,PWROILGMBXX01,2049,0.0
GLOBAL,PWROILGMBXX01,2050,0.0
GLOBAL,PWROILGNBXX01,2021,0.018
GLOBAL,PWROILGNBXX01,2022,0.018
GLOBAL,PWROILGNBXX01,2023,0.018
GLOBAL,PWROILGNBXX01,2024,0.018
GLOBAL,PWROILGNBXX01,2025,0.018
GLOBAL,PWROILGNBXX01,2026,0.018
GLOBAL,PWROILGNBXX01,2027,0.0
GLOBAL,PWROILGNBXX01,2028,0.0
GLOBAL,PWROILGNBXX01,2029,0.0
GLOBAL,PWROILGNBXX01,2030,0.0
GLOBAL,PWROILGNBXX01,2031,0.0
GLOBAL,PWROILGNBXX01,2032,0.0
GLOBAL,PWROILGNBXX01,2033,0.0
GLOBAL,PWROILGNBXX01,2034,0.0
GLOBAL,PWROILGNBXX01,2035,0.0
GLOBAL,PWROILGNBXX01,2036,0.0
GLOBAL,PWROILGNBXX01,2037,0.0
GLOBAL,PWROILGNBXX01,2038,0.0
GLOBAL,PWROILGNBXX01,2039,0.0
GLOBAL,PWROILGNBXX01,2040,0.0
GLOBAL,PWROILGNBXX01,2041,0.0
GLOBAL,PWROILGNBXX01,2042,0.0
GLOBAL,PWROILGNBXX01,2043,0.0
GLOBAL,PWROILGNBXX01,2044,0.0
GLOBAL,PWROILGNBXX01,2045,0.0
GLOBAL,PWROILGNBXX01,2046,0.0
GLOBAL,PWROILGNBXX01,2047,0.0
GLOBAL,PWROILGNBXX01,2048,0.0
GLOBAL,PWROILGNBXX01,2049,0.0
GLOBAL,PWROILGNBXX01,2050,0.0
GLOBAL,PWRCCGGNQXX00,2021,0.1535
GLOBAL,PWRCCGGNQXX00,2022,0.1535
GLOBAL,PWRCCGGNQXX00,2023,0.1535
GLOBAL,PWRCCGGNQXX00,2024,0.1535
GLOBAL,PWRCCGGNQXX00,2025,0.0
GLOBAL,PWRCCGGNQXX00,2026,0.0
GLOBAL,PWRCCGGNQXX00,2027,0.0
GLOBAL,PWRCCGGNQXX00,2028,0.0
GLOBAL,PWRCCGGNQXX00,2029,0.0
GLOBAL,PWRCCGGNQXX00,2030,0.0
GLOBAL,PWRCCGGNQXX00,2031,0.0
GLOBAL,PWRCCGGNQXX00,2032,0.0
GLOBAL,PWRCCGGNQXX00,2033,0.0
GLOBAL,PWRCCGGNQXX00,2034,0.0
GLOBAL,PWRCCGGNQXX00,2035,0.0
GLOBAL,PWRCCGGNQXX00,2036,0.0
GLOBAL,PWRCCGGNQXX00,2037,0.0
GLOBAL,PWRCCGGNQXX00,2038,0.0
GLOBAL,PWRCCGGNQXX00,2039,0.0
GLOBAL,PWRCCGGNQXX00,2040,0.0
GLOBAL,PWRCCGGNQXX00,2041,0.0
GLOBAL,PWRCCGGNQXX00,2042,0.0
GLOBAL,PWRCCGGNQXX00,2043,0.0
GLOBAL,PWRCCGGNQXX00,2044,0.0
GLOBAL,PWRCCGGNQXX00,2045,0.0
GLOBAL,PWRCCGGNQXX00,2046,0.0
GLOBAL,PWRCCGGNQXX00,2047,0.0
GLOBAL,PWRCCGGNQXX00,2048,0.0
GLOBAL,PWRCCGGNQXX00,2049,0.0
GLOBAL,PWRCCGGNQXX00,2050,0.0
GLOBAL,PWRHYDGNQXX01,2021,0.15
GLOBAL,PWRHYDGNQXX01,2022,0.15
GLOBAL,PWRHYDGNQXX01,2023,0.15
GLOBAL,PWRHYDGNQXX01,2024,0.15
GLOBAL,PWRHYDGNQXX01,2025,0.15
GLOBAL,PWRHYDGNQXX01,2026,0.15
GLOBAL,PWRHYDGNQXX01,2027,0.15
GLOBAL,PWRHYDGNQXX01,2028,0.15
GLOBAL,PWRHYDGNQXX01,2029,0.15
GLOBAL,PWRHYDGNQXX01,2030,0.15
GLOBAL,PWRHYDGNQXX01,2031,0.15
GLOBAL,PWRHYDGNQXX01,2032,0.15
GLOBAL,PWRHYDGNQXX01,2033,0.15
GLOBAL,PWRHYDGNQXX01,2034,0.15
GLOBAL,PWRHYDGNQXX01,2035,0.15
GLOBAL,PWRHYDGNQXX01,2036,0.15
GLOBAL,PWRHYDGNQXX01,2037,0.15
GLOBAL,PWRHYDGNQXX01,2038,0.15
GLOBAL,PWRHYDGNQXX01,2039,0.15
GLOBAL,PWRHYDGNQXX01,2040,0.15
GLOBAL,PWRHYDGNQXX01,2041,0.15
GLOBAL,PWRHYDGNQXX01,2042,0.15
GLOBAL,PWRHYDGNQXX01,2043,0.15
GLOBAL,PWRHYDGNQXX01,2044,0.15
GLOBAL,PWRHYDGNQXX01,2045,0.15
GLOBAL,PWRHYDGNQXX01,2046,0.15
GLOBAL,PWRHYDGNQXX01,2047,0.15
GLOBAL,PWRHYDGNQXX01,2048,0.15
GLOBAL,PWRHYDGNQXX01,2049,0.15
GLOBAL,PWRHYDGNQXX01,2050,0.15
GLOBAL,PWROCGGNQXX00,2021,0.031
GLOBAL,PWROCGGNQXX00,2022,0.031
GLOBAL,PWROCGGNQXX00,2023,0.031
GLOBAL,PWROCGGNQXX00,2024,0.031
GLOBAL,PWROCGGNQXX00,2025,0.0
GLOBAL,PWROCGGNQXX00,2026,0.0
GLOBAL,PWROCGGNQXX00,2027,0.0
GLOBAL,PWROCGGNQXX00,2028,0.0
GLOBAL,PWROCGGNQXX00,2029,0.0
GLOBAL,PWROCGGNQXX00,2030,0.0
GLOBAL,PWROCGGNQXX00,2031,0.0
GLOBAL,PWROCGGNQXX00,2032,0.0
GLOBAL,PWROCGGNQXX00,2033,0.0
GLOBAL,PWROCGGNQXX00,2034,0.0
GLOBAL,PWROCGGNQXX00,2035,0.0
GLOBAL,PWROCGGNQXX00,2036,0.0
GLOBAL,PWROCGGNQXX00,2037,0.0
GLOBAL,PWROCGGNQXX00,2038,0.0
GLOBAL,PWROCGGNQXX00,2039,0.0
GLOBAL,PWROCGGNQXX00,2040,0.0
GLOBAL,PWROCGGNQXX00,2041,0.0
GLOBAL,PWROCGGNQXX00,2042,0.0
GLOBAL,PWROCGGNQXX00,2043,0.0
GLOBAL,PWROCGGNQXX00,2044,0.0
GLOBAL,PWROCGGNQXX00,2045,0.0
GLOBAL,PWROCGGNQXX00,2046,0.0
GLOBAL,PWROCGGNQXX00,2047,0.0
GLOBAL,PWROCGGNQXX00,2048,0.0
GLOBAL,PWROCGGNQXX00,2049,0.0
GLOBAL,PWROCGGNQXX00,2050,0.0
GLOBAL,PWRBIOGRCXX01,2021,0.07
GLOBAL,PWRBIOGRCXX01,2022,0.07
GLOBAL,PWRBIOGRCXX01,2023,0.07
GLOBAL,PWRBIOGRCXX01,2024,0.07
GLOBAL,PWRBIOGRCXX01,2025,0.07
GLOBAL,PWRBIOGRCXX01,2026,0.07
GLOBAL,PWRBIOGRCXX01,2027,0.07
GLOBAL,PWRBIOGRCXX01,2028,0.07
GLOBAL,PWRBIOGRCXX01,2029,0.07
GLOBAL,PWRBIOGRCXX01,2030,0.07
GLOBAL,PWRBIOGRCXX01,2031,0.07
GLOBAL,PWRBIOGRCXX01,2032,0.0
GLOBAL,PWRBIOGRCXX01,2033,0.0
GLOBAL,PWRBIOGRCXX01,2034,0.0
GLOBAL,PWRBIOGRCXX01,2035,0.0
GLOBAL,PWRBIOGRCXX01,2036,0.0
GLOBAL,PWRBIOGRCXX01,2037,0.0
GLOBAL,PWRBIOGRCXX01,2038,0.0
GLOBAL,PWRBIOGRCXX01,2039,0.0
GLOBAL,PWRBIOGRCXX01,2040,0.0
GLOBAL,PWRBIOGRCXX01,2041,0.0
GLOBAL,PWRBIOGRCXX01,2042,0.0
GLOBAL,PWRBIOGRCXX01,2043,0.0
GLOBAL,PWRBIOGRCXX01,2044,0.0
GLOBAL,PWRBIOGRCXX01,2045,0.0
GLOBAL,PWRBIOGRCXX01,2046,0.0
GLOBAL,PWRBIOGRCXX01,2047,0.0
GLOBAL,PWRBIOGRCXX01,2048,0.0
GLOBAL,PWRBIOGRCXX01,2049,0.0
GLOBAL,PWRBIOGRCXX01,2050,0.0
GLOBAL,PWRCCGGRCXX00,2021,5.208
GLOBAL,PWRCCGGRCXX00,2022,5.208
GLOBAL,PWRCCGGRCXX00,2023,5.208
GLOBAL,PWRCCGGRCXX00,2024,5.208
GLOBAL,PWRCCGGRCXX00,2025,2.746
GLOBAL,PWRCCGGRCXX00,2026,2.746
GLOBAL,PWRCCGGRCXX00,2027,2.746
GLOBAL,PWRCCGGRCXX00,2028,2.746
GLOBAL,PWRCCGGRCXX00,2029,2.612
GLOBAL,PWRCCGGRCXX00,2030,2.612
GLOBAL,PWRCCGGRCXX00,2031,2.612
GLOBAL,PWRCCGGRCXX00,2032,2.612
GLOBAL,PWRCCGGRCXX00,2033,2.126
GLOBAL,PWRCCGGRCXX00,2034,2.126
GLOBAL,PWRCCGGRCXX00,2035,2.126
GLOBAL,PWRCCGGRCXX00,2036,1.736
GLOBAL,PWRCCGGRCXX00,2037,1.736
GLOBAL,PWRCCGGRCXX00,2038,1.736
GLOBAL,PWRCCGGRCXX00,2039,1.736
GLOBAL,PWRCCGGRCXX00,2040,1.736
GLOBAL,PWRCCGGRCXX00,2041,0.882
GLOBAL,PWRCCGGRCXX00,2042,0.438
GLOBAL,PWRCCGGRCXX00,2043,0.0
GLOBAL,PWRCCGGRCXX00,2044,0.0
GLOBAL,PWRCCGGRCXX00,2045,0.0
GLOBAL,PWRCCGGRCXX00,2046,0.0
GLOBAL,PWRCCGGRCXX00,2047,0.0
GLOBAL,PWRCCGGRCXX00,2048,0.0
GLOBAL,PWRCCGGRCXX00,2049,0.0
GLOBAL,PWRCCGGRCXX00,2050,0.0
GLOBAL,PWRCOAGRCXX01,2021,4.997
GLOBAL,PWRCOAGRCXX01,2022,4.997
GLOBAL,PWRCOAGRCXX01,2023,4.997
GLOBAL,PWRCOAGRCXX01,2024,4.997
GLOBAL,PWRCOAGRCXX01,2025,4.997
GLOBAL,PWRCOAGRCXX01,2026,4.997
GLOBAL,PWRCOAGRCXX01,2027,4.997
GLOBAL,PWRCOAGRCXX01,2028,4.376
GLOBAL,PWRCOAGRCXX01,2029,4.376
GLOBAL,PWRCOAGRCXX01,2030,4.376
GLOBAL,PWRCOAGRCXX01,2031,4.376
GLOBAL,PWRCOAGRCXX01,2032,4.376
GLOBAL,PWRCOAGRCXX01,2033,4.376
GLOBAL,PWRCOAGRCXX01,2034,0.0
GLOBAL,PWRCOAGRCXX01,2035,0.0
GLOBAL,PWRCOAGRCXX01,2036,0.0
GLOBAL,PWRCOAGRCXX01,2037,0.0
GLOBAL,PWRCOAGRCXX01,2038,0.0
GLOBAL,PWRCOAGRCXX01,2039,0.0
GLOBAL,PWRCOAGRCXX01,2040,0.0
GLOBAL,PWRCOAGRCXX01,2041,0.0
GLOBAL,PWRCOAGRCXX01,2042,0.0
GLOBAL,PWRCOAGRCXX01,2043,0.0
GLOBAL,PWRCOAGRCXX01,2044,0.0
GLOBAL,PWRCOAGRCXX01,2045,0.0
GLOBAL,PWRCOAGRCXX01,2046,0.0
GLOBAL,PWRCOAGRCXX01,2047,0.0
GLOBAL,PWRCOAGRCXX01,2048,0.0
GLOBAL,PWRCOAGRCXX01,2049,0.0
GLOBAL,PWRCOAGRCXX01,2050,0.0
GLOBAL,PWRHYDGRCXX01,2021,3.502
GLOBAL,PWRHYDGRCXX01,2022,3.502
GLOBAL,PWRHYDGRCXX01,2023,3.502
GLOBAL,PWRHYDGRCXX01,2024,3.502
GLOBAL,PWRHYDGRCXX01,2025,3.502
GLOBAL,PWRHYDGRCXX01,2026,3.502
GLOBAL,PWRHYDGRCXX01,2027,3.502
GLOBAL,PWRHYDGRCXX01,2028,3.502
GLOBAL,PWRHYDGRCXX01,2029,3.502
GLOBAL,PWRHYDGRCXX01,2030,3.502
GLOBAL,PWRHYDGRCXX01,2031,3.502
GLOBAL,PWRHYDGRCXX01,2032,3.502
GLOBAL,PWRHYDGRCXX01,2033,3.502
GLOBAL,PWRHYDGRCXX01,2034,3.502
GLOBAL,PWRHYDGRCXX01,2035,3.502
GLOBAL,PWRHYDGRCXX01,2036,3.502
GLOBAL,PWRHYDGRCXX01,2037,3.502
GLOBAL,PWRHYDGRCXX01,2038,3.502
GLOBAL,PWRHYDGRCXX01,2039,3.502
GLOBAL,PWRHYDGRCXX01,2040,3.502
GLOBAL,PWRHYDGRCXX01,2041,3.502
GLOBAL,PWRHYDGRCXX01,2042,3.502
GLOBAL,PWRHYDGRCXX01,2043,3.502
GLOBAL,PWRHYDGRCXX01,2044,3.502
GLOBAL,PWRHYDGRCXX01,2045,3.502
GLOBAL,PWRHYDGRCXX01,2046,3.502
GLOBAL,PWRHYDGRCXX01,2047,3.502
GLOBAL,PWRHYDGRCXX01,2048,3.502
GLOBAL,PWRHYDGRCXX01,2049,3.502
GLOBAL,PWRHYDGRCXX01,2050,3.502
GLOBAL,PWROILGRCXX01,2021,0.718
GLOBAL,PWROILGRCXX01,2022,0.718
GLOBAL,PWROILGRCXX01,2023,0.718
GLOBAL,PWROILGRCXX01,2024,0.718
GLOBAL,PWROILGRCXX01,2025,0.718
GLOBAL,PWROILGRCXX01,2026,0.718
GLOBAL,PWROILGRCXX01,2027,0.0
GLOBAL,PWROILGRCXX01,2028,0.0
GLOBAL,PWROILGRCXX01,2029,0.0
GLOBAL,PWROILGRCXX01,2030,0.0
GLOBAL,PWROILGRCXX01,2031,0.0
GLOBAL,PWROILGRCXX01,2032,0.0
GLOBAL,PWROILGRCXX01,2033,0.0
GLOBAL,PWROILGRCXX01,2034,0.0
GLOBAL,PWROILGRCXX01,2035,0.0
GLOBAL,PWROILGRCXX01,2036,0.0
GLOBAL,PWROILGRCXX01,2037,0.0
GLOBAL,PWROILGRCXX01,2038,0.0
GLOBAL,PWROILGRCXX01,2039,0.0
GLOBAL,PWROILGRCXX01,2040,0.0
GLOBAL,PWROILGRCXX01,2041,0.0
GLOBAL,PWROILGRCXX01,2042,0.0
GLOBAL,PWROILGRCXX01,2043,0.0
GLOBAL,PWROILGRCXX01,2044,0.0
GLOBAL,PWROILGRCXX01,2045,0.0
GLOBAL,PWROILGRCXX01,2046,0.0
GLOBAL,PWROILGRCXX01,2047,0.0
GLOBAL,PWROILGRCXX01,2048,0.0
GLOBAL,PWROILGRCXX01,2049,0.0
GLOBAL,PWROILGRCXX01,2050,0.0
GLOBAL,PWRSPVGRCXX01,2021,2.6054
GLOBAL,PWRSPVGRCXX01,2022,2.6054
GLOBAL,PWRSPVGRCXX01,2023,2.6054
GLOBAL,PWRSPVGRCXX01,2024,2.6054
GLOBAL,PWRSPVGRCXX01,2025,2.6054
GLOBAL,PWRSPVGRCXX01,2026,2.6054
GLOBAL,PWRSPVGRCXX01,2027,2.6054
GLOBAL,PWRSPVGRCXX01,2028,2.6054
GLOBAL,PWRSPVGRCXX01,2029,2.6054
GLOBAL,PWRSPVGRCXX01,2030,2.6054
GLOBAL,PWRSPVGRCXX01,2031,2.6054
GLOBAL,PWRSPVGRCXX01,2032,2.6054
GLOBAL,PWRSPVGRCXX01,2033,2.6054
GLOBAL,PWRSPVGRCXX01,2034,2.6054
GLOBAL,PWRSPVGRCXX01,2035,2.6054
GLOBAL,PWRSPVGRCXX01,2036,2.6054
GLOBAL,PWRSPVGRCXX01,2037,2.6054
GLOBAL,PWRSPVGRCXX01,2038,2.6054
GLOBAL,PWRSPVGRCXX01,2039,2.6054
GLOBAL,PWRSPVGRCXX01,2040,2.6054
GLOBAL,PWRSPVGRCXX01,2041,2.6054
GLOBAL,PWRSPVGRCXX01,2042,2.6054
GLOBAL,PWRSPVGRCXX01,2043,2.6054
GLOBAL,PWRSPVGRCXX01,2044,2.6054
GLOBAL,PWRSPVGRCXX01,2045,0.0
GLOBAL,PWRSPVGRCXX01,2046,0.0
GLOBAL,PWRSPVGRCXX01,2047,0.0
GLOBAL,PWRSPVGRCXX01,2048,0.0
GLOBAL,PWRSPVGRCXX01,2049,0.0
GLOBAL,PWRSPVGRCXX01,2050,0.0
GLOBAL,PWRWASGRCXX01,2021,0.024
GLOBAL,PWRWASGRCXX01,2022,0.024
GLOBAL,PWRWASGRCXX01,2023,0.024
GLOBAL,PWRWASGRCXX01,2024,0.024
GLOBAL,PWRWASGRCXX01,2025,0.024
GLOBAL,PWRWASGRCXX01,2026,0.024
GLOBAL,PWRWASGRCXX01,2027,0.024
GLOBAL,PWRWASGRCXX01,2028,0.024
GLOBAL,PWRWASGRCXX01,2029,0.024
GLOBAL,PWRWASGRCXX01,2030,0.024
GLOBAL,PWRWASGRCXX01,2031,0.024
GLOBAL,PWRWASGRCXX01,2032,0.0
GLOBAL,PWRWASGRCXX01,2033,0.0
GLOBAL,PWRWASGRCXX01,2034,0.0
GLOBAL,PWRWASGRCXX01,2035,0.0
GLOBAL,PWRWASGRCXX01,2036,0.0
GLOBAL,PWRWASGRCXX01,2037,0.0
GLOBAL,PWRWASGRCXX01,2038,0.0
GLOBAL,PWRWASGRCXX01,2039,0.0
GLOBAL,PWRWASGRCXX01,2040,0.0
GLOBAL,PWRWASGRCXX01,2041,0.0
GLOBAL,PWRWASGRCXX01,2042,0.0
GLOBAL,PWRWASGRCXX01,2043,0.0
GLOBAL,PWRWASGRCXX01,2044,0.0
GLOBAL,PWRWASGRCXX01,2045,0.0
GLOBAL,PWRWASGRCXX01,2046,0.0
GLOBAL,PWRWASGRCXX01,2047,0.0
GLOBAL,PWRWASGRCXX01,2048,0.0
GLOBAL,PWRWASGRCXX01,2049,0.0
GLOBAL,PWRWASGRCXX01,2050,0.0
GLOBAL,PWRWONGRCXX01,2021,2.0901
GLOBAL,PWRWONGRCXX01,2022,2.0901
GLOBAL,PWRWONGRCXX01,2023,2.0901
GLOBAL,PWRWONGRCXX01,2024,2.0901
GLOBAL,PWRWONGRCXX01,2025,2.0901
GLOBAL,PWRWONGRCXX01,2026,2.0901
GLOBAL,PWRWONGRCXX01,2027,2.0901
GLOBAL,PWRWONGRCXX01,2028,2.0901
GLOBAL,PWRWONGRCXX01,2029,2.0901
GLOBAL,PWRWONGRCXX01,2030,2.0901
GLOBAL,PWRWONGRCXX01,2031,2.0571
GLOBAL,PWRWONGRCXX01,2032,2.041
GLOBAL,PWRWONGRCXX01,2033,2.041
GLOBAL,PWRWONGRCXX01,2034,2.041
GLOBAL,PWRWONGRCXX01,2035,2.041
GLOBAL,PWRWONGRCXX01,2036,2.015
GLOBAL,PWRWONGRCXX01,2037,1.962
GLOBAL,PWRWONGRCXX01,2038,1.962
GLOBAL,PWRWONGRCXX01,2039,1.962
GLOBAL,PWRWONGRCXX01,2040,0.086
GLOBAL,PWRWONGRCXX01,2041,0.086
GLOBAL,PWRWONGRCXX01,2042,0.074
GLOBAL,PWRWONGRCXX01,2043,0.074
GLOBAL,PWRWONGRCXX01,2044,0.074
GLOBAL,PWRWONGRCXX01,2045,0.024
GLOBAL,PWRWONGRCXX01,2046,0.0
GLOBAL,PWRWONGRCXX01,2047,0.0
GLOBAL,PWRWONGRCXX01,2048,0.0
GLOBAL,PWRWONGRCXX01,2049,0.0
GLOBAL,PWRWONGRCXX01,2050,0.0
GLOBAL,PWRBIOGTMXX01,2021,0.881
GLOBAL,PWRBIOGTMXX01,2022,0.799
GLOBAL,PWRBIOGTMXX01,2023,0.799
GLOBAL,PWRBIOGTMXX01,2024,0.799
GLOBAL,PWRBIOGTMXX01,2025,0.626
GLOBAL,PWRBIOGTMXX01,2026,0.548
GLOBAL,PWRBIOGTMXX01,2027,0.52
GLOBAL,PWRBIOGTMXX01,2028,0.52
GLOBAL,PWRBIOGTMXX01,2029,0.52
GLOBAL,PWRBIOGTMXX01,2030,0.52
GLOBAL,PWRBIOGTMXX01,2031,0.52
GLOBAL,PWRBIOGTMXX01,2032,0.47
GLOBAL,PWRBIOGTMXX01,2033,0.47
GLOBAL,PWRBIOGTMXX01,2034,0.47
GLOBAL,PWRBIOGTMXX01,2035,0.465
GLOBAL,PWRBIOGTMXX01,2036,0.465
GLOBAL,PWRBIOGTMXX01,2037,0.465
GLOBAL,PWRBIOGTMXX01,2038,0.465
GLOBAL,PWRBIOGTMXX01,2039,0.465
GLOBAL,PWRBIOGTMXX01,2040,0.465
GLOBAL,PWRBIOGTMXX01,2041,0.36
GLOBAL,PWRBIOGTMXX01,2042,0.273
GLOBAL,PWRBIOGTMXX01,2043,0.24
GLOBAL,PWRBIOGTMXX01,2044,0.24
GLOBAL,PWRBIOGTMXX01,2045,0.0
GLOBAL,PWRBIOGTMXX01,2046,0.0
GLOBAL,PWRBIOGTMXX01,2047,0.0
GLOBAL,PWRBIOGTMXX01,2048,0.0
GLOBAL,PWRBIOGTMXX01,2049,0.0
GLOBAL,PWRBIOGTMXX01,2050,0.0
GLOBAL,PWRCOAGTMXX01,2021,0.6423
GLOBAL,PWRCOAGTMXX01,2022,0.6423
GLOBAL,PWRCOAGTMXX01,2023,0.6423
GLOBAL,PWRCOAGTMXX01,2024,0.6423
GLOBAL,PWRCOAGTMXX01,2025,0.6423
GLOBAL,PWRCOAGTMXX01,2026,0.6423
GLOBAL,PWRCOAGTMXX01,2027,0.6423
GLOBAL,PWRCOAGTMXX01,2028,0.572
GLOBAL,PWRCOAGTMXX01,2029,0.572
GLOBAL,PWRCOAGTMXX01,2030,0.572
GLOBAL,PWRCOAGTMXX01,2031,0.433
GLOBAL,PWRCOAGTMXX01,2032,0.433
GLOBAL,PWRCOAGTMXX01,2033,0.433
GLOBAL,PWRCOAGTMXX01,2034,0.433
GLOBAL,PWRCOAGTMXX01,2035,0.433
GLOBAL,PWRCOAGTMXX01,2036,0.433
GLOBAL,PWRCOAGTMXX01,2037,0.433
GLOBAL,PWRCOAGTMXX01,2038,0.433
GLOBAL,PWRCOAGTMXX01,2039,0.413
GLOBAL,PWRCOAGTMXX01,2040,0.413
GLOBAL,PWRCOAGTMXX01,2041,0.413
GLOBAL,PWRCOAGTMXX01,2042,0.413
GLOBAL,PWRCOAGTMXX01,2043,0.33
GLOBAL,PWRCOAGTMXX01,2044,0.3
GLOBAL,PWRCOAGTMXX01,2045,0.3
GLOBAL,PWRCOAGTMXX01,2046,0.3
GLOBAL,PWRCOAGTMXX01,2047,0.0
GLOBAL,PWRCOAGTMXX01,2048,0.0
GLOBAL,PWRCOAGTMXX01,2049,0.0
GLOBAL,PWRCOAGTMXX01,2050,0.0
GLOBAL,PWRGEOGTMXX01,2021,0.054
GLOBAL,PWRGEOGTMXX01,2022,0.054
GLOBAL,PWRGEOGTMXX01,2023,0.054
GLOBAL,PWRGEOGTMXX01,2024,0.054
GLOBAL,PWRGEOGTMXX01,2025,0.054
GLOBAL,PWRGEOGTMXX01,2026,0.054
GLOBAL,PWRGEOGTMXX01,2027,0.054
GLOBAL,PWRGEOGTMXX01,2028,0.054
GLOBAL,PWRGEOGTMXX01,2029,0.054
GLOBAL,PWRGEOGTMXX01,2030,0.025
GLOBAL,PWRGEOGTMXX01,2031,0.025
GLOBAL,PWRGEOGTMXX01,2032,0.025
GLOBAL,PWRGEOGTMXX01,2033,0.025
GLOBAL,PWRGEOGTMXX01,2034,0.025
GLOBAL,PWRGEOGTMXX01,2035,0.025
GLOBAL,PWRGEOGTMXX01,2036,0.025
GLOBAL,PWRGEOGTMXX01,2037,0.025
GLOBAL,PWRGEOGTMXX01,2038,0.0
GLOBAL,PWRGEOGTMXX01,2039,0.0
GLOBAL,PWRGEOGTMXX01,2040,0.0
GLOBAL,PWRGEOGTMXX01,2041,0.0
GLOBAL,PWRGEOGTMXX01,2042,0.0
GLOBAL,PWRGEOGTMXX01,2043,0.0
GLOBAL,PWRGEOGTMXX01,2044,0.0
GLOBAL,PWRGEOGTMXX01,2045,0.0
GLOBAL,PWRGEOGTMXX01,2046,0.0
GLOBAL,PWRGEOGTMXX01,2047,0.0
GLOBAL,PWRGEOGTMXX01,2048,0.0
GLOBAL,PWRGEOGTMXX01,2049,0.0
GLOBAL,PWRGEOGTMXX01,2050,0.0
GLOBAL,PWRHYDGTMXX01,2021,1.0424
GLOBAL,PWRHYDGTMXX01,2022,1.0424
GLOBAL,PWRHYDGTMXX01,2023,1.0424
GLOBAL,PWRHYDGTMXX01,2024,1.0424
GLOBAL,PWRHYDGTMXX01,2025,1.0424
GLOBAL,PWRHYDGTMXX01,2026,1.0424
GLOBAL,PWRHYDGTMXX01,2027,1.0424
GLOBAL,PWRHYDGTMXX01,2028,1.0424
GLOBAL,PWRHYDGTMXX01,2029,1.0424
GLOBAL,PWRHYDGTMXX01,2030,1.0424
GLOBAL,PWRHYDGTMXX01,2031,1.0424
GLOBAL,PWRHYDGTMXX01,2032,1.0424
GLOBAL,PWRHYDGTMXX01,2033,1.0424
GLOBAL,PWRHYDGTMXX01,2034,1.0424
GLOBAL,PWRHYDGTMXX01,2035,1.0424
GLOBAL,PWRHYDGTMXX01,2036,1.0424
GLOBAL,PWRHYDGTMXX01,2037,1.0424
GLOBAL,PWRHYDGTMXX01,2038,1.0424
GLOBAL,PWRHYDGTMXX01,2039,1.0404
GLOBAL,PWRHYDGTMXX01,2040,1.0404
GLOBAL,PWRHYDGTMXX01,2041,1.0404
GLOBAL,PWRHYDGTMXX01,2042,1.0404
GLOBAL,PWRHYDGTMXX01,2043,1.0404
GLOBAL,PWRHYDGTMXX01,2044,1.0404
GLOBAL,PWRHYDGTMXX01,2045,1.0404
GLOBAL,PWRHYDGTMXX01,2046,1.0404
GLOBAL,PWRHYDGTMXX01,2047,1.0404
GLOBAL,PWRHYDGTMXX01,2048,1.0404
GLOBAL,PWRHYDGTMXX01,2049,1.0404
GLOBAL,PWRHYDGTMXX01,2050,1.0404
GLOBAL,PWROILGTMXX01,2021,1.2381
GLOBAL,PWROILGTMXX01,2022,1.2381
GLOBAL,PWROILGTMXX01,2023,1.2381
GLOBAL,PWROILGTMXX01,2024,1.2381
GLOBAL,PWROILGTMXX01,2025,1.2381
GLOBAL,PWROILGTMXX01,2026,1.1871
GLOBAL,PWROILGTMXX01,2027,0.58
GLOBAL,PWROILGTMXX01,2028,0.58
GLOBAL,PWROILGTMXX01,2029,0.435
GLOBAL,PWROILGTMXX01,2030,0.435
GLOBAL,PWROILGTMXX01,2031,0.306
GLOBAL,PWROILGTMXX01,2032,0.306
GLOBAL,PWROILGTMXX01,2033,0.306
GLOBAL,PWROILGTMXX01,2034,0.248
GLOBAL,PWROILGTMXX01,2035,0.248
GLOBAL,PWROILGTMXX01,2036,0.248
GLOBAL,PWROILGTMXX01,2037,0.248
GLOBAL,PWROILGTMXX01,2038,0.194
GLOBAL,PWROILGTMXX01,2039,0.024
GLOBAL,PWROILGTMXX01,2040,0.024
GLOBAL,PWROILGTMXX01,2041,0.024
GLOBAL,PWROILGTMXX01,2042,0.024
GLOBAL,PWROILGTMXX01,2043,0.024
GLOBAL,PWROILGTMXX01,2044,0.0
GLOBAL,PWROILGTMXX01,2045,0.0
GLOBAL,PWROILGTMXX01,2046,0.0
GLOBAL,PWROILGTMXX01,2047,0.0
GLOBAL,PWROILGTMXX01,2048,0.0
GLOBAL,PWROILGTMXX01,2049,0.0
GLOBAL,PWROILGTMXX01,2050,0.0
GLOBAL,PWRSPVGTMXX01,2021,0.085
GLOBAL,PWRSPVGTMXX01,2022,0.085
GLOBAL,PWRSPVGTMXX01,2023,0.085
GLOBAL,PWRSPVGTMXX01,2024,0.085
GLOBAL,PWRSPVGTMXX01,2025,0.085
GLOBAL,PWRSPVGTMXX01,2026,0.085
GLOBAL,PWRSPVGTMXX01,2027,0.085
GLOBAL,PWRSPVGTMXX01,2028,0.085
GLOBAL,PWRSPVGTMXX01,2029,0.085
GLOBAL,PWRSPVGTMXX01,2030,0.085
GLOBAL,PWRSPVGTMXX01,2031,0.085
GLOBAL,PWRSPVGTMXX01,2032,0.085
GLOBAL,PWRSPVGTMXX01,2033,0.085
GLOBAL,PWRSPVGTMXX01,2034,0.085
GLOBAL,PWRSPVGTMXX01,2035,0.085
GLOBAL,PWRSPVGTMXX01,2036,0.085
GLOBAL,PWRSPVGTMXX01,2037,0.085
GLOBAL,PWRSPVGTMXX01,2038,0.085
GLOBAL,PWRSPVGTMXX01,2039,0.085
GLOBAL,PWRSPVGTMXX01,2040,0.085
GLOBAL,PWRSPVGTMXX01,2041,0.085
GLOBAL,PWRSPVGTMXX01,2042,0.085
GLOBAL,PWRSPVGTMXX01,2043,0.085
GLOBAL,PWRSPVGTMXX01,2044,0.085
GLOBAL,PWRSPVGTMXX01,2045,0.08
GLOBAL,PWRSPVGTMXX01,2046,0.0
GLOBAL,PWRSPVGTMXX01,2047,0.0
GLOBAL,PWRSPVGTMXX01,2048,0.0
GLOBAL,PWRSPVGTMXX01,2049,0.0
GLOBAL,PWRSPVGTMXX01,2050,0.0
GLOBAL,PWRWASGTMXX01,2021,0.006
GLOBAL,PWRWASGTMXX01,2022,0.006
GLOBAL,PWRWASGTMXX01,2023,0.006
GLOBAL,PWRWASGTMXX01,2024,0.006
GLOBAL,PWRWASGTMXX01,2025,0.006
GLOBAL,PWRWASGTMXX01,2026,0.006
GLOBAL,PWRWASGTMXX01,2027,0.006
GLOBAL,PWRWASGTMXX01,2028,0.006
GLOBAL,PWRWASGTMXX01,2029,0.006
GLOBAL,PWRWASGTMXX01,2030,0.006
GLOBAL,PWRWASGTMXX01,2031,0.006
GLOBAL,PWRWASGTMXX01,2032,0.006
GLOBAL,PWRWASGTMXX01,2033,0.006
GLOBAL,PWRWASGTMXX01,2034,0.006
GLOBAL,PWRWASGTMXX01,2035,0.006
GLOBAL,PWRWASGTMXX01,2036,0.006
GLOBAL,PWRWASGTMXX01,2037,0.006
GLOBAL,PWRWASGTMXX01,2038,0.006
GLOBAL,PWRWASGTMXX01,2039,0.006
GLOBAL,PWRWASGTMXX01,2040,0.006
GLOBAL,PWRWASGTMXX01,2041,0.006
GLOBAL,PWRWASGTMXX01,2042,0.006
GLOBAL,PWRWASGTMXX01,2043,0.006
GLOBAL,PWRWASGTMXX01,2044,0.006
GLOBAL,PWRWASGTMXX01,2045,0.006
GLOBAL,PWRWASGTMXX01,2046,0.0
GLOBAL,PWRWASGTMXX01,2047,0.0
GLOBAL,PWRWASGTMXX01,2048,0.0
GLOBAL,PWRWASGTMXX01,2049,0.0
GLOBAL,PWRWASGTMXX01,2050,0.0
GLOBAL,PWRWONGTMXX01,2021,0.071
GLOBAL,PWRWONGTMXX01,2022,0.071
GLOBAL,PWRWONGTMXX01,2023,0.071
GLOBAL,PWRWONGTMXX01,2024,0.071
GLOBAL,PWRWONGTMXX01,2025,0.071
GLOBAL,PWRWONGTMXX01,2026,0.071
GLOBAL,PWRWONGTMXX01,2027,0.071
GLOBAL,PWRWONGTMXX01,2028,0.071
GLOBAL,PWRWONGTMXX01,2029,0.071
GLOBAL,PWRWONGTMXX01,2030,0.071
GLOBAL,PWRWONGTMXX01,2031,0.071
GLOBAL,PWRWONGTMXX01,2032,0.071
GLOBAL,PWRWONGTMXX01,2033,0.071
GLOBAL,PWRWONGTMXX01,2034,0.071
GLOBAL,PWRWONGTMXX01,2035,0.071
GLOBAL,PWRWONGTMXX01,2036,0.071
GLOBAL,PWRWONGTMXX01,2037,0.071
GLOBAL,PWRWONGTMXX01,2038,0.071
GLOBAL,PWRWONGTMXX01,2039,0.071
GLOBAL,PWRWONGTMXX01,2040,0.071
GLOBAL,PWRWONGTMXX01,2041,0.071
GLOBAL,PWRWONGTMXX01,2042,0.071
GLOBAL,PWRWONGTMXX01,2043,0.071
GLOBAL,PWRWONGTMXX01,2044,0.071
GLOBAL,PWRWONGTMXX01,2045,0.071
GLOBAL,PWRWONGTMXX01,2046,0.0
GLOBAL,PWRWONGTMXX01,2047,0.0
GLOBAL,PWRWONGTMXX01,2048,0.0
GLOBAL,PWRWONGTMXX01,2049,0.0
GLOBAL,PWRWONGTMXX01,2050,0.0
GLOBAL,PWRBIOGUFXX01,2021,0.002
GLOBAL,PWRBIOGUFXX01,2022,0.002
GLOBAL,PWRBIOGUFXX01,2023,0.002
GLOBAL,PWRBIOGUFXX01,2024,0.002
GLOBAL,PWRBIOGUFXX01,2025,0.002
GLOBAL,PWRBIOGUFXX01,2026,0.002
GLOBAL,PWRBIOGUFXX01,2027,0.002
GLOBAL,PWRBIOGUFXX01,2028,0.002
GLOBAL,PWRBIOGUFXX01,2029,0.002
GLOBAL,PWRBIOGUFXX01,2030,0.002
GLOBAL,PWRBIOGUFXX01,2031,0.002
GLOBAL,PWRBIOGUFXX01,2032,0.0
GLOBAL,PWRBIOGUFXX01,2033,0.0
GLOBAL,PWRBIOGUFXX01,2034,0.0
GLOBAL,PWRBIOGUFXX01,2035,0.0
GLOBAL,PWRBIOGUFXX01,2036,0.0
GLOBAL,PWRBIOGUFXX01,2037,0.0
GLOBAL,PWRBIOGUFXX01,2038,0.0
GLOBAL,PWRBIOGUFXX01,2039,0.0
GLOBAL,PWRBIOGUFXX01,2040,0.0
GLOBAL,PWRBIOGUFXX01,2041,0.0
GLOBAL,PWRBIOGUFXX01,2042,0.0
GLOBAL,PWRBIOGUFXX01,2043,0.0
GLOBAL,PWRBIOGUFXX01,2044,0.0
GLOBAL,PWRBIOGUFXX01,2045,0.0
GLOBAL,PWRBIOGUFXX01,2046,0.0
GLOBAL,PWRBIOGUFXX01,2047,0.0
GLOBAL,PWRBIOGUFXX01,2048,0.0
GLOBAL,PWRBIOGUFXX01,2049,0.0
GLOBAL,PWRBIOGUFXX01,2050,0.0
GLOBAL,PWRHYDGUFXX01,2021,0.114
GLOBAL,PWRHYDGUFXX01,2022,0.114
GLOBAL,PWRHYDGUFXX01,2023,0.114
GLOBAL,PWRHYDGUFXX01,2024,0.114
GLOBAL,PWRHYDGUFXX01,2025,0.114
GLOBAL,PWRHYDGUFXX01,2026,0.114
GLOBAL,PWRHYDGUFXX01,2027,0.114
GLOBAL,PWRHYDGUFXX01,2028,0.114
GLOBAL,PWRHYDGUFXX01,2029,0.114
GLOBAL,PWRHYDGUFXX01,2030,0.114
GLOBAL,PWRHYDGUFXX01,2031,0.114
GLOBAL,PWRHYDGUFXX01,2032,0.114
GLOBAL,PWRHYDGUFXX01,2033,0.114
GLOBAL,PWRHYDGUFXX01,2034,0.114
GLOBAL,PWRHYDGUFXX01,2035,0.114
GLOBAL,PWRHYDGUFXX01,2036,0.114
GLOBAL,PWRHYDGUFXX01,2037,0.114
GLOBAL,PWRHYDGUFXX01,2038,0.114
GLOBAL,PWRHYDGUFXX01,2039,0.114
GLOBAL,PWRHYDGUFXX01,2040,0.114
GLOBAL,PWRHYDGUFXX01,2041,0.114
GLOBAL,PWRHYDGUFXX01,2042,0.114
GLOBAL,PWRHYDGUFXX01,2043,0.114
GLOBAL,PWRHYDGUFXX01,2044,0.114
GLOBAL,PWRHYDGUFXX01,2045,0.114
GLOBAL,PWRHYDGUFXX01,2046,0.114
GLOBAL,PWRHYDGUFXX01,2047,0.114
GLOBAL,PWRHYDGUFXX01,2048,0.114
GLOBAL,PWRHYDGUFXX01,2049,0.114
GLOBAL,PWRHYDGUFXX01,2050,0.114
GLOBAL,PWROCGGUFXX00,2021,0.092
GLOBAL,PWROCGGUFXX00,2022,0.092
GLOBAL,PWROCGGUFXX00,2023,0.092
GLOBAL,PWROCGGUFXX00,2024,0.092
GLOBAL,PWROCGGUFXX00,2025,0.0
GLOBAL,PWROCGGUFXX00,2026,0.0
GLOBAL,PWROCGGUFXX00,2027,0.0
GLOBAL,PWROCGGUFXX00,2028,0.0
GLOBAL,PWROCGGUFXX00,2029,0.0
GLOBAL,PWROCGGUFXX00,2030,0.0
GLOBAL,PWROCGGUFXX00,2031,0.0
GLOBAL,PWROCGGUFXX00,2032,0.0
GLOBAL,PWROCGGUFXX00,2033,0.0
GLOBAL,PWROCGGUFXX00,2034,0.0
GLOBAL,PWROCGGUFXX00,2035,0.0
GLOBAL,PWROCGGUFXX00,2036,0.0
GLOBAL,PWROCGGUFXX00,2037,0.0
GLOBAL,PWROCGGUFXX00,2038,0.0
GLOBAL,PWROCGGUFXX00,2039,0.0
GLOBAL,PWROCGGUFXX00,2040,0.0
GLOBAL,PWROCGGUFXX00,2041,0.0
GLOBAL,PWROCGGUFXX00,2042,0.0
GLOBAL,PWROCGGUFXX00,2043,0.0
GLOBAL,PWROCGGUFXX00,2044,0.0
GLOBAL,PWROCGGUFXX00,2045,0.0
GLOBAL,PWROCGGUFXX00,2046,0.0
GLOBAL,PWROCGGUFXX00,2047,0.0
GLOBAL,PWROCGGUFXX00,2048,0.0
GLOBAL,PWROCGGUFXX00,2049,0.0
GLOBAL,PWROCGGUFXX00,2050,0.0
GLOBAL,PWROILGUFXX01,2021,0.04
GLOBAL,PWROILGUFXX01,2022,0.04
GLOBAL,PWROILGUFXX01,2023,0.04
GLOBAL,PWROILGUFXX01,2024,0.04
GLOBAL,PWROILGUFXX01,2025,0.04
GLOBAL,PWROILGUFXX01,2026,0.04
GLOBAL,PWROILGUFXX01,2027,0.0
GLOBAL,PWROILGUFXX01,2028,0.0
GLOBAL,PWROILGUFXX01,2029,0.0
GLOBAL,PWROILGUFXX01,2030,0.0
GLOBAL,PWROILGUFXX01,2031,0.0
GLOBAL,PWROILGUFXX01,2032,0.0
GLOBAL,PWROILGUFXX01,2033,0.0
GLOBAL,PWROILGUFXX01,2034,0.0
GLOBAL,PWROILGUFXX01,2035,0.0
GLOBAL,PWROILGUFXX01,2036,0.0
GLOBAL,PWROILGUFXX01,2037,0.0
GLOBAL,PWROILGUFXX01,2038,0.0
GLOBAL,PWROILGUFXX01,2039,0.0
GLOBAL,PWROILGUFXX01,2040,0.0
GLOBAL,PWROILGUFXX01,2041,0.0
GLOBAL,PWROILGUFXX01,2042,0.0
GLOBAL,PWROILGUFXX01,2043,0.0
GLOBAL,PWROILGUFXX01,2044,0.0
GLOBAL,PWROILGUFXX01,2045,0.0
GLOBAL,PWROILGUFXX01,2046,0.0
GLOBAL,PWROILGUFXX01,2047,0.0
GLOBAL,PWROILGUFXX01,2048,0.0
GLOBAL,PWROILGUFXX01,2049,0.0
GLOBAL,PWROILGUFXX01,2050,0.0
GLOBAL,PWRSPVGUFXX01,2021,0.039
GLOBAL,PWRSPVGUFXX01,2022,0.039
GLOBAL,PWRSPVGUFXX01,2023,0.039
GLOBAL,PWRSPVGUFXX01,2024,0.039
GLOBAL,PWRSPVGUFXX01,2025,0.039
GLOBAL,PWRSPVGUFXX01,2026,0.039
GLOBAL,PWRSPVGUFXX01,2027,0.039
GLOBAL,PWRSPVGUFXX01,2028,0.039
GLOBAL,PWRSPVGUFXX01,2029,0.039
GLOBAL,PWRSPVGUFXX01,2030,0.039
GLOBAL,PWRSPVGUFXX01,2031,0.039
GLOBAL,PWRSPVGUFXX01,2032,0.039
GLOBAL,PWRSPVGUFXX01,2033,0.039
GLOBAL,PWRSPVGUFXX01,2034,0.039
GLOBAL,PWRSPVGUFXX01,2035,0.039
GLOBAL,PWRSPVGUFXX01,2036,0.039
GLOBAL,PWRSPVGUFXX01,2037,0.039
GLOBAL,PWRSPVGUFXX01,2038,0.039
GLOBAL,PWRSPVGUFXX01,2039,0.039
GLOBAL,PWRSPVGUFXX01,2040,0.039
GLOBAL,PWRSPVGUFXX01,2041,0.039
GLOBAL,PWRSPVGUFXX01,2042,0.039
GLOBAL,PWRSPVGUFXX01,2043,0.039
GLOBAL,PWRSPVGUFXX01,2044,0.039
GLOBAL,PWRSPVGUFXX01,2045,0.0
GLOBAL,PWRSPVGUFXX01,2046,0.0
GLOBAL,PWRSPVGUFXX01,2047,0.0
GLOBAL,PWRSPVGUFXX01,2048,0.0
GLOBAL,PWRSPVGUFXX01,2049,0.0
GLOBAL,PWRSPVGUFXX01,2050,0.0
GLOBAL,PWRBIOGUYXX01,2021,0.03
GLOBAL,PWRBIOGUYXX01,2022,0.03
GLOBAL,PWRBIOGUYXX01,2023,0.03
GLOBAL,PWRBIOGUYXX01,2024,0.03
GLOBAL,PWRBIOGUYXX01,2025,0.03
GLOBAL,PWRBIOGUYXX01,2026,0.03
GLOBAL,PWRBIOGUYXX01,2027,0.03
GLOBAL,PWRBIOGUYXX01,2028,0.03
GLOBAL,PWRBIOGUYXX01,2029,0.03
GLOBAL,PWRBIOGUYXX01,2030,0.03
GLOBAL,PWRBIOGUYXX01,2031,0.03
GLOBAL,PWRBIOGUYXX01,2032,0.03
GLOBAL,PWRBIOGUYXX01,2033,0.03
GLOBAL,PWRBIOGUYXX01,2034,0.03
GLOBAL,PWRBIOGUYXX01,2035,0.03
GLOBAL,PWRBIOGUYXX01,2036,0.03
GLOBAL,PWRBIOGUYXX01,2037,0.03
GLOBAL,PWRBIOGUYXX01,2038,0.03
GLOBAL,PWRBIOGUYXX01,2039,0.0
GLOBAL,PWRBIOGUYXX01,2040,0.0
GLOBAL,PWRBIOGUYXX01,2041,0.0
GLOBAL,PWRBIOGUYXX01,2042,0.0
GLOBAL,PWRBIOGUYXX01,2043,0.0
GLOBAL,PWRBIOGUYXX01,2044,0.0
GLOBAL,PWRBIOGUYXX01,2045,0.0
GLOBAL,PWRBIOGUYXX01,2046,0.0
GLOBAL,PWRBIOGUYXX01,2047,0.0
GLOBAL,PWRBIOGUYXX01,2048,0.0
GLOBAL,PWRBIOGUYXX01,2049,0.0
GLOBAL,PWRBIOGUYXX01,2050,0.0
GLOBAL,PWROILGUYXX01,2021,0.3797
GLOBAL,PWROILGUYXX01,2022,0.3797
GLOBAL,PWROILGUYXX01,2023,0.3797
GLOBAL,PWROILGUYXX01,2024,0.3797
GLOBAL,PWROILGUYXX01,2025,0.3797
GLOBAL,PWROILGUYXX01,2026,0.3797
GLOBAL,PWROILGUYXX01,2027,0.0
GLOBAL,PWROILGUYXX01,2028,0.0
GLOBAL,PWROILGUYXX01,2029,0.0
GLOBAL,PWROILGUYXX01,2030,0.0
GLOBAL,PWROILGUYXX01,2031,0.0
GLOBAL,PWROILGUYXX01,2032,0.0
GLOBAL,PWROILGUYXX01,2033,0.0
GLOBAL,PWROILGUYXX01,2034,0.0
GLOBAL,PWROILGUYXX01,2035,0.0
GLOBAL,PWROILGUYXX01,2036,0.0
GLOBAL,PWROILGUYXX01,2037,0.0
GLOBAL,PWROILGUYXX01,2038,0.0
GLOBAL,PWROILGUYXX01,2039,0.0
GLOBAL,PWROILGUYXX01,2040,0.0
GLOBAL,PWROILGUYXX01,2041,0.0
GLOBAL,PWROILGUYXX01,2042,0.0
GLOBAL,PWROILGUYXX01,2043,0.0
GLOBAL,PWROILGUYXX01,2044,0.0
GLOBAL,PWROILGUYXX01,2045,0.0
GLOBAL,PWROILGUYXX01,2046,0.0
GLOBAL,PWROILGUYXX01,2047,0.0
GLOBAL,PWROILGUYXX01,2048,0.0
GLOBAL,PWROILGUYXX01,2049,0.0
GLOBAL,PWROILGUYXX01,2050,0.0
GLOBAL,PWRWONGUYXX01,2021,0.014
GLOBAL,PWRWONGUYXX01,2022,0.014
GLOBAL,PWRWONGUYXX01,2023,0.014
GLOBAL,PWRWONGUYXX01,2024,0.014
GLOBAL,PWRWONGUYXX01,2025,0.014
GLOBAL,PWRWONGUYXX01,2026,0.014
GLOBAL,PWRWONGUYXX01,2027,0.014
GLOBAL,PWRWONGUYXX01,2028,0.014
GLOBAL,PWRWONGUYXX01,2029,0.014
GLOBAL,PWRWONGUYXX01,2030,0.014
GLOBAL,PWRWONGUYXX01,2031,0.014
GLOBAL,PWRWONGUYXX01,2032,0.014
GLOBAL,PWRWONGUYXX01,2033,0.014
GLOBAL,PWRWONGUYXX01,2034,0.014
GLOBAL,PWRWONGUYXX01,2035,0.014
GLOBAL,PWRWONGUYXX01,2036,0.014
GLOBAL,PWRWONGUYXX01,2037,0.014
GLOBAL,PWRWONGUYXX01,2038,0.014
GLOBAL,PWRWONGUYXX01,2039,0.014
GLOBAL,PWRWONGUYXX01,2040,0.0
GLOBAL,PWRWONGUYXX01,2041,0.0
GLOBAL,PWRWONGUYXX01,2042,0.0
GLOBAL,PWRWONGUYXX01,2043,0.0
GLOBAL,PWRWONGUYXX01,2044,0.0
GLOBAL,PWRWONGUYXX01,2045,0.0
GLOBAL,PWRWONGUYXX01,2046,0.0
GLOBAL,PWRWONGUYXX01,2047,0.0
GLOBAL,PWRWONGUYXX01,2048,0.0
GLOBAL,PWRWONGUYXX01,2049,0.0
GLOBAL,PWRWONGUYXX01,2050,0.0
GLOBAL,PWRBIOHNDXX01,2021,0.1576
GLOBAL,PWRBIOHNDXX01,2022,0.1576
GLOBAL,PWRBIOHNDXX01,2023,0.1576
GLOBAL,PWRBIOHNDXX01,2024,0.1576
GLOBAL,PWRBIOHNDXX01,2025,0.1576
GLOBAL,PWRBIOHNDXX01,2026,0.1576
GLOBAL,PWRBIOHNDXX01,2027,0.1576
GLOBAL,PWRBIOHNDXX01,2028,0.1576
GLOBAL,PWRBIOHNDXX01,2029,0.1576
GLOBAL,PWRBIOHNDXX01,2030,0.1576
GLOBAL,PWRBIOHNDXX01,2031,0.1576
GLOBAL,PWRBIOHNDXX01,2032,0.0
GLOBAL,PWRBIOHNDXX01,2033,0.0
GLOBAL,PWRBIOHNDXX01,2034,0.0
GLOBAL,PWRBIOHNDXX01,2035,0.0
GLOBAL,PWRBIOHNDXX01,2036,0.0
GLOBAL,PWRBIOHNDXX01,2037,0.0
GLOBAL,PWRBIOHNDXX01,2038,0.0
GLOBAL,PWRBIOHNDXX01,2039,0.0
GLOBAL,PWRBIOHNDXX01,2040,0.0
GLOBAL,PWRBIOHNDXX01,2041,0.0
GLOBAL,PWRBIOHNDXX01,2042,0.0
GLOBAL,PWRBIOHNDXX01,2043,0.0
GLOBAL,PWRBIOHNDXX01,2044,0.0
GLOBAL,PWRBIOHNDXX01,2045,0.0
GLOBAL,PWRBIOHNDXX01,2046,0.0
GLOBAL,PWRBIOHNDXX01,2047,0.0
GLOBAL,PWRBIOHNDXX01,2048,0.0
GLOBAL,PWRBIOHNDXX01,2049,0.0
GLOBAL,PWRBIOHNDXX01,2050,0.0
GLOBAL,PWRGEOHNDXX01,2021,0.039
GLOBAL,PWRGEOHNDXX01,2022,0.039
GLOBAL,PWRGEOHNDXX01,2023,0.039
GLOBAL,PWRGEOHNDXX01,2024,0.039
GLOBAL,PWRGEOHNDXX01,2025,0.039
GLOBAL,PWRGEOHNDXX01,2026,0.039
GLOBAL,PWRGEOHNDXX01,2027,0.039
GLOBAL,PWRGEOHNDXX01,2028,0.039
GLOBAL,PWRGEOHNDXX01,2029,0.039
GLOBAL,PWRGEOHNDXX01,2030,0.039
GLOBAL,PWRGEOHNDXX01,2031,0.039
GLOBAL,PWRGEOHNDXX01,2032,0.039
GLOBAL,PWRGEOHNDXX01,2033,0.039
GLOBAL,PWRGEOHNDXX01,2034,0.039
GLOBAL,PWRGEOHNDXX01,2035,0.039
GLOBAL,PWRGEOHNDXX01,2036,0.039
GLOBAL,PWRGEOHNDXX01,2037,0.039
GLOBAL,PWRGEOHNDXX01,2038,0.039
GLOBAL,PWRGEOHNDXX01,2039,0.039
GLOBAL,PWRGEOHNDXX01,2040,0.039
GLOBAL,PWRGEOHNDXX01,2041,0.039
GLOBAL,PWRGEOHNDXX01,2042,0.039
GLOBAL,PWRGEOHNDXX01,2043,0.039
GLOBAL,PWRGEOHNDXX01,2044,0.039
GLOBAL,PWRGEOHNDXX01,2045,0.039
GLOBAL,PWRGEOHNDXX01,2046,0.039
GLOBAL,PWRGEOHNDXX01,2047,0.039
GLOBAL,PWRGEOHNDXX01,2048,0.0
GLOBAL,PWRGEOHNDXX01,2049,0.0
GLOBAL,PWRGEOHNDXX01,2050,0.0
GLOBAL,PWRHYDHNDXX01,2021,0.6308
GLOBAL,PWRHYDHNDXX01,2022,0.6308
GLOBAL,PWRHYDHNDXX01,2023,0.6308
GLOBAL,PWRHYDHNDXX01,2024,0.6308
GLOBAL,PWRHYDHNDXX01,2025,0.6308
GLOBAL,PWRHYDHNDXX01,2026,0.6308
GLOBAL,PWRHYDHNDXX01,2027,0.6308
GLOBAL,PWRHYDHNDXX01,2028,0.6308
GLOBAL,PWRHYDHNDXX01,2029,0.6308
GLOBAL,PWRHYDHNDXX01,2030,0.6308
GLOBAL,PWRHYDHNDXX01,2031,0.6308
GLOBAL,PWRHYDHNDXX01,2032,0.6308
GLOBAL,PWRHYDHNDXX01,2033,0.6308
GLOBAL,PWRHYDHNDXX01,2034,0.6308
GLOBAL,PWRHYDHNDXX01,2035,0.6308
GLOBAL,PWRHYDHNDXX01,2036,0.6308
GLOBAL,PWRHYDHNDXX01,2037,0.6308
GLOBAL,PWRHYDHNDXX01,2038,0.6308
GLOBAL,PWRHYDHNDXX01,2039,0.6308
GLOBAL,PWRHYDHNDXX01,2040,0.6308
GLOBAL,PWRHYDHNDXX01,2041,0.6308
GLOBAL,PWRHYDHNDXX01,2042,0.6308
GLOBAL,PWRHYDHNDXX01,2043,0.6308
GLOBAL,PWRHYDHNDXX01,2044,0.6308
GLOBAL,PWRHYDHNDXX01,2045,0.6308
GLOBAL,PWRHYDHNDXX01,2046,0.6308
GLOBAL,PWRHYDHNDXX01,2047,0.6308
GLOBAL,PWRHYDHNDXX01,2048,0.6308
GLOBAL,PWRHYDHNDXX01,2049,0.6308
GLOBAL,PWRHYDHNDXX01,2050,0.6308
GLOBAL,PWROCGHNDXX00,2021,0.039
GLOBAL,PWROCGHNDXX00,2022,0.039
GLOBAL,PWROCGHNDXX00,2023,0.039
GLOBAL,PWROCGHNDXX00,2024,0.039
GLOBAL,PWROCGHNDXX00,2025,0.0
GLOBAL,PWROCGHNDXX00,2026,0.0
GLOBAL,PWROCGHNDXX00,2027,0.0
GLOBAL,PWROCGHNDXX00,2028,0.0
GLOBAL,PWROCGHNDXX00,2029,0.0
GLOBAL,PWROCGHNDXX00,2030,0.0
GLOBAL,PWROCGHNDXX00,2031,0.0
GLOBAL,PWROCGHNDXX00,2032,0.0
GLOBAL,PWROCGHNDXX00,2033,0.0
GLOBAL,PWROCGHNDXX00,2034,0.0
GLOBAL,PWROCGHNDXX00,2035,0.0
GLOBAL,PWROCGHNDXX00,2036,0.0
GLOBAL,PWROCGHNDXX00,2037,0.0
GLOBAL,PWROCGHNDXX00,2038,0.0
GLOBAL,PWROCGHNDXX00,2039,0.0
GLOBAL,PWROCGHNDXX00,2040,0.0
GLOBAL,PWROCGHNDXX00,2041,0.0
GLOBAL,PWROCGHNDXX00,2042,0.0
GLOBAL,PWROCGHNDXX00,2043,0.0
GLOBAL,PWROCGHNDXX00,2044,0.0
GLOBAL,PWROCGHNDXX00,2045,0.0
GLOBAL,PWROCGHNDXX00,2046,0.0
GLOBAL,PWROCGHNDXX00,2047,0.0
GLOBAL,PWROCGHNDXX00,2048,0.0
GLOBAL,PWROCGHNDXX00,2049,0.0
GLOBAL,PWROCGHNDXX00,2050,0.0
GLOBAL,PWROILHNDXX01,2021,1.0865
GLOBAL,PWROILHNDXX01,2022,1.0865
GLOBAL,PWROILHNDXX01,2023,1.0865
GLOBAL,PWROILHNDXX01,2024,1.0865
GLOBAL,PWROILHNDXX01,2025,1.0865
GLOBAL,PWROILHNDXX01,2026,1.0865
GLOBAL,PWROILHNDXX01,2027,0.0
GLOBAL,PWROILHNDXX01,2028,0.0
GLOBAL,PWROILHNDXX01,2029,0.0
GLOBAL,PWROILHNDXX01,2030,0.0
GLOBAL,PWROILHNDXX01,2031,0.0
GLOBAL,PWROILHNDXX01,2032,0.0
GLOBAL,PWROILHNDXX01,2033,0.0
GLOBAL,PWROILHNDXX01,2034,0.0
GLOBAL,PWROILHNDXX01,2035,0.0
GLOBAL,PWROILHNDXX01,2036,0.0
GLOBAL,PWROILHNDXX01,2037,0.0
GLOBAL,PWROILHNDXX01,2038,0.0
GLOBAL,PWROILHNDXX01,2039,0.0
GLOBAL,PWROILHNDXX01,2040,0.0
GLOBAL,PWROILHNDXX01,2041,0.0
GLOBAL,PWROILHNDXX01,2042,0.0
GLOBAL,PWROILHNDXX01,2043,0.0
GLOBAL,PWROILHNDXX01,2044,0.0
GLOBAL,PWROILHNDXX01,2045,0.0
GLOBAL,PWROILHNDXX01,2046,0.0
GLOBAL,PWROILHNDXX01,2047,0.0
GLOBAL,PWROILHNDXX01,2048,0.0
GLOBAL,PWROILHNDXX01,2049,0.0
GLOBAL,PWROILHNDXX01,2050,0.0
GLOBAL,PWRSPVHNDXX01,2021,0.3904
GLOBAL,PWRSPVHNDXX01,2022,0.3904
GLOBAL,PWRSPVHNDXX01,2023,0.3904
GLOBAL,PWRSPVHNDXX01,2024,0.3904
GLOBAL,PWRSPVHNDXX01,2025,0.3904
GLOBAL,PWRSPVHNDXX01,2026,0.3904
GLOBAL,PWRSPVHNDXX01,2027,0.3904
GLOBAL,PWRSPVHNDXX01,2028,0.3904
GLOBAL,PWRSPVHNDXX01,2029,0.3904
GLOBAL,PWRSPVHNDXX01,2030,0.3904
GLOBAL,PWRSPVHNDXX01,2031,0.3904
GLOBAL,PWRSPVHNDXX01,2032,0.3904
GLOBAL,PWRSPVHNDXX01,2033,0.3904
GLOBAL,PWRSPVHNDXX01,2034,0.3904
GLOBAL,PWRSPVHNDXX01,2035,0.3904
GLOBAL,PWRSPVHNDXX01,2036,0.3904
GLOBAL,PWRSPVHNDXX01,2037,0.3904
GLOBAL,PWRSPVHNDXX01,2038,0.3904
GLOBAL,PWRSPVHNDXX01,2039,0.3904
GLOBAL,PWRSPVHNDXX01,2040,0.3904
GLOBAL,PWRSPVHNDXX01,2041,0.3904
GLOBAL,PWRSPVHNDXX01,2042,0.3904
GLOBAL,PWRSPVHNDXX01,2043,0.3904
GLOBAL,PWRSPVHNDXX01,2044,0.3904
GLOBAL,PWRSPVHNDXX01,2045,0.321
GLOBAL,PWRSPVHNDXX01,2046,0.0
GLOBAL,PWRSPVHNDXX01,2047,0.0
GLOBAL,PWRSPVHNDXX01,2048,0.0
GLOBAL,PWRSPVHNDXX01,2049,0.0
GLOBAL,PWRSPVHNDXX01,2050,0.0
GLOBAL,PWRWASHNDXX01,2021,0.002
GLOBAL,PWRWASHNDXX01,2022,0.002
GLOBAL,PWRWASHNDXX01,2023,0.002
GLOBAL,PWRWASHNDXX01,2024,0.002
GLOBAL,PWRWASHNDXX01,2025,0.002
GLOBAL,PWRWASHNDXX01,2026,0.002
GLOBAL,PWRWASHNDXX01,2027,0.002
GLOBAL,PWRWASHNDXX01,2028,0.002
GLOBAL,PWRWASHNDXX01,2029,0.002
GLOBAL,PWRWASHNDXX01,2030,0.002
GLOBAL,PWRWASHNDXX01,2031,0.002
GLOBAL,PWRWASHNDXX01,2032,0.0
GLOBAL,PWRWASHNDXX01,2033,0.0
GLOBAL,PWRWASHNDXX01,2034,0.0
GLOBAL,PWRWASHNDXX01,2035,0.0
GLOBAL,PWRWASHNDXX01,2036,0.0
GLOBAL,PWRWASHNDXX01,2037,0.0
GLOBAL,PWRWASHNDXX01,2038,0.0
GLOBAL,PWRWASHNDXX01,2039,0.0
GLOBAL,PWRWASHNDXX01,2040,0.0
GLOBAL,PWRWASHNDXX01,2041,0.0
GLOBAL,PWRWASHNDXX01,2042,0.0
GLOBAL,PWRWASHNDXX01,2043,0.0
GLOBAL,PWRWASHNDXX01,2044,0.0
GLOBAL,PWRWASHNDXX01,2045,0.0
GLOBAL,PWRWASHNDXX01,2046,0.0
GLOBAL,PWRWASHNDXX01,2047,0.0
GLOBAL,PWRWASHNDXX01,2048,0.0
GLOBAL,PWRWASHNDXX01,2049,0.0
GLOBAL,PWRWASHNDXX01,2050,0.0
GLOBAL,PWRWONHNDXX01,2021,0.18
GLOBAL,PWRWONHNDXX01,2022,0.18
GLOBAL,PWRWONHNDXX01,2023,0.18
GLOBAL,PWRWONHNDXX01,2024,0.18
GLOBAL,PWRWONHNDXX01,2025,0.18
GLOBAL,PWRWONHNDXX01,2026,0.18
GLOBAL,PWRWONHNDXX01,2027,0.18
GLOBAL,PWRWONHNDXX01,2028,0.18
GLOBAL,PWRWONHNDXX01,2029,0.18
GLOBAL,PWRWONHNDXX01,2030,0.18
GLOBAL,PWRWONHNDXX01,2031,0.18
GLOBAL,PWRWONHNDXX01,2032,0.18
GLOBAL,PWRWONHNDXX01,2033,0.18
GLOBAL,PWRWONHNDXX01,2034,0.18
GLOBAL,PWRWONHNDXX01,2035,0.18
GLOBAL,PWRWONHNDXX01,2036,0.18
GLOBAL,PWRWONHNDXX01,2037,0.18
GLOBAL,PWRWONHNDXX01,2038,0.18
GLOBAL,PWRWONHNDXX01,2039,0.18
GLOBAL,PWRWONHNDXX01,2040,0.0
GLOBAL,PWRWONHNDXX01,2041,0.0
GLOBAL,PWRWONHNDXX01,2042,0.0
GLOBAL,PWRWONHNDXX01,2043,0.0
GLOBAL,PWRWONHNDXX01,2044,0.0
GLOBAL,PWRWONHNDXX01,2045,0.0
GLOBAL,PWRWONHNDXX01,2046,0.0
GLOBAL,PWRWONHNDXX01,2047,0.0
GLOBAL,PWRWONHNDXX01,2048,0.0
GLOBAL,PWRWONHNDXX01,2049,0.0
GLOBAL,PWRWONHNDXX01,2050,0.0
GLOBAL,PWRBIOHRVXX01,2021,0.08
GLOBAL,PWRBIOHRVXX01,2022,0.08
GLOBAL,PWRBIOHRVXX01,2023,0.08
GLOBAL,PWRBIOHRVXX01,2024,0.08
GLOBAL,PWRBIOHRVXX01,2025,0.08
GLOBAL,PWRBIOHRVXX01,2026,0.08
GLOBAL,PWRBIOHRVXX01,2027,0.08
GLOBAL,PWRBIOHRVXX01,2028,0.08
GLOBAL,PWRBIOHRVXX01,2029,0.08
GLOBAL,PWRBIOHRVXX01,2030,0.08
GLOBAL,PWRBIOHRVXX01,2031,0.08
GLOBAL,PWRBIOHRVXX01,2032,0.0
GLOBAL,PWRBIOHRVXX01,2033,0.0
GLOBAL,PWRBIOHRVXX01,2034,0.0
GLOBAL,PWRBIOHRVXX01,2035,0.0
GLOBAL,PWRBIOHRVXX01,2036,0.0
GLOBAL,PWRBIOHRVXX01,2037,0.0
GLOBAL,PWRBIOHRVXX01,2038,0.0
GLOBAL,PWRBIOHRVXX01,2039,0.0
GLOBAL,PWRBIOHRVXX01,2040,0.0
GLOBAL,PWRBIOHRVXX01,2041,0.0
GLOBAL,PWRBIOHRVXX01,2042,0.0
GLOBAL,PWRBIOHRVXX01,2043,0.0
GLOBAL,PWRBIOHRVXX01,2044,0.0
GLOBAL,PWRBIOHRVXX01,2045,0.0
GLOBAL,PWRBIOHRVXX01,2046,0.0
GLOBAL,PWRBIOHRVXX01,2047,0.0
GLOBAL,PWRBIOHRVXX01,2048,0.0
GLOBAL,PWRBIOHRVXX01,2049,0.0
GLOBAL,PWRBIOHRVXX01,2050,0.0
GLOBAL,PWRCCGHRVXX00,2021,0.4892
GLOBAL,PWRCCGHRVXX00,2022,0.4892
GLOBAL,PWRCCGHRVXX00,2023,0.4892
GLOBAL,PWRCCGHRVXX00,2024,0.4892
GLOBAL,PWRCCGHRVXX00,2025,0.0
GLOBAL,PWRCCGHRVXX00,2026,0.0
GLOBAL,PWRCCGHRVXX00,2027,0.0
GLOBAL,PWRCCGHRVXX00,2028,0.0
GLOBAL,PWRCCGHRVXX00,2029,0.0
GLOBAL,PWRCCGHRVXX00,2030,0.0
GLOBAL,PWRCCGHRVXX00,2031,0.0
GLOBAL,PWRCCGHRVXX00,2032,0.0
GLOBAL,PWRCCGHRVXX00,2033,0.0
GLOBAL,PWRCCGHRVXX00,2034,0.0
GLOBAL,PWRCCGHRVXX00,2035,0.0
GLOBAL,PWRCCGHRVXX00,2036,0.0
GLOBAL,PWRCCGHRVXX00,2037,0.0
GLOBAL,PWRCCGHRVXX00,2038,0.0
GLOBAL,PWRCCGHRVXX00,2039,0.0
GLOBAL,PWRCCGHRVXX00,2040,0.0
GLOBAL,PWRCCGHRVXX00,2041,0.0
GLOBAL,PWRCCGHRVXX00,2042,0.0
GLOBAL,PWRCCGHRVXX00,2043,0.0
GLOBAL,PWRCCGHRVXX00,2044,0.0
GLOBAL,PWRCCGHRVXX00,2045,0.0
GLOBAL,PWRCCGHRVXX00,2046,0.0
GLOBAL,PWRCCGHRVXX00,2047,0.0
GLOBAL,PWRCCGHRVXX00,2048,0.0
GLOBAL,PWRCCGHRVXX00,2049,0.0
GLOBAL,PWRCCGHRVXX00,2050,0.0
GLOBAL,PWRCOAHRVXX01,2021,0.33
GLOBAL,PWRCOAHRVXX01,2022,0.33
GLOBAL,PWRCOAHRVXX01,2023,0.33
GLOBAL,PWRCOAHRVXX01,2024,0.33
GLOBAL,PWRCOAHRVXX01,2025,0.33
GLOBAL,PWRCOAHRVXX01,2026,0.33
GLOBAL,PWRCOAHRVXX01,2027,0.33
GLOBAL,PWRCOAHRVXX01,2028,0.0
GLOBAL,PWRCOAHRVXX01,2029,0.0
GLOBAL,PWRCOAHRVXX01,2030,0.0
GLOBAL,PWRCOAHRVXX01,2031,0.0
GLOBAL,PWRCOAHRVXX01,2032,0.0
GLOBAL,PWRCOAHRVXX01,2033,0.0
GLOBAL,PWRCOAHRVXX01,2034,0.0
GLOBAL,PWRCOAHRVXX01,2035,0.0
GLOBAL,PWRCOAHRVXX01,2036,0.0
GLOBAL,PWRCOAHRVXX01,2037,0.0
GLOBAL,PWRCOAHRVXX01,2038,0.0
GLOBAL,PWRCOAHRVXX01,2039,0.0
GLOBAL,PWRCOAHRVXX01,2040,0.0
GLOBAL,PWRCOAHRVXX01,2041,0.0
GLOBAL,PWRCOAHRVXX01,2042,0.0
GLOBAL,PWRCOAHRVXX01,2043,0.0
GLOBAL,PWRCOAHRVXX01,2044,0.0
GLOBAL,PWRCOAHRVXX01,2045,0.0
GLOBAL,PWRCOAHRVXX01,2046,0.0
GLOBAL,PWRCOAHRVXX01,2047,0.0
GLOBAL,PWRCOAHRVXX01,2048,0.0
GLOBAL,PWRCOAHRVXX01,2049,0.0
GLOBAL,PWRCOAHRVXX01,2050,0.0
GLOBAL,PWRHYDHRVXX01,2021,1.9163
GLOBAL,PWRHYDHRVXX01,2022,1.9163
GLOBAL,PWRHYDHRVXX01,2023,1.9163
GLOBAL,PWRHYDHRVXX01,2024,1.9163
GLOBAL,PWRHYDHRVXX01,2025,1.9163
GLOBAL,PWRHYDHRVXX01,2026,1.9163
GLOBAL,PWRHYDHRVXX01,2027,1.9163
GLOBAL,PWRHYDHRVXX01,2028,1.9163
GLOBAL,PWRHYDHRVXX01,2029,1.9163
GLOBAL,PWRHYDHRVXX01,2030,1.9163
GLOBAL,PWRHYDHRVXX01,2031,1.9163
GLOBAL,PWRHYDHRVXX01,2032,1.9163
GLOBAL,PWRHYDHRVXX01,2033,1.9163
GLOBAL,PWRHYDHRVXX01,2034,1.9163
GLOBAL,PWRHYDHRVXX01,2035,1.9163
GLOBAL,PWRHYDHRVXX01,2036,1.9163
GLOBAL,PWRHYDHRVXX01,2037,1.9163
GLOBAL,PWRHYDHRVXX01,2038,1.9163
GLOBAL,PWRHYDHRVXX01,2039,1.9163
GLOBAL,PWRHYDHRVXX01,2040,1.9163
GLOBAL,PWRHYDHRVXX01,2041,1.9163
GLOBAL,PWRHYDHRVXX01,2042,1.9163
GLOBAL,PWRHYDHRVXX01,2043,1.9163
GLOBAL,PWRHYDHRVXX01,2044,1.9163
GLOBAL,PWRHYDHRVXX01,2045,1.9163
GLOBAL,PWRHYDHRVXX01,2046,1.9163
GLOBAL,PWRHYDHRVXX01,2047,1.9163
GLOBAL,PWRHYDHRVXX01,2048,1.9163
GLOBAL,PWRHYDHRVXX01,2049,1.9163
GLOBAL,PWRHYDHRVXX01,2050,1.9163
GLOBAL,PWROCGHRVXX00,2021,0.254
GLOBAL,PWROCGHRVXX00,2022,0.254
GLOBAL,PWROCGHRVXX00,2023,0.254
GLOBAL,PWROCGHRVXX00,2024,0.254
GLOBAL,PWROCGHRVXX00,2025,0.0
GLOBAL,PWROCGHRVXX00,2026,0.0
GLOBAL,PWROCGHRVXX00,2027,0.0
GLOBAL,PWROCGHRVXX00,2028,0.0
GLOBAL,PWROCGHRVXX00,2029,0.0
GLOBAL,PWROCGHRVXX00,2030,0.0
GLOBAL,PWROCGHRVXX00,2031,0.0
GLOBAL,PWROCGHRVXX00,2032,0.0
GLOBAL,PWROCGHRVXX00,2033,0.0
GLOBAL,PWROCGHRVXX00,2034,0.0
GLOBAL,PWROCGHRVXX00,2035,0.0
GLOBAL,PWROCGHRVXX00,2036,0.0
GLOBAL,PWROCGHRVXX00,2037,0.0
GLOBAL,PWROCGHRVXX00,2038,0.0
GLOBAL,PWROCGHRVXX00,2039,0.0
GLOBAL,PWROCGHRVXX00,2040,0.0
GLOBAL,PWROCGHRVXX00,2041,0.0
GLOBAL,PWROCGHRVXX00,2042,0.0
GLOBAL,PWROCGHRVXX00,2043,0.0
GLOBAL,PWROCGHRVXX00,2044,0.0
GLOBAL,PWROCGHRVXX00,2045,0.0
GLOBAL,PWROCGHRVXX00,2046,0.0
GLOBAL,PWROCGHRVXX00,2047,0.0
GLOBAL,PWROCGHRVXX00,2048,0.0
GLOBAL,PWROCGHRVXX00,2049,0.0
GLOBAL,PWROCGHRVXX00,2050,0.0
GLOBAL,PWROILHRVXX01,2021,0.95
GLOBAL,PWROILHRVXX01,2022,0.95
GLOBAL,PWROILHRVXX01,2023,0.95
GLOBAL,PWROILHRVXX01,2024,0.95
GLOBAL,PWROILHRVXX01,2025,0.95
GLOBAL,PWROILHRVXX01,2026,0.95
GLOBAL,PWROILHRVXX01,2027,0.0
GLOBAL,PWROILHRVXX01,2028,0.0
GLOBAL,PWROILHRVXX01,2029,0.0
GLOBAL,PWROILHRVXX01,2030,0.0
GLOBAL,PWROILHRVXX01,2031,0.0
GLOBAL,PWROILHRVXX01,2032,0.0
GLOBAL,PWROILHRVXX01,2033,0.0
GLOBAL,PWROILHRVXX01,2034,0.0
GLOBAL,PWROILHRVXX01,2035,0.0
GLOBAL,PWROILHRVXX01,2036,0.0
GLOBAL,PWROILHRVXX01,2037,0.0
GLOBAL,PWROILHRVXX01,2038,0.0
GLOBAL,PWROILHRVXX01,2039,0.0
GLOBAL,PWROILHRVXX01,2040,0.0
GLOBAL,PWROILHRVXX01,2041,0.0
GLOBAL,PWROILHRVXX01,2042,0.0
GLOBAL,PWROILHRVXX01,2043,0.0
GLOBAL,PWROILHRVXX01,2044,0.0
GLOBAL,PWROILHRVXX01,2045,0.0
GLOBAL,PWROILHRVXX01,2046,0.0
GLOBAL,PWROILHRVXX01,2047,0.0
GLOBAL,PWROILHRVXX01,2048,0.0
GLOBAL,PWROILHRVXX01,2049,0.0
GLOBAL,PWROILHRVXX01,2050,0.0
GLOBAL,PWRSPVHRVXX01,2021,0.045
GLOBAL,PWRSPVHRVXX01,2022,0.045
GLOBAL,PWRSPVHRVXX01,2023,0.045
GLOBAL,PWRSPVHRVXX01,2024,0.045
GLOBAL,PWRSPVHRVXX01,2025,0.045
GLOBAL,PWRSPVHRVXX01,2026,0.045
GLOBAL,PWRSPVHRVXX01,2027,0.045
GLOBAL,PWRSPVHRVXX01,2028,0.045
GLOBAL,PWRSPVHRVXX01,2029,0.045
GLOBAL,PWRSPVHRVXX01,2030,0.045
GLOBAL,PWRSPVHRVXX01,2031,0.045
GLOBAL,PWRSPVHRVXX01,2032,0.045
GLOBAL,PWRSPVHRVXX01,2033,0.045
GLOBAL,PWRSPVHRVXX01,2034,0.045
GLOBAL,PWRSPVHRVXX01,2035,0.045
GLOBAL,PWRSPVHRVXX01,2036,0.045
GLOBAL,PWRSPVHRVXX01,2037,0.045
GLOBAL,PWRSPVHRVXX01,2038,0.045
GLOBAL,PWRSPVHRVXX01,2039,0.045
GLOBAL,PWRSPVHRVXX01,2040,0.045
GLOBAL,PWRSPVHRVXX01,2041,0.045
GLOBAL,PWRSPVHRVXX01,2042,0.045
GLOBAL,PWRSPVHRVXX01,2043,0.045
GLOBAL,PWRSPVHRVXX01,2044,0.045
GLOBAL,PWRSPVHRVXX01,2045,0.0
GLOBAL,PWRSPVHRVXX01,2046,0.0
GLOBAL,PWRSPVHRVXX01,2047,0.0
GLOBAL,PWRSPVHRVXX01,2048,0.0
GLOBAL,PWRSPVHRVXX01,2049,0.0
GLOBAL,PWRSPVHRVXX01,2050,0.0
GLOBAL,PWRWONHRVXX01,2021,0.428
GLOBAL,PWRWONHRVXX01,2022,0.428
GLOBAL,PWRWONHRVXX01,2023,0.428
GLOBAL,PWRWONHRVXX01,2024,0.428
GLOBAL,PWRWONHRVXX01,2025,0.428
GLOBAL,PWRWONHRVXX01,2026,0.428
GLOBAL,PWRWONHRVXX01,2027,0.428
GLOBAL,PWRWONHRVXX01,2028,0.428
GLOBAL,PWRWONHRVXX01,2029,0.428
GLOBAL,PWRWONHRVXX01,2030,0.428
GLOBAL,PWRWONHRVXX01,2031,0.428
GLOBAL,PWRWONHRVXX01,2032,0.428
GLOBAL,PWRWONHRVXX01,2033,0.428
GLOBAL,PWRWONHRVXX01,2034,0.428
GLOBAL,PWRWONHRVXX01,2035,0.428
GLOBAL,PWRWONHRVXX01,2036,0.428
GLOBAL,PWRWONHRVXX01,2037,0.428
GLOBAL,PWRWONHRVXX01,2038,0.428
GLOBAL,PWRWONHRVXX01,2039,0.428
GLOBAL,PWRWONHRVXX01,2040,0.0
GLOBAL,PWRWONHRVXX01,2041,0.0
GLOBAL,PWRWONHRVXX01,2042,0.0
GLOBAL,PWRWONHRVXX01,2043,0.0
GLOBAL,PWRWONHRVXX01,2044,0.0
GLOBAL,PWRWONHRVXX01,2045,0.0
GLOBAL,PWRWONHRVXX01,2046,0.0
GLOBAL,PWRWONHRVXX01,2047,0.0
GLOBAL,PWRWONHRVXX01,2048,0.0
GLOBAL,PWRWONHRVXX01,2049,0.0
GLOBAL,PWRWONHRVXX01,2050,0.0
GLOBAL,PWRBIOHUNXX01,2021,0.55
GLOBAL,PWRBIOHUNXX01,2022,0.55
GLOBAL,PWRBIOHUNXX01,2023,0.55
GLOBAL,PWRBIOHUNXX01,2024,0.55
GLOBAL,PWRBIOHUNXX01,2025,0.55
GLOBAL,PWRBIOHUNXX01,2026,0.55
GLOBAL,PWRBIOHUNXX01,2027,0.55
GLOBAL,PWRBIOHUNXX01,2028,0.55
GLOBAL,PWRBIOHUNXX01,2029,0.55
GLOBAL,PWRBIOHUNXX01,2030,0.55
GLOBAL,PWRBIOHUNXX01,2031,0.55
GLOBAL,PWRBIOHUNXX01,2032,0.0
GLOBAL,PWRBIOHUNXX01,2033,0.0
GLOBAL,PWRBIOHUNXX01,2034,0.0
GLOBAL,PWRBIOHUNXX01,2035,0.0
GLOBAL,PWRBIOHUNXX01,2036,0.0
GLOBAL,PWRBIOHUNXX01,2037,0.0
GLOBAL,PWRBIOHUNXX01,2038,0.0
GLOBAL,PWRBIOHUNXX01,2039,0.0
GLOBAL,PWRBIOHUNXX01,2040,0.0
GLOBAL,PWRBIOHUNXX01,2041,0.0
GLOBAL,PWRBIOHUNXX01,2042,0.0
GLOBAL,PWRBIOHUNXX01,2043,0.0
GLOBAL,PWRBIOHUNXX01,2044,0.0
GLOBAL,PWRBIOHUNXX01,2045,0.0
GLOBAL,PWRBIOHUNXX01,2046,0.0
GLOBAL,PWRBIOHUNXX01,2047,0.0
GLOBAL,PWRBIOHUNXX01,2048,0.0
GLOBAL,PWRBIOHUNXX01,2049,0.0
GLOBAL,PWRBIOHUNXX01,2050,0.0
GLOBAL,PWRCCGHUNXX00,2021,3.9737
GLOBAL,PWRCCGHUNXX00,2022,3.9737
GLOBAL,PWRCCGHUNXX00,2023,3.9737
GLOBAL,PWRCCGHUNXX00,2024,3.9737
GLOBAL,PWRCCGHUNXX00,2025,0.0
GLOBAL,PWRCCGHUNXX00,2026,0.0
GLOBAL,PWRCCGHUNXX00,2027,0.0
GLOBAL,PWRCCGHUNXX00,2028,0.0
GLOBAL,PWRCCGHUNXX00,2029,0.0
GLOBAL,PWRCCGHUNXX00,2030,0.0
GLOBAL,PWRCCGHUNXX00,2031,0.0
GLOBAL,PWRCCGHUNXX00,2032,0.0
GLOBAL,PWRCCGHUNXX00,2033,0.0
GLOBAL,PWRCCGHUNXX00,2034,0.0
GLOBAL,PWRCCGHUNXX00,2035,0.0
GLOBAL,PWRCCGHUNXX00,2036,0.0
GLOBAL,PWRCCGHUNXX00,2037,0.0
GLOBAL,PWRCCGHUNXX00,2038,0.0
GLOBAL,PWRCCGHUNXX00,2039,0.0
GLOBAL,PWRCCGHUNXX00,2040,0.0
GLOBAL,PWRCCGHUNXX00,2041,0.0
GLOBAL,PWRCCGHUNXX00,2042,0.0
GLOBAL,PWRCCGHUNXX00,2043,0.0
GLOBAL,PWRCCGHUNXX00,2044,0.0
GLOBAL,PWRCCGHUNXX00,2045,0.0
GLOBAL,PWRCCGHUNXX00,2046,0.0
GLOBAL,PWRCCGHUNXX00,2047,0.0
GLOBAL,PWRCCGHUNXX00,2048,0.0
GLOBAL,PWRCCGHUNXX00,2049,0.0
GLOBAL,PWRCCGHUNXX00,2050,0.0
GLOBAL,PWRCOAHUNXX01,2021,1.195
GLOBAL,PWRCOAHUNXX01,2022,1.195
GLOBAL,PWRCOAHUNXX01,2023,1.195
GLOBAL,PWRCOAHUNXX01,2024,1.195
GLOBAL,PWRCOAHUNXX01,2025,1.195
GLOBAL,PWRCOAHUNXX01,2026,1.195
GLOBAL,PWRCOAHUNXX01,2027,1.195
GLOBAL,PWRCOAHUNXX01,2028,1.195
GLOBAL,PWRCOAHUNXX01,2029,0.885
GLOBAL,PWRCOAHUNXX01,2030,0.885
GLOBAL,PWRCOAHUNXX01,2031,0.885
GLOBAL,PWRCOAHUNXX01,2032,0.885
GLOBAL,PWRCOAHUNXX01,2033,0.885
GLOBAL,PWRCOAHUNXX01,2034,0.0
GLOBAL,PWRCOAHUNXX01,2035,0.0
GLOBAL,PWRCOAHUNXX01,2036,0.0
GLOBAL,PWRCOAHUNXX01,2037,0.0
GLOBAL,PWRCOAHUNXX01,2038,0.0
GLOBAL,PWRCOAHUNXX01,2039,0.0
GLOBAL,PWRCOAHUNXX01,2040,0.0
GLOBAL,PWRCOAHUNXX01,2041,0.0
GLOBAL,PWRCOAHUNXX01,2042,0.0
GLOBAL,PWRCOAHUNXX01,2043,0.0
GLOBAL,PWRCOAHUNXX01,2044,0.0
GLOBAL,PWRCOAHUNXX01,2045,0.0
GLOBAL,PWRCOAHUNXX01,2046,0.0
GLOBAL,PWRCOAHUNXX01,2047,0.0
GLOBAL,PWRCOAHUNXX01,2048,0.0
GLOBAL,PWRCOAHUNXX01,2049,0.0
GLOBAL,PWRCOAHUNXX01,2050,0.0
GLOBAL,PWRHYDHUNXX01,2021,0.057
GLOBAL,PWRHYDHUNXX01,2022,0.057
GLOBAL,PWRHYDHUNXX01,2023,0.057
GLOBAL,PWRHYDHUNXX01,2024,0.057
GLOBAL,PWRHYDHUNXX01,2025,0.057
GLOBAL,PWRHYDHUNXX01,2026,0.057
GLOBAL,PWRHYDHUNXX01,2027,0.057
GLOBAL,PWRHYDHUNXX01,2028,0.057
GLOBAL,PWRHYDHUNXX01,2029,0.057
GLOBAL,PWRHYDHUNXX01,2030,0.057
GLOBAL,PWRHYDHUNXX01,2031,0.057
GLOBAL,PWRHYDHUNXX01,2032,0.057
GLOBAL,PWRHYDHUNXX01,2033,0.057
GLOBAL,PWRHYDHUNXX01,2034,0.057
GLOBAL,PWRHYDHUNXX01,2035,0.057
GLOBAL,PWRHYDHUNXX01,2036,0.057
GLOBAL,PWRHYDHUNXX01,2037,0.057
GLOBAL,PWRHYDHUNXX01,2038,0.057
GLOBAL,PWRHYDHUNXX01,2039,0.057
GLOBAL,PWRHYDHUNXX01,2040,0.057
GLOBAL,PWRHYDHUNXX01,2041,0.057
GLOBAL,PWRHYDHUNXX01,2042,0.057
GLOBAL,PWRHYDHUNXX01,2043,0.057
GLOBAL,PWRHYDHUNXX01,2044,0.057
GLOBAL,PWRHYDHUNXX01,2045,0.057
GLOBAL,PWRHYDHUNXX01,2046,0.057
GLOBAL,PWRHYDHUNXX01,2047,0.057
GLOBAL,PWRHYDHUNXX01,2048,0.057
GLOBAL,PWRHYDHUNXX01,2049,0.057
GLOBAL,PWRHYDHUNXX01,2050,0.057
GLOBAL,PWROCGHUNXX00,2021,0.25
GLOBAL,PWROCGHUNXX00,2022,0.25
GLOBAL,PWROCGHUNXX00,2023,0.25
GLOBAL,PWROCGHUNXX00,2024,0.25
GLOBAL,PWROCGHUNXX00,2025,0.0
GLOBAL,PWROCGHUNXX00,2026,0.0
GLOBAL,PWROCGHUNXX00,2027,0.0
GLOBAL,PWROCGHUNXX00,2028,0.0
GLOBAL,PWROCGHUNXX00,2029,0.0
GLOBAL,PWROCGHUNXX00,2030,0.0
GLOBAL,PWROCGHUNXX00,2031,0.0
GLOBAL,PWROCGHUNXX00,2032,0.0
GLOBAL,PWROCGHUNXX00,2033,0.0
GLOBAL,PWROCGHUNXX00,2034,0.0
GLOBAL,PWROCGHUNXX00,2035,0.0
GLOBAL,PWROCGHUNXX00,2036,0.0
GLOBAL,PWROCGHUNXX00,2037,0.0
GLOBAL,PWROCGHUNXX00,2038,0.0
GLOBAL,PWROCGHUNXX00,2039,0.0
GLOBAL,PWROCGHUNXX00,2040,0.0
GLOBAL,PWROCGHUNXX00,2041,0.0
GLOBAL,PWROCGHUNXX00,2042,0.0
GLOBAL,PWROCGHUNXX00,2043,0.0
GLOBAL,PWROCGHUNXX00,2044,0.0
GLOBAL,PWROCGHUNXX00,2045,0.0
GLOBAL,PWROCGHUNXX00,2046,0.0
GLOBAL,PWROCGHUNXX00,2047,0.0
GLOBAL,PWROCGHUNXX00,2048,0.0
GLOBAL,PWROCGHUNXX00,2049,0.0
GLOBAL,PWROCGHUNXX00,2050,0.0
GLOBAL,PWROILHUNXX01,2021,0.41
GLOBAL,PWROILHUNXX01,2022,0.41
GLOBAL,PWROILHUNXX01,2023,0.41
GLOBAL,PWROILHUNXX01,2024,0.41
GLOBAL,PWROILHUNXX01,2025,0.41
GLOBAL,PWROILHUNXX01,2026,0.41
GLOBAL,PWROILHUNXX01,2027,0.0
GLOBAL,PWROILHUNXX01,2028,0.0
GLOBAL,PWROILHUNXX01,2029,0.0
GLOBAL,PWROILHUNXX01,2030,0.0
GLOBAL,PWROILHUNXX01,2031,0.0
GLOBAL,PWROILHUNXX01,2032,0.0
GLOBAL,PWROILHUNXX01,2033,0.0
GLOBAL,PWROILHUNXX01,2034,0.0
GLOBAL,PWROILHUNXX01,2035,0.0
GLOBAL,PWROILHUNXX01,2036,0.0
GLOBAL,PWROILHUNXX01,2037,0.0
GLOBAL,PWROILHUNXX01,2038,0.0
GLOBAL,PWROILHUNXX01,2039,0.0
GLOBAL,PWROILHUNXX01,2040,0.0
GLOBAL,PWROILHUNXX01,2041,0.0
GLOBAL,PWROILHUNXX01,2042,0.0
GLOBAL,PWROILHUNXX01,2043,0.0
GLOBAL,PWROILHUNXX01,2044,0.0
GLOBAL,PWROILHUNXX01,2045,0.0
GLOBAL,PWROILHUNXX01,2046,0.0
GLOBAL,PWROILHUNXX01,2047,0.0
GLOBAL,PWROILHUNXX01,2048,0.0
GLOBAL,PWROILHUNXX01,2049,0.0
GLOBAL,PWROILHUNXX01,2050,0.0
GLOBAL,PWRSPVHUNXX01,2021,0.168
GLOBAL,PWRSPVHUNXX01,2022,0.168
GLOBAL,PWRSPVHUNXX01,2023,0.168
GLOBAL,PWRSPVHUNXX01,2024,0.168
GLOBAL,PWRSPVHUNXX01,2025,0.168
GLOBAL,PWRSPVHUNXX01,2026,0.168
GLOBAL,PWRSPVHUNXX01,2027,0.168
GLOBAL,PWRSPVHUNXX01,2028,0.168
GLOBAL,PWRSPVHUNXX01,2029,0.168
GLOBAL,PWRSPVHUNXX01,2030,0.168
GLOBAL,PWRSPVHUNXX01,2031,0.168
GLOBAL,PWRSPVHUNXX01,2032,0.168
GLOBAL,PWRSPVHUNXX01,2033,0.168
GLOBAL,PWRSPVHUNXX01,2034,0.168
GLOBAL,PWRSPVHUNXX01,2035,0.168
GLOBAL,PWRSPVHUNXX01,2036,0.168
GLOBAL,PWRSPVHUNXX01,2037,0.168
GLOBAL,PWRSPVHUNXX01,2038,0.168
GLOBAL,PWRSPVHUNXX01,2039,0.168
GLOBAL,PWRSPVHUNXX01,2040,0.168
GLOBAL,PWRSPVHUNXX01,2041,0.168
GLOBAL,PWRSPVHUNXX01,2042,0.168
GLOBAL,PWRSPVHUNXX01,2043,0.168
GLOBAL,PWRSPVHUNXX01,2044,0.168
GLOBAL,PWRSPVHUNXX01,2045,0.0
GLOBAL,PWRSPVHUNXX01,2046,0.0
GLOBAL,PWRSPVHUNXX01,2047,0.0
GLOBAL,PWRSPVHUNXX01,2048,0.0
GLOBAL,PWRSPVHUNXX01,2049,0.0
GLOBAL,PWRSPVHUNXX01,2050,0.0
GLOBAL,PWRURNHUNXX01,2021,1.888
GLOBAL,PWRURNHUNXX01,2022,1.888
GLOBAL,PWRURNHUNXX01,2023,1.888
GLOBAL,PWRURNHUNXX01,2024,1.888
GLOBAL,PWRURNHUNXX01,2025,1.888
GLOBAL,PWRURNHUNXX01,2026,1.888
GLOBAL,PWRURNHUNXX01,2027,1.888
GLOBAL,PWRURNHUNXX01,2028,1.888
GLOBAL,PWRURNHUNXX01,2029,1.888
GLOBAL,PWRURNHUNXX01,2030,1.888
GLOBAL,PWRURNHUNXX01,2031,1.888
GLOBAL,PWRURNHUNXX01,2032,1.888
GLOBAL,PWRURNHUNXX01,2033,1.888
GLOBAL,PWRURNHUNXX01,2034,1.888
GLOBAL,PWRURNHUNXX01,2035,1.888
GLOBAL,PWRURNHUNXX01,2036,1.888
GLOBAL,PWRURNHUNXX01,2037,1.888
GLOBAL,PWRURNHUNXX01,2038,1.888
GLOBAL,PWRURNHUNXX01,2039,1.888
GLOBAL,PWRURNHUNXX01,2040,1.888
GLOBAL,PWRURNHUNXX01,2041,1.888
GLOBAL,PWRURNHUNXX01,2042,1.888
GLOBAL,PWRURNHUNXX01,2043,1.888
GLOBAL,PWRURNHUNXX01,2044,1.888
GLOBAL,PWRURNHUNXX01,2045,0.0
GLOBAL,PWRURNHUNXX01,2046,0.0
GLOBAL,PWRURNHUNXX01,2047,0.0
GLOBAL,PWRURNHUNXX01,2048,0.0
GLOBAL,PWRURNHUNXX01,2049,0.0
GLOBAL,PWRURNHUNXX01,2050,0.0
GLOBAL,PWRWAVHUNXX01,2021,0.014
GLOBAL,PWRWAVHUNXX01,2022,0.0
GLOBAL,PWRWAVHUNXX01,2023,0.0
GLOBAL,PWRWAVHUNXX01,2024,0.0
GLOBAL,PWRWAVHUNXX01,2025,0.0
GLOBAL,PWRWAVHUNXX01,2026,0.0
GLOBAL,PWRWAVHUNXX01,2027,0.0
GLOBAL,PWRWAVHUNXX01,2028,0.0
GLOBAL,PWRWAVHUNXX01,2029,0.0
GLOBAL,PWRWAVHUNXX01,2030,0.0
GLOBAL,PWRWAVHUNXX01,2031,0.0
GLOBAL,PWRWAVHUNXX01,2032,0.0
GLOBAL,PWRWAVHUNXX01,2033,0.0
GLOBAL,PWRWAVHUNXX01,2034,0.0
GLOBAL,PWRWAVHUNXX01,2035,0.0
GLOBAL,PWRWAVHUNXX01,2036,0.0
GLOBAL,PWRWAVHUNXX01,2037,0.0
GLOBAL,PWRWAVHUNXX01,2038,0.0
GLOBAL,PWRWAVHUNXX01,2039,0.0
GLOBAL,PWRWAVHUNXX01,2040,0.0
GLOBAL,PWRWAVHUNXX01,2041,0.0
GLOBAL,PWRWAVHUNXX01,2042,0.0
GLOBAL,PWRWAVHUNXX01,2043,0.0
GLOBAL,PWRWAVHUNXX01,2044,0.0
GLOBAL,PWRWAVHUNXX01,2045,0.0
GLOBAL,PWRWAVHUNXX01,2046,0.0
GLOBAL,PWRWAVHUNXX01,2047,0.0
GLOBAL,PWRWAVHUNXX01,2048,0.0
GLOBAL,PWRWAVHUNXX01,2049,0.0
GLOBAL,PWRWAVHUNXX01,2050,0.0
GLOBAL,PWRWONHUNXX01,2021,0.329
GLOBAL,PWRWONHUNXX01,2022,0.329
GLOBAL,PWRWONHUNXX01,2023,0.329
GLOBAL,PWRWONHUNXX01,2024,0.329
GLOBAL,PWRWONHUNXX01,2025,0.329
GLOBAL,PWRWONHUNXX01,2026,0.329
GLOBAL,PWRWONHUNXX01,2027,0.329
GLOBAL,PWRWONHUNXX01,2028,0.329
GLOBAL,PWRWONHUNXX01,2029,0.329
GLOBAL,PWRWONHUNXX01,2030,0.329
GLOBAL,PWRWONHUNXX01,2031,0.329
GLOBAL,PWRWONHUNXX01,2032,0.329
GLOBAL,PWRWONHUNXX01,2033,0.329
GLOBAL,PWRWONHUNXX01,2034,0.329
GLOBAL,PWRWONHUNXX01,2035,0.329
GLOBAL,PWRWONHUNXX01,2036,0.329
GLOBAL,PWRWONHUNXX01,2037,0.329
GLOBAL,PWRWONHUNXX01,2038,0.329
GLOBAL,PWRWONHUNXX01,2039,0.329
GLOBAL,PWRWONHUNXX01,2040,0.0
GLOBAL,PWRWONHUNXX01,2041,0.0
GLOBAL,PWRWONHUNXX01,2042,0.0
GLOBAL,PWRWONHUNXX01,2043,0.0
GLOBAL,PWRWONHUNXX01,2044,0.0
GLOBAL,PWRWONHUNXX01,2045,0.0
GLOBAL,PWRWONHUNXX01,2046,0.0
GLOBAL,PWRWONHUNXX01,2047,0.0
GLOBAL,PWRWONHUNXX01,2048,0.0
GLOBAL,PWRWONHUNXX01,2049,0.0
GLOBAL,PWRWONHUNXX01,2050,0.0
GLOBAL,PWRBIOIDNXX01,2021,1.74
GLOBAL,PWRBIOIDNXX01,2022,1.74
GLOBAL,PWRBIOIDNXX01,2023,1.74
GLOBAL,PWRBIOIDNXX01,2024,1.74
GLOBAL,PWRBIOIDNXX01,2025,1.74
GLOBAL,PWRBIOIDNXX01,2026,1.74
GLOBAL,PWRBIOIDNXX01,2027,1.74
GLOBAL,PWRBIOIDNXX01,2028,1.74
GLOBAL,PWRBIOIDNXX01,2029,1.74
GLOBAL,PWRBIOIDNXX01,2030,1.74
GLOBAL,PWRBIOIDNXX01,2031,1.74
GLOBAL,PWRBIOIDNXX01,2032,0.0
GLOBAL,PWRBIOIDNXX01,2033,0.0
GLOBAL,PWRBIOIDNXX01,2034,0.0
GLOBAL,PWRBIOIDNXX01,2035,0.0
GLOBAL,PWRBIOIDNXX01,2036,0.0
GLOBAL,PWRBIOIDNXX01,2037,0.0
GLOBAL,PWRBIOIDNXX01,2038,0.0
GLOBAL,PWRBIOIDNXX01,2039,0.0
GLOBAL,PWRBIOIDNXX01,2040,0.0
GLOBAL,PWRBIOIDNXX01,2041,0.0
GLOBAL,PWRBIOIDNXX01,2042,0.0
GLOBAL,PWRBIOIDNXX01,2043,0.0
GLOBAL,PWRBIOIDNXX01,2044,0.0
GLOBAL,PWRBIOIDNXX01,2045,0.0
GLOBAL,PWRBIOIDNXX01,2046,0.0
GLOBAL,PWRBIOIDNXX01,2047,0.0
GLOBAL,PWRBIOIDNXX01,2048,0.0
GLOBAL,PWRBIOIDNXX01,2049,0.0
GLOBAL,PWRBIOIDNXX01,2050,0.0
GLOBAL,PWRCCGIDNXX00,2021,14.132
GLOBAL,PWRCCGIDNXX00,2022,14.132
GLOBAL,PWRCCGIDNXX00,2023,14.132
GLOBAL,PWRCCGIDNXX00,2024,14.132
GLOBAL,PWRCCGIDNXX00,2025,0.0
GLOBAL,PWRCCGIDNXX00,2026,0.0
GLOBAL,PWRCCGIDNXX00,2027,0.0
GLOBAL,PWRCCGIDNXX00,2028,0.0
GLOBAL,PWRCCGIDNXX00,2029,0.0
GLOBAL,PWRCCGIDNXX00,2030,0.0
GLOBAL,PWRCCGIDNXX00,2031,0.0
GLOBAL,PWRCCGIDNXX00,2032,0.0
GLOBAL,PWRCCGIDNXX00,2033,0.0
GLOBAL,PWRCCGIDNXX00,2034,0.0
GLOBAL,PWRCCGIDNXX00,2035,0.0
GLOBAL,PWRCCGIDNXX00,2036,0.0
GLOBAL,PWRCCGIDNXX00,2037,0.0
GLOBAL,PWRCCGIDNXX00,2038,0.0
GLOBAL,PWRCCGIDNXX00,2039,0.0
GLOBAL,PWRCCGIDNXX00,2040,0.0
GLOBAL,PWRCCGIDNXX00,2041,0.0
GLOBAL,PWRCCGIDNXX00,2042,0.0
GLOBAL,PWRCCGIDNXX00,2043,0.0
GLOBAL,PWRCCGIDNXX00,2044,0.0
GLOBAL,PWRCCGIDNXX00,2045,0.0
GLOBAL,PWRCCGIDNXX00,2046,0.0
GLOBAL,PWRCCGIDNXX00,2047,0.0
GLOBAL,PWRCCGIDNXX00,2048,0.0
GLOBAL,PWRCCGIDNXX00,2049,0.0
GLOBAL,PWRCCGIDNXX00,2050,0.0
GLOBAL,PWRCOAIDNXX01,2021,34.3975
GLOBAL,PWRCOAIDNXX01,2022,34.3975
GLOBAL,PWRCOAIDNXX01,2023,34.3975
GLOBAL,PWRCOAIDNXX01,2024,34.3975
GLOBAL,PWRCOAIDNXX01,2025,34.3975
GLOBAL,PWRCOAIDNXX01,2026,34.3975
GLOBAL,PWRCOAIDNXX01,2027,34.3975
GLOBAL,PWRCOAIDNXX01,2028,6.676
GLOBAL,PWRCOAIDNXX01,2029,6.481
GLOBAL,PWRCOAIDNXX01,2030,6.357
GLOBAL,PWRCOAIDNXX01,2031,6.357
GLOBAL,PWRCOAIDNXX01,2032,6.357
GLOBAL,PWRCOAIDNXX01,2033,6.357
GLOBAL,PWRCOAIDNXX01,2034,6.357
GLOBAL,PWRCOAIDNXX01,2035,6.357
GLOBAL,PWRCOAIDNXX01,2036,6.357
GLOBAL,PWRCOAIDNXX01,2037,6.297
GLOBAL,PWRCOAIDNXX01,2038,6.297
GLOBAL,PWRCOAIDNXX01,2039,6.297
GLOBAL,PWRCOAIDNXX01,2040,5.541
GLOBAL,PWRCOAIDNXX01,2041,5.541
GLOBAL,PWRCOAIDNXX01,2042,3.651
GLOBAL,PWRCOAIDNXX01,2043,2.892
GLOBAL,PWRCOAIDNXX01,2044,2.892
GLOBAL,PWRCOAIDNXX01,2045,2.772
GLOBAL,PWRCOAIDNXX01,2046,1.58
GLOBAL,PWRCOAIDNXX01,2047,1.0
GLOBAL,PWRCOAIDNXX01,2048,0.0
GLOBAL,PWRCOAIDNXX01,2049,0.0
GLOBAL,PWRCOAIDNXX01,2050,0.0
GLOBAL,PWRGEOIDNXX01,2021,1.404
GLOBAL,PWRGEOIDNXX01,2022,1.404
GLOBAL,PWRGEOIDNXX01,2023,1.404
GLOBAL,PWRGEOIDNXX01,2024,1.404
GLOBAL,PWRGEOIDNXX01,2025,1.404
GLOBAL,PWRGEOIDNXX01,2026,0.0
GLOBAL,PWRGEOIDNXX01,2027,0.0
GLOBAL,PWRGEOIDNXX01,2028,0.0
GLOBAL,PWRGEOIDNXX01,2029,0.0
GLOBAL,PWRGEOIDNXX01,2030,0.0
GLOBAL,PWRGEOIDNXX01,2031,0.0
GLOBAL,PWRGEOIDNXX01,2032,0.0
GLOBAL,PWRGEOIDNXX01,2033,0.0
GLOBAL,PWRGEOIDNXX01,2034,0.0
GLOBAL,PWRGEOIDNXX01,2035,0.0
GLOBAL,PWRGEOIDNXX01,2036,0.0
GLOBAL,PWRGEOIDNXX01,2037,0.0
GLOBAL,PWRGEOIDNXX01,2038,0.0
GLOBAL,PWRGEOIDNXX01,2039,0.0
GLOBAL,PWRGEOIDNXX01,2040,0.0
GLOBAL,PWRGEOIDNXX01,2041,0.0
GLOBAL,PWRGEOIDNXX01,2042,0.0
GLOBAL,PWRGEOIDNXX01,2043,0.0
GLOBAL,PWRGEOIDNXX01,2044,0.0
GLOBAL,PWRGEOIDNXX01,2045,0.0
GLOBAL,PWRGEOIDNXX01,2046,0.0
GLOBAL,PWRGEOIDNXX01,2047,0.0
GLOBAL,PWRGEOIDNXX01,2048,0.0
GLOBAL,PWRGEOIDNXX01,2049,0.0
GLOBAL,PWRGEOIDNXX01,2050,0.0
GLOBAL,PWRHYDIDNXX01,2021,5.4034
GLOBAL,PWRHYDIDNXX01,2022,5.4034
GLOBAL,PWRHYDIDNXX01,2023,5.4034
GLOBAL,PWRHYDIDNXX01,2024,5.4034
GLOBAL,PWRHYDIDNXX01,2025,5.4034
GLOBAL,PWRHYDIDNXX01,2026,5.4034
GLOBAL,PWRHYDIDNXX01,2027,5.4034
GLOBAL,PWRHYDIDNXX01,2028,5.4034
GLOBAL,PWRHYDIDNXX01,2029,5.4034
GLOBAL,PWRHYDIDNXX01,2030,5.4034
GLOBAL,PWRHYDIDNXX01,2031,5.4034
GLOBAL,PWRHYDIDNXX01,2032,5.4034
GLOBAL,PWRHYDIDNXX01,2033,5.4034
GLOBAL,PWRHYDIDNXX01,2034,5.4034
GLOBAL,PWRHYDIDNXX01,2035,5.4034
GLOBAL,PWRHYDIDNXX01,2036,5.4034
GLOBAL,PWRHYDIDNXX01,2037,5.4034
GLOBAL,PWRHYDIDNXX01,2038,5.4034
GLOBAL,PWRHYDIDNXX01,2039,5.4034
GLOBAL,PWRHYDIDNXX01,2040,5.4034
GLOBAL,PWRHYDIDNXX01,2041,5.4034
GLOBAL,PWRHYDIDNXX01,2042,5.4034
GLOBAL,PWRHYDIDNXX01,2043,5.4034
GLOBAL,PWRHYDIDNXX01,2044,5.4034
GLOBAL,PWRHYDIDNXX01,2045,5.4034
GLOBAL,PWRHYDIDNXX01,2046,5.4034
GLOBAL,PWRHYDIDNXX01,2047,5.4034
GLOBAL,PWRHYDIDNXX01,2048,5.4034
GLOBAL,PWRHYDIDNXX01,2049,5.4034
GLOBAL,PWRHYDIDNXX01,2050,5.4034
GLOBAL,PWROCGIDNXX00,2021,1.015
GLOBAL,PWROCGIDNXX00,2022,1.015
GLOBAL,PWROCGIDNXX00,2023,1.015
GLOBAL,PWROCGIDNXX00,2024,1.015
GLOBAL,PWROCGIDNXX00,2025,0.0
GLOBAL,PWROCGIDNXX00,2026,0.0
GLOBAL,PWROCGIDNXX00,2027,0.0
GLOBAL,PWROCGIDNXX00,2028,0.0
GLOBAL,PWROCGIDNXX00,2029,0.0
GLOBAL,PWROCGIDNXX00,2030,0.0
GLOBAL,PWROCGIDNXX00,2031,0.0
GLOBAL,PWROCGIDNXX00,2032,0.0
GLOBAL,PWROCGIDNXX00,2033,0.0
GLOBAL,PWROCGIDNXX00,2034,0.0
GLOBAL,PWROCGIDNXX00,2035,0.0
GLOBAL,PWROCGIDNXX00,2036,0.0
GLOBAL,PWROCGIDNXX00,2037,0.0
GLOBAL,PWROCGIDNXX00,2038,0.0
GLOBAL,PWROCGIDNXX00,2039,0.0
GLOBAL,PWROCGIDNXX00,2040,0.0
GLOBAL,PWROCGIDNXX00,2041,0.0
GLOBAL,PWROCGIDNXX00,2042,0.0
GLOBAL,PWROCGIDNXX00,2043,0.0
GLOBAL,PWROCGIDNXX00,2044,0.0
GLOBAL,PWROCGIDNXX00,2045,0.0
GLOBAL,PWROCGIDNXX00,2046,0.0
GLOBAL,PWROCGIDNXX00,2047,0.0
GLOBAL,PWROCGIDNXX00,2048,0.0
GLOBAL,PWROCGIDNXX00,2049,0.0
GLOBAL,PWROCGIDNXX00,2050,0.0
GLOBAL,PWROILIDNXX01,2021,0.8367
GLOBAL,PWROILIDNXX01,2022,0.8367
GLOBAL,PWROILIDNXX01,2023,0.8367
GLOBAL,PWROILIDNXX01,2024,0.8367
GLOBAL,PWROILIDNXX01,2025,0.8367
GLOBAL,PWROILIDNXX01,2026,0.8367
GLOBAL,PWROILIDNXX01,2027,0.0
GLOBAL,PWROILIDNXX01,2028,0.0
GLOBAL,PWROILIDNXX01,2029,0.0
GLOBAL,PWROILIDNXX01,2030,0.0
GLOBAL,PWROILIDNXX01,2031,0.0
GLOBAL,PWROILIDNXX01,2032,0.0
GLOBAL,PWROILIDNXX01,2033,0.0
GLOBAL,PWROILIDNXX01,2034,0.0
GLOBAL,PWROILIDNXX01,2035,0.0
GLOBAL,PWROILIDNXX01,2036,0.0
GLOBAL,PWROILIDNXX01,2037,0.0
GLOBAL,PWROILIDNXX01,2038,0.0
GLOBAL,PWROILIDNXX01,2039,0.0
GLOBAL,PWROILIDNXX01,2040,0.0
GLOBAL,PWROILIDNXX01,2041,0.0
GLOBAL,PWROILIDNXX01,2042,0.0
GLOBAL,PWROILIDNXX01,2043,0.0
GLOBAL,PWROILIDNXX01,2044,0.0
GLOBAL,PWROILIDNXX01,2045,0.0
GLOBAL,PWROILIDNXX01,2046,0.0
GLOBAL,PWROILIDNXX01,2047,0.0
GLOBAL,PWROILIDNXX01,2048,0.0
GLOBAL,PWROILIDNXX01,2049,0.0
GLOBAL,PWROILIDNXX01,2050,0.0
GLOBAL,PWRSPVINDEA01,2050,0.0
GLOBAL,PWROCGINDNE00,2049,0.0
GLOBAL,PWROCGINDNE00,2050,0.0
GLOBAL,PWRCSPINDNO01,2021,0.3555
GLOBAL,PWRCSPINDNO01,2022,0.3555
GLOBAL,PWRCSPINDNO01,2023,0.3555
GLOBAL,PWRCSPINDNO01,2024,0.3555
GLOBAL,PWRCSPINDNO01,2025,0.3555
GLOBAL,PWRCSPINDNO01,2026,0.3555
GLOBAL,PWRCSPINDNO01,2027,0.3555
GLOBAL,PWRCSPINDNO01,2028,0.3555
GLOBAL,PWRCSPINDNO01,2029,0.3555
GLOBAL,PWRCSPINDNO01,2030,0.3555
GLOBAL,PWRCSPINDNO01,2031,0.3555
GLOBAL,PWRCSPINDNO01,2032,0.3555
GLOBAL,PWRCSPINDNO01,2033,0.3555
GLOBAL,PWRCSPINDNO01,2034,0.3555
GLOBAL,PWRCSPINDNO01,2035,0.3555
GLOBAL,PWRCSPINDNO01,2036,0.3555
GLOBAL,PWRCSPINDNO01,2037,0.3555
GLOBAL,PWRCSPINDNO01,2038,0.3555
GLOBAL,PWRCSPINDNO01,2039,0.3555
GLOBAL,PWRCSPINDNO01,2040,0.178
GLOBAL,PWRCSPINDNO01,2041,0.178
GLOBAL,PWRCSPINDNO01,2042,0.175
GLOBAL,PWRCSPINDNO01,2043,0.175
GLOBAL,PWRCSPINDNO01,2044,0.125
GLOBAL,PWRCSPINDNO01,2045,0.0
GLOBAL,PWRCSPINDNO01,2046,0.0
GLOBAL,PWRCSPINDNO01,2047,0.0
GLOBAL,PWRCSPINDNO01,2048,0.0
GLOBAL,PWRCSPINDNO01,2049,0.0
GLOBAL,PWRCSPINDNO01,2050,0.0
GLOBAL,PWROCGINDNO00,2043,0.0
GLOBAL,PWROCGINDNO00,2044,0.0
GLOBAL,PWROCGINDNO00,2045,0.0
GLOBAL,PWROCGINDNO00,2046,0.0
GLOBAL,PWROCGINDNO00,2047,0.0
GLOBAL,PWROCGINDNO00,2048,0.0
GLOBAL,PWROCGINDNO00,2049,0.0
GLOBAL,PWROCGINDNO00,2050,0.0
GLOBAL,PWROILINDNO01,2021,0.175
GLOBAL,PWROILINDNO01,2022,0.175
GLOBAL,PWROILINDNO01,2023,0.0
GLOBAL,PWROILINDNO01,2024,0.0
GLOBAL,PWROILINDNO01,2025,0.0
GLOBAL,PWROILINDNO01,2026,0.0
GLOBAL,PWROILINDNO01,2027,0.0
GLOBAL,PWROILINDNO01,2028,0.0
GLOBAL,PWROILINDNO01,2029,0.0
GLOBAL,PWROILINDNO01,2030,0.0
GLOBAL,PWROILINDNO01,2031,0.0
GLOBAL,PWROILINDNO01,2032,0.0
GLOBAL,PWROILINDNO01,2033,0.0
GLOBAL,PWROILINDNO01,2034,0.0
GLOBAL,PWROILINDNO01,2035,0.0
GLOBAL,PWROILINDNO01,2036,0.0
GLOBAL,PWROILINDNO01,2037,0.0
GLOBAL,PWROILINDNO01,2038,0.0
GLOBAL,PWROILINDNO01,2039,0.0
GLOBAL,PWROILINDNO01,2040,0.0
GLOBAL,PWROILINDNO01,2041,0.0
GLOBAL,PWROILINDNO01,2042,0.0
GLOBAL,PWROILINDNO01,2043,0.0
GLOBAL,PWROILINDNO01,2044,0.0
GLOBAL,PWROILINDNO01,2045,0.0
GLOBAL,PWROILINDNO01,2046,0.0
GLOBAL,PWROILINDNO01,2047,0.0
GLOBAL,PWROILINDNO01,2048,0.0
GLOBAL,PWROILINDNO01,2049,0.0
GLOBAL,PWROILINDNO01,2050,0.0
GLOBAL,PWRBIOINDSO01,2021,2.4291
GLOBAL,PWRBIOINDSO01,2022,2.4291
GLOBAL,PWRBIOINDSO01,2023,2.4291
GLOBAL,PWRBIOINDSO01,2024,2.4291
GLOBAL,PWRBIOINDSO01,2025,2.4291
GLOBAL,PWRBIOINDSO01,2026,2.4291
GLOBAL,PWRBIOINDSO01,2027,2.4291
GLOBAL,PWRBIOINDSO01,2028,2.4291
GLOBAL,PWRBIOINDSO01,2029,2.4291
GLOBAL,PWRBIOINDSO01,2030,2.4291
GLOBAL,PWRBIOINDSO01,2031,2.4291
GLOBAL,PWRBIOINDSO01,2032,0.0
GLOBAL,PWRBIOINDSO01,2033,0.0
GLOBAL,PWRBIOINDSO01,2034,0.0
GLOBAL,PWRBIOINDSO01,2035,0.0
GLOBAL,PWRBIOINDSO01,2036,0.0
GLOBAL,PWRBIOINDSO01,2037,0.0
GLOBAL,PWRBIOINDSO01,2038,0.0
GLOBAL,PWRBIOINDSO01,2039,0.0
GLOBAL,PWRBIOINDSO01,2040,0.0
GLOBAL,PWRBIOINDSO01,2041,0.0
GLOBAL,PWRBIOINDSO01,2042,0.0
GLOBAL,PWRBIOINDSO01,2043,0.0
GLOBAL,PWRBIOINDSO01,2044,0.0
GLOBAL,PWRBIOINDSO01,2045,0.0
GLOBAL,PWRBIOINDSO01,2046,0.0
GLOBAL,PWRBIOINDSO01,2047,0.0
GLOBAL,PWRBIOINDSO01,2048,0.0
GLOBAL,PWRBIOINDSO01,2049,0.0
GLOBAL,PWRBIOINDSO01,2050,0.0
GLOBAL,PWRCSPINDSO01,2021,0.1
GLOBAL,PWRCSPINDSO01,2022,0.1
GLOBAL,PWRCSPINDSO01,2023,0.1
GLOBAL,PWRCSPINDSO01,2024,0.1
GLOBAL,PWRCSPINDSO01,2025,0.1
GLOBAL,PWRCSPINDSO01,2026,0.1
GLOBAL,PWRCSPINDSO01,2027,0.1
GLOBAL,PWRCSPINDSO01,2028,0.1
GLOBAL,PWRCSPINDSO01,2029,0.1
GLOBAL,PWRCSPINDSO01,2030,0.1
GLOBAL,PWRCSPINDSO01,2031,0.1
GLOBAL,PWRCSPINDSO01,2032,0.1
GLOBAL,PWRCSPINDSO01,2033,0.1
GLOBAL,PWRCSPINDSO01,2034,0.1
GLOBAL,PWRCSPINDSO01,2035,0.1
GLOBAL,PWRCSPINDSO01,2036,0.1
GLOBAL,PWRCSPINDSO01,2037,0.1
GLOBAL,PWRCSPINDSO01,2038,0.1
GLOBAL,PWRCSPINDSO01,2039,0.1
GLOBAL,PWRCSPINDSO01,2040,0.0
GLOBAL,PWRCSPINDSO01,2041,0.0
GLOBAL,PWRCSPINDSO01,2042,0.0
GLOBAL,PWRCSPINDSO01,2043,0.0
GLOBAL,PWRCSPINDSO01,2044,0.0
GLOBAL,PWRCSPINDSO01,2045,0.0
GLOBAL,PWRCSPINDSO01,2046,0.0
GLOBAL,PWRCSPINDSO01,2047,0.0
GLOBAL,PWRCSPINDSO01,2048,0.0
GLOBAL,PWRCSPINDSO01,2049,0.0
GLOBAL,PWRCSPINDSO01,2050,0.0
GLOBAL,PWROCGINDSO00,2046,0.0
GLOBAL,PWROCGINDSO00,2047,0.0
GLOBAL,PWROCGINDSO00,2048,0.0
GLOBAL,PWROCGINDSO00,2049,0.0
GLOBAL,PWROCGINDSO00,2050,0.0
GLOBAL,PWROILINDSO01,2021,0.697
GLOBAL,PWROILINDSO01,2022,0.697
GLOBAL,PWROILINDSO01,2023,0.697
GLOBAL,PWROILINDSO01,2024,0.59
GLOBAL,PWROILINDSO01,2025,0.59
GLOBAL,PWROILINDSO01,2026,0.59
GLOBAL,PWROILINDSO01,2027,0.59
GLOBAL,PWROILINDSO01,2028,0.53
GLOBAL,PWROILINDSO01,2029,0.308
GLOBAL,PWROILINDSO01,2030,0.212
GLOBAL,PWROILINDSO01,2031,0.212
GLOBAL,PWROILINDSO01,2032,0.0
GLOBAL,PWROILINDSO01,2033,0.0
GLOBAL,PWROILINDSO01,2034,0.0
GLOBAL,PWROILINDSO01,2035,0.0
GLOBAL,PWROILINDSO01,2036,0.0
GLOBAL,PWROILINDSO01,2037,0.0
GLOBAL,PWROILINDSO01,2038,0.0
GLOBAL,PWROILINDSO01,2039,0.0
GLOBAL,PWROILINDSO01,2040,0.0
GLOBAL,PWROILINDSO01,2041,0.0
GLOBAL,PWROILINDSO01,2042,0.0
GLOBAL,PWROILINDSO01,2043,0.0
GLOBAL,PWROILINDSO01,2044,0.0
GLOBAL,PWROILINDSO01,2045,0.0
GLOBAL,PWROILINDSO01,2046,0.0
GLOBAL,PWROILINDSO01,2047,0.0
GLOBAL,PWROILINDSO01,2048,0.0
GLOBAL,PWROILINDSO01,2049,0.0
GLOBAL,PWROILINDSO01,2050,0.0
GLOBAL,PWRCCGINDWE00,2048,0.0
GLOBAL,PWRCCGINDWE00,2049,0.0
GLOBAL,PWRCCGINDWE00,2050,0.0
GLOBAL,PWROCGINDWE00,2047,0.0
GLOBAL,PWROCGINDWE00,2048,0.0
GLOBAL,PWROCGINDWE00,2049,0.0
GLOBAL,PWROCGINDWE00,2050,0.0
GLOBAL,PWROILINDWE01,2021,1.011
GLOBAL,PWROILINDWE01,2022,1.011
GLOBAL,PWROILINDWE01,2023,1.011
GLOBAL,PWROILINDWE01,2024,1.011
GLOBAL,PWROILINDWE01,2025,1.011
GLOBAL,PWROILINDWE01,2026,1.011
GLOBAL,PWROILINDWE01,2027,0.65
GLOBAL,PWROILINDWE01,2028,0.65
GLOBAL,PWROILINDWE01,2029,0.5
GLOBAL,PWROILINDWE01,2030,0.5
GLOBAL,PWROILINDWE01,2031,0.5
GLOBAL,PWROILINDWE01,2032,0.5
GLOBAL,PWROILINDWE01,2033,0.5
GLOBAL,PWROILINDWE01,2034,0.0
GLOBAL,PWROILINDWE01,2035,0.0
GLOBAL,PWROILINDWE01,2036,0.0
GLOBAL,PWROILINDWE01,2037,0.0
GLOBAL,PWROILINDWE01,2038,0.0
GLOBAL,PWROILINDWE01,2039,0.0
GLOBAL,PWROILINDWE01,2040,0.0
GLOBAL,PWROILINDWE01,2041,0.0
GLOBAL,PWROILINDWE01,2042,0.0
GLOBAL,PWROILINDWE01,2043,0.0
GLOBAL,PWROILINDWE01,2044,0.0
GLOBAL,PWROILINDWE01,2045,0.0
GLOBAL,PWROILINDWE01,2046,0.0
GLOBAL,PWROILINDWE01,2047,0.0
GLOBAL,PWROILINDWE01,2048,0.0
GLOBAL,PWROILINDWE01,2049,0.0
GLOBAL,PWROILINDWE01,2050,0.0
GLOBAL,PWRBIOIRLXX01,2021,0.137
GLOBAL,PWRBIOIRLXX01,2022,0.137
GLOBAL,PWRBIOIRLXX01,2023,0.137
GLOBAL,PWRBIOIRLXX01,2024,0.137
GLOBAL,PWRBIOIRLXX01,2025,0.137
GLOBAL,PWRBIOIRLXX01,2026,0.137
GLOBAL,PWRBIOIRLXX01,2027,0.137
GLOBAL,PWRBIOIRLXX01,2028,0.137
GLOBAL,PWRBIOIRLXX01,2029,0.137
GLOBAL,PWRBIOIRLXX01,2030,0.137
GLOBAL,PWRBIOIRLXX01,2031,0.137
GLOBAL,PWRBIOIRLXX01,2032,0.0
GLOBAL,PWRBIOIRLXX01,2033,0.0
GLOBAL,PWRBIOIRLXX01,2034,0.0
GLOBAL,PWRBIOIRLXX01,2035,0.0
GLOBAL,PWRBIOIRLXX01,2036,0.0
GLOBAL,PWRBIOIRLXX01,2037,0.0
GLOBAL,PWRBIOIRLXX01,2038,0.0
GLOBAL,PWRBIOIRLXX01,2039,0.0
GLOBAL,PWRBIOIRLXX01,2040,0.0
GLOBAL,PWRBIOIRLXX01,2041,0.0
GLOBAL,PWRBIOIRLXX01,2042,0.0
GLOBAL,PWRBIOIRLXX01,2043,0.0
GLOBAL,PWRBIOIRLXX01,2044,0.0
GLOBAL,PWRBIOIRLXX01,2045,0.0
GLOBAL,PWRBIOIRLXX01,2046,0.0
GLOBAL,PWRBIOIRLXX01,2047,0.0
GLOBAL,PWRBIOIRLXX01,2048,0.0
GLOBAL,PWRBIOIRLXX01,2049,0.0
GLOBAL,PWRBIOIRLXX01,2050,0.0
GLOBAL,PWRCCGIRLXX00,2021,3.608
GLOBAL,PWRCCGIRLXX00,2022,3.608
GLOBAL,PWRCCGIRLXX00,2023,3.608
GLOBAL,PWRCCGIRLXX00,2024,3.608
GLOBAL,PWRCCGIRLXX00,2025,0.0
GLOBAL,PWRCCGIRLXX00,2026,0.0
GLOBAL,PWRCCGIRLXX00,2027,0.0
GLOBAL,PWRCCGIRLXX00,2028,0.0
GLOBAL,PWRCCGIRLXX00,2029,0.0
GLOBAL,PWRCCGIRLXX00,2030,0.0
GLOBAL,PWRCCGIRLXX00,2031,0.0
GLOBAL,PWRCCGIRLXX00,2032,0.0
GLOBAL,PWRCCGIRLXX00,2033,0.0
GLOBAL,PWRCCGIRLXX00,2034,0.0
GLOBAL,PWRCCGIRLXX00,2035,0.0
GLOBAL,PWRCCGIRLXX00,2036,0.0
GLOBAL,PWRCCGIRLXX00,2037,0.0
GLOBAL,PWRCCGIRLXX00,2038,0.0
GLOBAL,PWRCCGIRLXX00,2039,0.0
GLOBAL,PWRCCGIRLXX00,2040,0.0
GLOBAL,PWRCCGIRLXX00,2041,0.0
GLOBAL,PWRCCGIRLXX00,2042,0.0
GLOBAL,PWRCCGIRLXX00,2043,0.0
GLOBAL,PWRCCGIRLXX00,2044,0.0
GLOBAL,PWRCCGIRLXX00,2045,0.0
GLOBAL,PWRCCGIRLXX00,2046,0.0
GLOBAL,PWRCCGIRLXX00,2047,0.0
GLOBAL,PWRCCGIRLXX00,2048,0.0
GLOBAL,PWRCCGIRLXX00,2049,0.0
GLOBAL,PWRCCGIRLXX00,2050,0.0
GLOBAL,PWRCOAIRLXX01,2021,1.2
GLOBAL,PWRCOAIRLXX01,2022,1.2
GLOBAL,PWRCOAIRLXX01,2023,1.2
GLOBAL,PWRCOAIRLXX01,2024,1.2
GLOBAL,PWRCOAIRLXX01,2025,1.2
GLOBAL,PWRCOAIRLXX01,2026,1.2
GLOBAL,PWRCOAIRLXX01,2027,1.2
GLOBAL,PWRCOAIRLXX01,2028,0.916
GLOBAL,PWRCOAIRLXX01,2029,0.916
GLOBAL,PWRCOAIRLXX01,2030,0.916
GLOBAL,PWRCOAIRLXX01,2031,0.916
GLOBAL,PWRCOAIRLXX01,2032,0.916
GLOBAL,PWRCOAIRLXX01,2033,0.916
GLOBAL,PWRCOAIRLXX01,2034,0.0
GLOBAL,PWRCOAIRLXX01,2035,0.0
GLOBAL,PWRCOAIRLXX01,2036,0.0
GLOBAL,PWRCOAIRLXX01,2037,0.0
GLOBAL,PWRCOAIRLXX01,2038,0.0
GLOBAL,PWRCOAIRLXX01,2039,0.0
GLOBAL,PWRCOAIRLXX01,2040,0.0
GLOBAL,PWRCOAIRLXX01,2041,0.0
GLOBAL,PWRCOAIRLXX01,2042,0.0
GLOBAL,PWRCOAIRLXX01,2043,0.0
GLOBAL,PWRCOAIRLXX01,2044,0.0
GLOBAL,PWRCOAIRLXX01,2045,0.0
GLOBAL,PWRCOAIRLXX01,2046,0.0
GLOBAL,PWRCOAIRLXX01,2047,0.0
GLOBAL,PWRCOAIRLXX01,2048,0.0
GLOBAL,PWRCOAIRLXX01,2049,0.0
GLOBAL,PWRCOAIRLXX01,2050,0.0
GLOBAL,PWRHYDIRLXX01,2021,0.405
GLOBAL,PWRHYDIRLXX01,2022,0.405
GLOBAL,PWRHYDIRLXX01,2023,0.405
GLOBAL,PWRHYDIRLXX01,2024,0.405
GLOBAL,PWRHYDIRLXX01,2025,0.405
GLOBAL,PWRHYDIRLXX01,2026,0.405
GLOBAL,PWRHYDIRLXX01,2027,0.405
GLOBAL,PWRHYDIRLXX01,2028,0.405
GLOBAL,PWRHYDIRLXX01,2029,0.405
GLOBAL,PWRHYDIRLXX01,2030,0.405
GLOBAL,PWRHYDIRLXX01,2031,0.405
GLOBAL,PWRHYDIRLXX01,2032,0.405
GLOBAL,PWRHYDIRLXX01,2033,0.405
GLOBAL,PWRHYDIRLXX01,2034,0.405
GLOBAL,PWRHYDIRLXX01,2035,0.405
GLOBAL,PWRHYDIRLXX01,2036,0.405
GLOBAL,PWRHYDIRLXX01,2037,0.405
GLOBAL,PWRHYDIRLXX01,2038,0.405
GLOBAL,PWRHYDIRLXX01,2039,0.405
GLOBAL,PWRHYDIRLXX01,2040,0.405
GLOBAL,PWRHYDIRLXX01,2041,0.405
GLOBAL,PWRHYDIRLXX01,2042,0.405
GLOBAL,PWRHYDIRLXX01,2043,0.405
GLOBAL,PWRHYDIRLXX01,2044,0.405
GLOBAL,PWRHYDIRLXX01,2045,0.405
GLOBAL,PWRHYDIRLXX01,2046,0.405
GLOBAL,PWRHYDIRLXX01,2047,0.405
GLOBAL,PWRHYDIRLXX01,2048,0.405
GLOBAL,PWRHYDIRLXX01,2049,0.405
GLOBAL,PWRHYDIRLXX01,2050,0.405
GLOBAL,PWROCGIRLXX00,2021,0.1965
GLOBAL,PWROCGIRLXX00,2022,0.1965
GLOBAL,PWROCGIRLXX00,2023,0.1965
GLOBAL,PWROCGIRLXX00,2024,0.1965
GLOBAL,PWROCGIRLXX00,2025,0.0
GLOBAL,PWROCGIRLXX00,2026,0.0
GLOBAL,PWROCGIRLXX00,2027,0.0
GLOBAL,PWROCGIRLXX00,2028,0.0
GLOBAL,PWROCGIRLXX00,2029,0.0
GLOBAL,PWROCGIRLXX00,2030,0.0
GLOBAL,PWROCGIRLXX00,2031,0.0
GLOBAL,PWROCGIRLXX00,2032,0.0
GLOBAL,PWROCGIRLXX00,2033,0.0
GLOBAL,PWROCGIRLXX00,2034,0.0
GLOBAL,PWROCGIRLXX00,2035,0.0
GLOBAL,PWROCGIRLXX00,2036,0.0
GLOBAL,PWROCGIRLXX00,2037,0.0
GLOBAL,PWROCGIRLXX00,2038,0.0
GLOBAL,PWROCGIRLXX00,2039,0.0
GLOBAL,PWROCGIRLXX00,2040,0.0
GLOBAL,PWROCGIRLXX00,2041,0.0
GLOBAL,PWROCGIRLXX00,2042,0.0
GLOBAL,PWROCGIRLXX00,2043,0.0
GLOBAL,PWROCGIRLXX00,2044,0.0
GLOBAL,PWROCGIRLXX00,2045,0.0
GLOBAL,PWROCGIRLXX00,2046,0.0
GLOBAL,PWROCGIRLXX00,2047,0.0
GLOBAL,PWROCGIRLXX00,2048,0.0
GLOBAL,PWROCGIRLXX00,2049,0.0
GLOBAL,PWROCGIRLXX00,2050,0.0
GLOBAL,PWROILIRLXX01,2021,1.146
GLOBAL,PWROILIRLXX01,2022,1.146
GLOBAL,PWROILIRLXX01,2023,1.146
GLOBAL,PWROILIRLXX01,2024,1.146
GLOBAL,PWROILIRLXX01,2025,1.146
GLOBAL,PWROILIRLXX01,2026,1.146
GLOBAL,PWROILIRLXX01,2027,0.0
GLOBAL,PWROILIRLXX01,2028,0.0
GLOBAL,PWROILIRLXX01,2029,0.0
GLOBAL,PWROILIRLXX01,2030,0.0
GLOBAL,PWROILIRLXX01,2031,0.0
GLOBAL,PWROILIRLXX01,2032,0.0
GLOBAL,PWROILIRLXX01,2033,0.0
GLOBAL,PWROILIRLXX01,2034,0.0
GLOBAL,PWROILIRLXX01,2035,0.0
GLOBAL,PWROILIRLXX01,2036,0.0
GLOBAL,PWROILIRLXX01,2037,0.0
GLOBAL,PWROILIRLXX01,2038,0.0
GLOBAL,PWROILIRLXX01,2039,0.0
GLOBAL,PWROILIRLXX01,2040,0.0
GLOBAL,PWROILIRLXX01,2041,0.0
GLOBAL,PWROILIRLXX01,2042,0.0
GLOBAL,PWROILIRLXX01,2043,0.0
GLOBAL,PWROILIRLXX01,2044,0.0
GLOBAL,PWROILIRLXX01,2045,0.0
GLOBAL,PWROILIRLXX01,2046,0.0
GLOBAL,PWROILIRLXX01,2047,0.0
GLOBAL,PWROILIRLXX01,2048,0.0
GLOBAL,PWROILIRLXX01,2049,0.0
GLOBAL,PWROILIRLXX01,2050,0.0
GLOBAL,PWRWOFIRLXX01,2021,0.0252
GLOBAL,PWRWOFIRLXX01,2022,0.0252
GLOBAL,PWRWOFIRLXX01,2023,0.0252
GLOBAL,PWRWOFIRLXX01,2024,0.0252
GLOBAL,PWRWOFIRLXX01,2025,0.0252
GLOBAL,PWRWOFIRLXX01,2026,0.0252
GLOBAL,PWRWOFIRLXX01,2027,0.0252
GLOBAL,PWRWOFIRLXX01,2028,0.0252
GLOBAL,PWRWOFIRLXX01,2029,0.0252
GLOBAL,PWRWOFIRLXX01,2030,0.0252
GLOBAL,PWRWOFIRLXX01,2031,0.0252
GLOBAL,PWRWOFIRLXX01,2032,0.0252
GLOBAL,PWRWOFIRLXX01,2033,0.0252
GLOBAL,PWRWOFIRLXX01,2034,0.0252
GLOBAL,PWRWOFIRLXX01,2035,0.0252
GLOBAL,PWRWOFIRLXX01,2036,0.0252
GLOBAL,PWRWOFIRLXX01,2037,0.0252
GLOBAL,PWRWOFIRLXX01,2038,0.0252
GLOBAL,PWRWOFIRLXX01,2039,0.0252
GLOBAL,PWRWOFIRLXX01,2040,0.0252
GLOBAL,PWRWOFIRLXX01,2041,0.0
GLOBAL,PWRWOFIRLXX01,2042,0.0
GLOBAL,PWRWOFIRLXX01,2043,0.0
GLOBAL,PWRWOFIRLXX01,2044,0.0
GLOBAL,PWRWOFIRLXX01,2045,0.0
GLOBAL,PWRWOFIRLXX01,2046,0.0
GLOBAL,PWRWOFIRLXX01,2047,0.0
GLOBAL,PWRWOFIRLXX01,2048,0.0
GLOBAL,PWRWOFIRLXX01,2049,0.0
GLOBAL,PWRWOFIRLXX01,2050,0.0
GLOBAL,PWRWONIRLXX01,2021,2.5122
GLOBAL,PWRWONIRLXX01,2022,2.5122
GLOBAL,PWRWONIRLXX01,2023,2.5062
GLOBAL,PWRWONIRLXX01,2024,2.5062
GLOBAL,PWRWONIRLXX01,2025,2.5062
GLOBAL,PWRWONIRLXX01,2026,2.5062
GLOBAL,PWRWONIRLXX01,2027,2.5062
GLOBAL,PWRWONIRLXX01,2028,2.5062
GLOBAL,PWRWONIRLXX01,2029,2.5062
GLOBAL,PWRWONIRLXX01,2030,2.5062
GLOBAL,PWRWONIRLXX01,2031,2.5002
GLOBAL,PWRWONIRLXX01,2032,2.5002
GLOBAL,PWRWONIRLXX01,2033,2.5002
GLOBAL,PWRWONIRLXX01,2034,2.4812
GLOBAL,PWRWONIRLXX01,2035,2.4782
GLOBAL,PWRWONIRLXX01,2036,2.3982
GLOBAL,PWRWONIRLXX01,2037,2.2182
GLOBAL,PWRWONIRLXX01,2038,2.1702
GLOBAL,PWRWONIRLXX01,2039,2.0942
GLOBAL,PWRWONIRLXX01,2040,0.712
GLOBAL,PWRWONIRLXX01,2041,0.705
GLOBAL,PWRWONIRLXX01,2042,0.609
GLOBAL,PWRWONIRLXX01,2043,0.566
GLOBAL,PWRWONIRLXX01,2044,0.434
GLOBAL,PWRWONIRLXX01,2045,0.24
GLOBAL,PWRWONIRLXX01,2046,0.095
GLOBAL,PWRWONIRLXX01,2047,0.0
GLOBAL,PWRWONIRLXX01,2048,0.0
GLOBAL,PWRWONIRLXX01,2049,0.0
GLOBAL,PWRWONIRLXX01,2050,0.0
GLOBAL,PWRBIOIRNXX01,2021,0.011
GLOBAL,PWRBIOIRNXX01,2022,0.011
GLOBAL,PWRBIOIRNXX01,2023,0.011
GLOBAL,PWRBIOIRNXX01,2024,0.011
GLOBAL,PWRBIOIRNXX01,2025,0.011
GLOBAL,PWRBIOIRNXX01,2026,0.011
GLOBAL,PWRBIOIRNXX01,2027,0.011
GLOBAL,PWRBIOIRNXX01,2028,0.011
GLOBAL,PWRBIOIRNXX01,2029,0.011
GLOBAL,PWRBIOIRNXX01,2030,0.011
GLOBAL,PWRBIOIRNXX01,2031,0.011
GLOBAL,PWRBIOIRNXX01,2032,0.0
GLOBAL,PWRBIOIRNXX01,2033,0.0
GLOBAL,PWRBIOIRNXX01,2034,0.0
GLOBAL,PWRBIOIRNXX01,2035,0.0
GLOBAL,PWRBIOIRNXX01,2036,0.0
GLOBAL,PWRBIOIRNXX01,2037,0.0
GLOBAL,PWRBIOIRNXX01,2038,0.0
GLOBAL,PWRBIOIRNXX01,2039,0.0
GLOBAL,PWRBIOIRNXX01,2040,0.0
GLOBAL,PWRBIOIRNXX01,2041,0.0
GLOBAL,PWRBIOIRNXX01,2042,0.0
GLOBAL,PWRBIOIRNXX01,2043,0.0
GLOBAL,PWRBIOIRNXX01,2044,0.0
GLOBAL,PWRBIOIRNXX01,2045,0.0
GLOBAL,PWRBIOIRNXX01,2046,0.0
GLOBAL,PWRBIOIRNXX01,2047,0.0
GLOBAL,PWRBIOIRNXX01,2048,0.0
GLOBAL,PWRBIOIRNXX01,2049,0.0
GLOBAL,PWRBIOIRNXX01,2050,0.0
GLOBAL,PWRCCGIRNXX00,2021,46.0444
GLOBAL,PWRCCGIRNXX00,2022,46.0444
GLOBAL,PWRCCGIRNXX00,2023,46.0444
GLOBAL,PWRCCGIRNXX00,2024,45.7924
GLOBAL,PWRCCGIRNXX00,2025,18.187
GLOBAL,PWRCCGIRNXX00,2026,18.023
GLOBAL,PWRCCGIRNXX00,2027,18.023
GLOBAL,PWRCCGIRNXX00,2028,18.023
GLOBAL,PWRCCGIRNXX00,2029,17.884
GLOBAL,PWRCCGIRNXX00,2030,17.884
GLOBAL,PWRCCGIRNXX00,2031,17.884
GLOBAL,PWRCCGIRNXX00,2032,17.884
GLOBAL,PWRCCGIRNXX00,2033,17.065
GLOBAL,PWRCCGIRNXX00,2034,15.774
GLOBAL,PWRCCGIRNXX00,2035,15.774
GLOBAL,PWRCCGIRNXX00,2036,15.188
GLOBAL,PWRCCGIRNXX00,2037,13.85
GLOBAL,PWRCCGIRNXX00,2038,12.896
GLOBAL,PWRCCGIRNXX00,2039,11.942
GLOBAL,PWRCCGIRNXX00,2040,10.97
GLOBAL,PWRCCGIRNXX00,2041,10.97
GLOBAL,PWRCCGIRNXX00,2042,6.202
GLOBAL,PWRCCGIRNXX00,2043,5.718
GLOBAL,PWRCCGIRNXX00,2044,4.514
GLOBAL,PWRCCGIRNXX00,2045,1.296
GLOBAL,PWRCCGIRNXX00,2046,0.0
GLOBAL,PWRCCGIRNXX00,2047,0.0
GLOBAL,PWRCCGIRNXX00,2048,0.0
GLOBAL,PWRCCGIRNXX00,2049,0.0
GLOBAL,PWRCCGIRNXX00,2050,0.0
GLOBAL,PWRHYDIRNXX01,2021,10.861
GLOBAL,PWRHYDIRNXX01,2022,10.861
GLOBAL,PWRHYDIRNXX01,2023,10.861
GLOBAL,PWRHYDIRNXX01,2024,10.861
GLOBAL,PWRHYDIRNXX01,2025,10.861
GLOBAL,PWRHYDIRNXX01,2026,10.861
GLOBAL,PWRHYDIRNXX01,2027,10.861
GLOBAL,PWRHYDIRNXX01,2028,10.861
GLOBAL,PWRHYDIRNXX01,2029,10.861
GLOBAL,PWRHYDIRNXX01,2030,10.861
GLOBAL,PWRHYDIRNXX01,2031,10.861
GLOBAL,PWRHYDIRNXX01,2032,10.861
GLOBAL,PWRHYDIRNXX01,2033,10.861
GLOBAL,PWRHYDIRNXX01,2034,10.861
GLOBAL,PWRHYDIRNXX01,2035,10.861
GLOBAL,PWRHYDIRNXX01,2036,10.861
GLOBAL,PWRHYDIRNXX01,2037,10.861
GLOBAL,PWRHYDIRNXX01,2038,10.861
GLOBAL,PWRHYDIRNXX01,2039,10.861
GLOBAL,PWRHYDIRNXX01,2040,10.861
GLOBAL,PWRHYDIRNXX01,2041,10.861
GLOBAL,PWRHYDIRNXX01,2042,10.861
GLOBAL,PWRHYDIRNXX01,2043,10.861
GLOBAL,PWRHYDIRNXX01,2044,10.861
GLOBAL,PWRHYDIRNXX01,2045,10.861
GLOBAL,PWRHYDIRNXX01,2046,10.861
GLOBAL,PWRHYDIRNXX01,2047,10.861
GLOBAL,PWRHYDIRNXX01,2048,10.861
GLOBAL,PWRHYDIRNXX01,2049,10.861
GLOBAL,PWRHYDIRNXX01,2050,10.861
GLOBAL,PWROCGIRNXX00,2021,0.716
GLOBAL,PWROCGIRNXX00,2022,0.716
GLOBAL,PWROCGIRNXX00,2023,0.716
GLOBAL,PWROCGIRNXX00,2024,0.716
GLOBAL,PWROCGIRNXX00,2025,0.52
GLOBAL,PWROCGIRNXX00,2026,0.52
GLOBAL,PWROCGIRNXX00,2027,0.52
GLOBAL,PWROCGIRNXX00,2028,0.52
GLOBAL,PWROCGIRNXX00,2029,0.4
GLOBAL,PWROCGIRNXX00,2030,0.4
GLOBAL,PWROCGIRNXX00,2031,0.4
GLOBAL,PWROCGIRNXX00,2032,0.4
GLOBAL,PWROCGIRNXX00,2033,0.35
GLOBAL,PWROCGIRNXX00,2034,0.23
GLOBAL,PWROCGIRNXX00,2035,0.23
GLOBAL,PWROCGIRNXX00,2036,0.23
GLOBAL,PWROCGIRNXX00,2037,0.23
GLOBAL,PWROCGIRNXX00,2038,0.23
GLOBAL,PWROCGIRNXX00,2039,0.23
GLOBAL,PWROCGIRNXX00,2040,0.0
GLOBAL,PWROCGIRNXX00,2041,0.0
GLOBAL,PWROCGIRNXX00,2042,0.0
GLOBAL,PWROCGIRNXX00,2043,0.0
GLOBAL,PWROCGIRNXX00,2044,0.0
GLOBAL,PWROCGIRNXX00,2045,0.0
GLOBAL,PWROCGIRNXX00,2046,0.0
GLOBAL,PWROCGIRNXX00,2047,0.0
GLOBAL,PWROCGIRNXX00,2048,0.0
GLOBAL,PWROCGIRNXX00,2049,0.0
GLOBAL,PWROCGIRNXX00,2050,0.0
GLOBAL,PWROILIRNXX01,2021,13.924
GLOBAL,PWROILIRNXX01,2022,13.924
GLOBAL,PWROILIRNXX01,2023,13.924
GLOBAL,PWROILIRNXX01,2024,13.924
GLOBAL,PWROILIRNXX01,2025,13.924
GLOBAL,PWROILIRNXX01,2026,13.285
GLOBAL,PWROILIRNXX01,2027,2.193
GLOBAL,PWROILIRNXX01,2028,2.193
GLOBAL,PWROILIRNXX01,2029,2.133
GLOBAL,PWROILIRNXX01,2030,2.133
GLOBAL,PWROILIRNXX01,2031,2.133
GLOBAL,PWROILIRNXX01,2032,2.133
GLOBAL,PWROILIRNXX01,2033,0.849
GLOBAL,PWROILIRNXX01,2034,0.05
GLOBAL,PWROILIRNXX01,2035,0.05
GLOBAL,PWROILIRNXX01,2036,0.05
GLOBAL,PWROILIRNXX01,2037,0.05
GLOBAL,PWROILIRNXX01,2038,0.0
GLOBAL,PWROILIRNXX01,2039,0.0
GLOBAL,PWROILIRNXX01,2040,0.0
GLOBAL,PWROILIRNXX01,2041,0.0
GLOBAL,PWROILIRNXX01,2042,0.0
GLOBAL,PWROILIRNXX01,2043,0.0
GLOBAL,PWROILIRNXX01,2044,0.0
GLOBAL,PWROILIRNXX01,2045,0.0
GLOBAL,PWROILIRNXX01,2046,0.0
GLOBAL,PWROILIRNXX01,2047,0.0
GLOBAL,PWROILIRNXX01,2048,0.0
GLOBAL,PWROILIRNXX01,2049,0.0
GLOBAL,PWROILIRNXX01,2050,0.0
GLOBAL,PWRSPVIRNXX01,2021,0.017
GLOBAL,PWRSPVIRNXX01,2022,0.017
GLOBAL,PWRSPVIRNXX01,2023,0.017
GLOBAL,PWRSPVIRNXX01,2024,0.017
GLOBAL,PWRSPVIRNXX01,2025,0.017
GLOBAL,PWRSPVIRNXX01,2026,0.017
GLOBAL,PWRSPVIRNXX01,2027,0.017
GLOBAL,PWRSPVIRNXX01,2028,0.017
GLOBAL,PWRSPVIRNXX01,2029,0.017
GLOBAL,PWRSPVIRNXX01,2030,0.017
GLOBAL,PWRSPVIRNXX01,2031,0.017
GLOBAL,PWRSPVIRNXX01,2032,0.017
GLOBAL,PWRSPVIRNXX01,2033,0.017
GLOBAL,PWRSPVIRNXX01,2034,0.017
GLOBAL,PWRSPVIRNXX01,2035,0.017
GLOBAL,PWRSPVIRNXX01,2036,0.017
GLOBAL,PWRSPVIRNXX01,2037,0.017
GLOBAL,PWRSPVIRNXX01,2038,0.017
GLOBAL,PWRSPVIRNXX01,2039,0.017
GLOBAL,PWRSPVIRNXX01,2040,0.0
GLOBAL,PWRSPVIRNXX01,2041,0.0
GLOBAL,PWRSPVIRNXX01,2042,0.0
GLOBAL,PWRSPVIRNXX01,2043,0.0
GLOBAL,PWRSPVIRNXX01,2044,0.0
GLOBAL,PWRSPVIRNXX01,2045,0.0
GLOBAL,PWRSPVIRNXX01,2046,0.0
GLOBAL,PWRSPVIRNXX01,2047,0.0
GLOBAL,PWRSPVIRNXX01,2048,0.0
GLOBAL,PWRSPVIRNXX01,2049,0.0
GLOBAL,PWRSPVIRNXX01,2050,0.0
GLOBAL,PWRURNIRNXX01,2021,1.0
GLOBAL,PWRURNIRNXX01,2022,1.0
GLOBAL,PWRURNIRNXX01,2023,1.0
GLOBAL,PWRURNIRNXX01,2024,1.0
GLOBAL,PWRURNIRNXX01,2025,1.0
GLOBAL,PWRURNIRNXX01,2026,1.0
GLOBAL,PWRURNIRNXX01,2027,1.0
GLOBAL,PWRURNIRNXX01,2028,1.0
GLOBAL,PWRURNIRNXX01,2029,1.0
GLOBAL,PWRURNIRNXX01,2030,1.0
GLOBAL,PWRURNIRNXX01,2031,1.0
GLOBAL,PWRURNIRNXX01,2032,1.0
GLOBAL,PWRURNIRNXX01,2033,1.0
GLOBAL,PWRURNIRNXX01,2034,1.0
GLOBAL,PWRURNIRNXX01,2035,1.0
GLOBAL,PWRURNIRNXX01,2036,1.0
GLOBAL,PWRURNIRNXX01,2037,1.0
GLOBAL,PWRURNIRNXX01,2038,1.0
GLOBAL,PWRURNIRNXX01,2039,1.0
GLOBAL,PWRURNIRNXX01,2040,1.0
GLOBAL,PWRURNIRNXX01,2041,1.0
GLOBAL,PWRURNIRNXX01,2042,1.0
GLOBAL,PWRURNIRNXX01,2043,1.0
GLOBAL,PWRURNIRNXX01,2044,1.0
GLOBAL,PWRURNIRNXX01,2045,1.0
GLOBAL,PWRURNIRNXX01,2046,1.0
GLOBAL,PWRURNIRNXX01,2047,1.0
GLOBAL,PWRURNIRNXX01,2048,1.0
GLOBAL,PWRURNIRNXX01,2049,1.0
GLOBAL,PWRURNIRNXX01,2050,1.0
GLOBAL,PWRWONIRNXX01,2021,0.118
GLOBAL,PWRWONIRNXX01,2022,0.118
GLOBAL,PWRWONIRNXX01,2023,0.118
GLOBAL,PWRWONIRNXX01,2024,0.118
GLOBAL,PWRWONIRNXX01,2025,0.118
GLOBAL,PWRWONIRNXX01,2026,0.118
GLOBAL,PWRWONIRNXX01,2027,0.118
GLOBAL,PWRWONIRNXX01,2028,0.118
GLOBAL,PWRWONIRNXX01,2029,0.118
GLOBAL,PWRWONIRNXX01,2030,0.118
GLOBAL,PWRWONIRNXX01,2031,0.118
GLOBAL,PWRWONIRNXX01,2032,0.118
GLOBAL,PWRWONIRNXX01,2033,0.118
GLOBAL,PWRWONIRNXX01,2034,0.118
GLOBAL,PWRWONIRNXX01,2035,0.118
GLOBAL,PWRWONIRNXX01,2036,0.118
GLOBAL,PWRWONIRNXX01,2037,0.118
GLOBAL,PWRWONIRNXX01,2038,0.118
GLOBAL,PWRWONIRNXX01,2039,0.118
GLOBAL,PWRWONIRNXX01,2040,0.1
GLOBAL,PWRWONIRNXX01,2041,0.1
GLOBAL,PWRWONIRNXX01,2042,0.1
GLOBAL,PWRWONIRNXX01,2043,0.1
GLOBAL,PWRWONIRNXX01,2044,0.1
GLOBAL,PWRWONIRNXX01,2045,0.0
GLOBAL,PWRWONIRNXX01,2046,0.0
GLOBAL,PWRWONIRNXX01,2047,0.0
GLOBAL,PWRWONIRNXX01,2048,0.0
GLOBAL,PWRWONIRNXX01,2049,0.0
GLOBAL,PWRWONIRNXX01,2050,0.0
GLOBAL,PWRCCGIRQXX00,2021,17.8957
GLOBAL,PWRCCGIRQXX00,2022,17.8957
GLOBAL,PWRCCGIRQXX00,2023,17.8957
GLOBAL,PWRCCGIRQXX00,2024,17.8957
GLOBAL,PWRCCGIRQXX00,2025,7.729
GLOBAL,PWRCCGIRQXX00,2026,7.729
GLOBAL,PWRCCGIRQXX00,2027,7.729
GLOBAL,PWRCCGIRQXX00,2028,7.729
GLOBAL,PWRCCGIRQXX00,2029,7.729
GLOBAL,PWRCCGIRQXX00,2030,7.729
GLOBAL,PWRCCGIRQXX00,2031,7.729
GLOBAL,PWRCCGIRQXX00,2032,7.729
GLOBAL,PWRCCGIRQXX00,2033,7.729
GLOBAL,PWRCCGIRQXX00,2034,7.729
GLOBAL,PWRCCGIRQXX00,2035,7.083
GLOBAL,PWRCCGIRQXX00,2036,6.831
GLOBAL,PWRCCGIRQXX00,2037,6.831
GLOBAL,PWRCCGIRQXX00,2038,6.831
GLOBAL,PWRCCGIRQXX00,2039,6.831
GLOBAL,PWRCCGIRQXX00,2040,6.831
GLOBAL,PWRCCGIRQXX00,2041,6.831
GLOBAL,PWRCCGIRQXX00,2042,6.261
GLOBAL,PWRCCGIRQXX00,2043,4.125
GLOBAL,PWRCCGIRQXX00,2044,2.145
GLOBAL,PWRCCGIRQXX00,2045,2.145
GLOBAL,PWRCCGIRQXX00,2046,2.145
GLOBAL,PWRCCGIRQXX00,2047,0.0
GLOBAL,PWRCCGIRQXX00,2048,0.0
GLOBAL,PWRCCGIRQXX00,2049,0.0
GLOBAL,PWRCCGIRQXX00,2050,0.0
GLOBAL,PWRHYDIRQXX01,2021,2.575
GLOBAL,PWRHYDIRQXX01,2022,2.575
GLOBAL,PWRHYDIRQXX01,2023,2.575
GLOBAL,PWRHYDIRQXX01,2024,2.575
GLOBAL,PWRHYDIRQXX01,2025,2.575
GLOBAL,PWRHYDIRQXX01,2026,2.575
GLOBAL,PWRHYDIRQXX01,2027,2.575
GLOBAL,PWRHYDIRQXX01,2028,2.575
GLOBAL,PWRHYDIRQXX01,2029,2.575
GLOBAL,PWRHYDIRQXX01,2030,2.575
GLOBAL,PWRHYDIRQXX01,2031,2.575
GLOBAL,PWRHYDIRQXX01,2032,2.575
GLOBAL,PWRHYDIRQXX01,2033,2.575
GLOBAL,PWRHYDIRQXX01,2034,2.575
GLOBAL,PWRHYDIRQXX01,2035,2.575
GLOBAL,PWRHYDIRQXX01,2036,2.575
GLOBAL,PWRHYDIRQXX01,2037,2.575
GLOBAL,PWRHYDIRQXX01,2038,2.575
GLOBAL,PWRHYDIRQXX01,2039,2.575
GLOBAL,PWRHYDIRQXX01,2040,2.575
GLOBAL,PWRHYDIRQXX01,2041,2.575
GLOBAL,PWRHYDIRQXX01,2042,2.575
GLOBAL,PWRHYDIRQXX01,2043,2.575
GLOBAL,PWRHYDIRQXX01,2044,2.575
GLOBAL,PWRHYDIRQXX01,2045,2.575
GLOBAL,PWRHYDIRQXX01,2046,2.575
GLOBAL,PWRHYDIRQXX01,2047,2.575
GLOBAL,PWRHYDIRQXX01,2048,2.575
GLOBAL,PWRHYDIRQXX01,2049,2.575
GLOBAL,PWRHYDIRQXX01,2050,2.575
GLOBAL,PWROILIRQXX01,2021,12.8483
GLOBAL,PWROILIRQXX01,2022,12.8483
GLOBAL,PWROILIRQXX01,2023,12.8483
GLOBAL,PWROILIRQXX01,2024,12.8483
GLOBAL,PWROILIRQXX01,2025,12.8483
GLOBAL,PWROILIRQXX01,2026,12.8483
GLOBAL,PWROILIRQXX01,2027,4.181
GLOBAL,PWROILIRQXX01,2028,4.181
GLOBAL,PWROILIRQXX01,2029,4.181
GLOBAL,PWROILIRQXX01,2030,4.181
GLOBAL,PWROILIRQXX01,2031,4.181
GLOBAL,PWROILIRQXX01,2032,4.181
GLOBAL,PWROILIRQXX01,2033,4.181
GLOBAL,PWROILIRQXX01,2034,1.28
GLOBAL,PWROILIRQXX01,2035,1.28
GLOBAL,PWROILIRQXX01,2036,1.28
GLOBAL,PWROILIRQXX01,2037,1.28
GLOBAL,PWROILIRQXX01,2038,1.28
GLOBAL,PWROILIRQXX01,2039,1.28
GLOBAL,PWROILIRQXX01,2040,1.28
GLOBAL,PWROILIRQXX01,2041,1.28
GLOBAL,PWROILIRQXX01,2042,1.28
GLOBAL,PWROILIRQXX01,2043,1.28
GLOBAL,PWROILIRQXX01,2044,0.0
GLOBAL,PWROILIRQXX01,2045,0.0
GLOBAL,PWROILIRQXX01,2046,0.0
GLOBAL,PWROILIRQXX01,2047,0.0
GLOBAL,PWROILIRQXX01,2048,0.0
GLOBAL,PWROILIRQXX01,2049,0.0
GLOBAL,PWROILIRQXX01,2050,0.0
GLOBAL,PWRSPVIRQXX01,2021,0.017
GLOBAL,PWRSPVIRQXX01,2022,0.017
GLOBAL,PWRSPVIRQXX01,2023,0.017
GLOBAL,PWRSPVIRQXX01,2024,0.017
GLOBAL,PWRSPVIRQXX01,2025,0.017
GLOBAL,PWRSPVIRQXX01,2026,0.017
GLOBAL,PWRSPVIRQXX01,2027,0.017
GLOBAL,PWRSPVIRQXX01,2028,0.017
GLOBAL,PWRSPVIRQXX01,2029,0.017
GLOBAL,PWRSPVIRQXX01,2030,0.017
GLOBAL,PWRSPVIRQXX01,2031,0.017
GLOBAL,PWRSPVIRQXX01,2032,0.017
GLOBAL,PWRSPVIRQXX01,2033,0.017
GLOBAL,PWRSPVIRQXX01,2034,0.017
GLOBAL,PWRSPVIRQXX01,2035,0.017
GLOBAL,PWRSPVIRQXX01,2036,0.017
GLOBAL,PWRSPVIRQXX01,2037,0.017
GLOBAL,PWRSPVIRQXX01,2038,0.017
GLOBAL,PWRSPVIRQXX01,2039,0.017
GLOBAL,PWRSPVIRQXX01,2040,0.017
GLOBAL,PWRSPVIRQXX01,2041,0.017
GLOBAL,PWRSPVIRQXX01,2042,0.017
GLOBAL,PWRSPVIRQXX01,2043,0.017
GLOBAL,PWRSPVIRQXX01,2044,0.017
GLOBAL,PWRSPVIRQXX01,2045,0.0
GLOBAL,PWRSPVIRQXX01,2046,0.0
GLOBAL,PWRSPVIRQXX01,2047,0.0
GLOBAL,PWRSPVIRQXX01,2048,0.0
GLOBAL,PWRSPVIRQXX01,2049,0.0
GLOBAL,PWRSPVIRQXX01,2050,0.0
GLOBAL,PWRGEOISLXX01,2021,0.665
GLOBAL,PWRGEOISLXX01,2022,0.665
GLOBAL,PWRGEOISLXX01,2023,0.665
GLOBAL,PWRGEOISLXX01,2024,0.665
GLOBAL,PWRGEOISLXX01,2025,0.665
GLOBAL,PWRGEOISLXX01,2026,0.572
GLOBAL,PWRGEOISLXX01,2027,0.572
GLOBAL,PWRGEOISLXX01,2028,0.572
GLOBAL,PWRGEOISLXX01,2029,0.449
GLOBAL,PWRGEOISLXX01,2030,0.449
GLOBAL,PWRGEOISLXX01,2031,0.449
GLOBAL,PWRGEOISLXX01,2032,0.449
GLOBAL,PWRGEOISLXX01,2033,0.449
GLOBAL,PWRGEOISLXX01,2034,0.213
GLOBAL,PWRGEOISLXX01,2035,0.213
GLOBAL,PWRGEOISLXX01,2036,0.213
GLOBAL,PWRGEOISLXX01,2037,0.0
GLOBAL,PWRGEOISLXX01,2038,0.0
GLOBAL,PWRGEOISLXX01,2039,0.0
GLOBAL,PWRGEOISLXX01,2040,0.0
GLOBAL,PWRGEOISLXX01,2041,0.0
GLOBAL,PWRGEOISLXX01,2042,0.0
GLOBAL,PWRGEOISLXX01,2043,0.0
GLOBAL,PWRGEOISLXX01,2044,0.0
GLOBAL,PWRGEOISLXX01,2045,0.0
GLOBAL,PWRGEOISLXX01,2046,0.0
GLOBAL,PWRGEOISLXX01,2047,0.0
GLOBAL,PWRGEOISLXX01,2048,0.0
GLOBAL,PWRGEOISLXX01,2049,0.0
GLOBAL,PWRGEOISLXX01,2050,0.0
GLOBAL,PWRHYDISLXX01,2021,1.9874
GLOBAL,PWRHYDISLXX01,2022,1.9874
GLOBAL,PWRHYDISLXX01,2023,1.9874
GLOBAL,PWRHYDISLXX01,2024,1.9874
GLOBAL,PWRHYDISLXX01,2025,1.9874
GLOBAL,PWRHYDISLXX01,2026,1.9874
GLOBAL,PWRHYDISLXX01,2027,1.9874
GLOBAL,PWRHYDISLXX01,2028,1.9874
GLOBAL,PWRHYDISLXX01,2029,1.9874
GLOBAL,PWRHYDISLXX01,2030,1.9874
GLOBAL,PWRHYDISLXX01,2031,1.9874
GLOBAL,PWRHYDISLXX01,2032,1.9874
GLOBAL,PWRHYDISLXX01,2033,1.9874
GLOBAL,PWRHYDISLXX01,2034,1.9874
GLOBAL,PWRHYDISLXX01,2035,1.9874
GLOBAL,PWRHYDISLXX01,2036,1.9874
GLOBAL,PWRHYDISLXX01,2037,1.9874
GLOBAL,PWRHYDISLXX01,2038,1.9724
GLOBAL,PWRHYDISLXX01,2039,1.9724
GLOBAL,PWRHYDISLXX01,2040,1.9724
GLOBAL,PWRHYDISLXX01,2041,1.9724
GLOBAL,PWRHYDISLXX01,2042,1.9724
GLOBAL,PWRHYDISLXX01,2043,1.9724
GLOBAL,PWRHYDISLXX01,2044,1.9724
GLOBAL,PWRHYDISLXX01,2045,1.9724
GLOBAL,PWRHYDISLXX01,2046,1.9724
GLOBAL,PWRHYDISLXX01,2047,1.9724
GLOBAL,PWRHYDISLXX01,2048,1.9644
GLOBAL,PWRHYDISLXX01,2049,1.9644
GLOBAL,PWRHYDISLXX01,2050,1.9644
GLOBAL,PWROILISLXX01,2021,0.12
GLOBAL,PWROILISLXX01,2022,0.12
GLOBAL,PWROILISLXX01,2023,0.12
GLOBAL,PWROILISLXX01,2024,0.12
GLOBAL,PWROILISLXX01,2025,0.12
GLOBAL,PWROILISLXX01,2026,0.12
GLOBAL,PWROILISLXX01,2027,0.0
GLOBAL,PWROILISLXX01,2028,0.0
GLOBAL,PWROILISLXX01,2029,0.0
GLOBAL,PWROILISLXX01,2030,0.0
GLOBAL,PWROILISLXX01,2031,0.0
GLOBAL,PWROILISLXX01,2032,0.0
GLOBAL,PWROILISLXX01,2033,0.0
GLOBAL,PWROILISLXX01,2034,0.0
GLOBAL,PWROILISLXX01,2035,0.0
GLOBAL,PWROILISLXX01,2036,0.0
GLOBAL,PWROILISLXX01,2037,0.0
GLOBAL,PWROILISLXX01,2038,0.0
GLOBAL,PWROILISLXX01,2039,0.0
GLOBAL,PWROILISLXX01,2040,0.0
GLOBAL,PWROILISLXX01,2041,0.0
GLOBAL,PWROILISLXX01,2042,0.0
GLOBAL,PWROILISLXX01,2043,0.0
GLOBAL,PWROILISLXX01,2044,0.0
GLOBAL,PWROILISLXX01,2045,0.0
GLOBAL,PWROILISLXX01,2046,0.0
GLOBAL,PWROILISLXX01,2047,0.0
GLOBAL,PWROILISLXX01,2048,0.0
GLOBAL,PWROILISLXX01,2049,0.0
GLOBAL,PWROILISLXX01,2050,0.0
GLOBAL,PWRBIOISRXX01,2021,0.021
GLOBAL,PWRBIOISRXX01,2022,0.021
GLOBAL,PWRBIOISRXX01,2023,0.021
GLOBAL,PWRBIOISRXX01,2024,0.021
GLOBAL,PWRBIOISRXX01,2025,0.021
GLOBAL,PWRBIOISRXX01,2026,0.021
GLOBAL,PWRBIOISRXX01,2027,0.021
GLOBAL,PWRBIOISRXX01,2028,0.021
GLOBAL,PWRBIOISRXX01,2029,0.021
GLOBAL,PWRBIOISRXX01,2030,0.021
GLOBAL,PWRBIOISRXX01,2031,0.021
GLOBAL,PWRBIOISRXX01,2032,0.0
GLOBAL,PWRBIOISRXX01,2033,0.0
GLOBAL,PWRBIOISRXX01,2034,0.0
GLOBAL,PWRBIOISRXX01,2035,0.0
GLOBAL,PWRBIOISRXX01,2036,0.0
GLOBAL,PWRBIOISRXX01,2037,0.0
GLOBAL,PWRBIOISRXX01,2038,0.0
GLOBAL,PWRBIOISRXX01,2039,0.0
GLOBAL,PWRBIOISRXX01,2040,0.0
GLOBAL,PWRBIOISRXX01,2041,0.0
GLOBAL,PWRBIOISRXX01,2042,0.0
GLOBAL,PWRBIOISRXX01,2043,0.0
GLOBAL,PWRBIOISRXX01,2044,0.0
GLOBAL,PWRBIOISRXX01,2045,0.0
GLOBAL,PWRBIOISRXX01,2046,0.0
GLOBAL,PWRBIOISRXX01,2047,0.0
GLOBAL,PWRBIOISRXX01,2048,0.0
GLOBAL,PWRBIOISRXX01,2049,0.0
GLOBAL,PWRBIOISRXX01,2050,0.0
GLOBAL,PWRCCGISRXX00,2021,11.001
GLOBAL,PWRCCGISRXX00,2022,11.001
GLOBAL,PWRCCGISRXX00,2023,11.001
GLOBAL,PWRCCGISRXX00,2024,11.001
GLOBAL,PWRCCGISRXX00,2025,4.458
GLOBAL,PWRCCGISRXX00,2026,4.458
GLOBAL,PWRCCGISRXX00,2027,4.458
GLOBAL,PWRCCGISRXX00,2028,4.458
GLOBAL,PWRCCGISRXX00,2029,3.748
GLOBAL,PWRCCGISRXX00,2030,3.748
GLOBAL,PWRCCGISRXX00,2031,3.748
GLOBAL,PWRCCGISRXX00,2032,3.748
GLOBAL,PWRCCGISRXX00,2033,3.748
GLOBAL,PWRCCGISRXX00,2034,3.748
GLOBAL,PWRCCGISRXX00,2035,3.748
GLOBAL,PWRCCGISRXX00,2036,3.748
GLOBAL,PWRCCGISRXX00,2037,3.748
GLOBAL,PWRCCGISRXX00,2038,3.004
GLOBAL,PWRCCGISRXX00,2039,3.004
GLOBAL,PWRCCGISRXX00,2040,3.004
GLOBAL,PWRCCGISRXX00,2041,2.284
GLOBAL,PWRCCGISRXX00,2042,2.284
GLOBAL,PWRCCGISRXX00,2043,2.284
GLOBAL,PWRCCGISRXX00,2044,2.284
GLOBAL,PWRCCGISRXX00,2045,1.444
GLOBAL,PWRCCGISRXX00,2046,0.14
GLOBAL,PWRCCGISRXX00,2047,0.0
GLOBAL,PWRCCGISRXX00,2048,0.0
GLOBAL,PWRCCGISRXX00,2049,0.0
GLOBAL,PWRCCGISRXX00,2050,0.0
GLOBAL,PWRCOAISRXX01,2021,4.84
GLOBAL,PWRCOAISRXX01,2022,4.84
GLOBAL,PWRCOAISRXX01,2023,4.84
GLOBAL,PWRCOAISRXX01,2024,4.84
GLOBAL,PWRCOAISRXX01,2025,4.84
GLOBAL,PWRCOAISRXX01,2026,4.84
GLOBAL,PWRCOAISRXX01,2027,4.84
GLOBAL,PWRCOAISRXX01,2028,0.0
GLOBAL,PWRCOAISRXX01,2029,0.0
GLOBAL,PWRCOAISRXX01,2030,0.0
GLOBAL,PWRCOAISRXX01,2031,0.0
GLOBAL,PWRCOAISRXX01,2032,0.0
GLOBAL,PWRCOAISRXX01,2033,0.0
GLOBAL,PWRCOAISRXX01,2034,0.0
GLOBAL,PWRCOAISRXX01,2035,0.0
GLOBAL,PWRCOAISRXX01,2036,0.0
GLOBAL,PWRCOAISRXX01,2037,0.0
GLOBAL,PWRCOAISRXX01,2038,0.0
GLOBAL,PWRCOAISRXX01,2039,0.0
GLOBAL,PWRCOAISRXX01,2040,0.0
GLOBAL,PWRCOAISRXX01,2041,0.0
GLOBAL,PWRCOAISRXX01,2042,0.0
GLOBAL,PWRCOAISRXX01,2043,0.0
GLOBAL,PWRCOAISRXX01,2044,0.0
GLOBAL,PWRCOAISRXX01,2045,0.0
GLOBAL,PWRCOAISRXX01,2046,0.0
GLOBAL,PWRCOAISRXX01,2047,0.0
GLOBAL,PWRCOAISRXX01,2048,0.0
GLOBAL,PWRCOAISRXX01,2049,0.0
GLOBAL,PWRCOAISRXX01,2050,0.0
GLOBAL,PWRCSPISRXX01,2021,0.121
GLOBAL,PWRCSPISRXX01,2022,0.121
GLOBAL,PWRCSPISRXX01,2023,0.121
GLOBAL,PWRCSPISRXX01,2024,0.121
GLOBAL,PWRCSPISRXX01,2025,0.121
GLOBAL,PWRCSPISRXX01,2026,0.121
GLOBAL,PWRCSPISRXX01,2027,0.121
GLOBAL,PWRCSPISRXX01,2028,0.121
GLOBAL,PWRCSPISRXX01,2029,0.121
GLOBAL,PWRCSPISRXX01,2030,0.121
GLOBAL,PWRCSPISRXX01,2031,0.121
GLOBAL,PWRCSPISRXX01,2032,0.121
GLOBAL,PWRCSPISRXX01,2033,0.121
GLOBAL,PWRCSPISRXX01,2034,0.121
GLOBAL,PWRCSPISRXX01,2035,0.121
GLOBAL,PWRCSPISRXX01,2036,0.121
GLOBAL,PWRCSPISRXX01,2037,0.121
GLOBAL,PWRCSPISRXX01,2038,0.121
GLOBAL,PWRCSPISRXX01,2039,0.121
GLOBAL,PWRCSPISRXX01,2040,0.121
GLOBAL,PWRCSPISRXX01,2041,0.121
GLOBAL,PWRCSPISRXX01,2042,0.121
GLOBAL,PWRCSPISRXX01,2043,0.121
GLOBAL,PWRCSPISRXX01,2044,0.121
GLOBAL,PWRCSPISRXX01,2045,0.121
GLOBAL,PWRCSPISRXX01,2046,0.121
GLOBAL,PWRCSPISRXX01,2047,0.121
GLOBAL,PWRCSPISRXX01,2048,0.121
GLOBAL,PWRCSPISRXX01,2049,0.0
GLOBAL,PWRCSPISRXX01,2050,0.0
GLOBAL,PWROCGISRXX00,2021,0.28
GLOBAL,PWROCGISRXX00,2022,0.28
GLOBAL,PWROCGISRXX00,2023,0.28
GLOBAL,PWROCGISRXX00,2024,0.28
GLOBAL,PWROCGISRXX00,2025,0.28
GLOBAL,PWROCGISRXX00,2026,0.28
GLOBAL,PWROCGISRXX00,2027,0.245
GLOBAL,PWROCGISRXX00,2028,0.175
GLOBAL,PWROCGISRXX00,2029,0.175
GLOBAL,PWROCGISRXX00,2030,0.175
GLOBAL,PWROCGISRXX00,2031,0.175
GLOBAL,PWROCGISRXX00,2032,0.175
GLOBAL,PWROCGISRXX00,2033,0.175
GLOBAL,PWROCGISRXX00,2034,0.175
GLOBAL,PWROCGISRXX00,2035,0.175
GLOBAL,PWROCGISRXX00,2036,0.175
GLOBAL,PWROCGISRXX00,2037,0.175
GLOBAL,PWROCGISRXX00,2038,0.175
GLOBAL,PWROCGISRXX00,2039,0.175
GLOBAL,PWROCGISRXX00,2040,0.175
GLOBAL,PWROCGISRXX00,2041,0.175
GLOBAL,PWROCGISRXX00,2042,0.175
GLOBAL,PWROCGISRXX00,2043,0.175
GLOBAL,PWROCGISRXX00,2044,0.175
GLOBAL,PWROCGISRXX00,2045,0.175
GLOBAL,PWROCGISRXX00,2046,0.0
GLOBAL,PWROCGISRXX00,2047,0.0
GLOBAL,PWROCGISRXX00,2048,0.0
GLOBAL,PWROCGISRXX00,2049,0.0
GLOBAL,PWROCGISRXX00,2050,0.0
GLOBAL,PWRSPVISRXX01,2021,0.7942
GLOBAL,PWRSPVISRXX01,2022,0.7942
GLOBAL,PWRSPVISRXX01,2023,0.7942
GLOBAL,PWRSPVISRXX01,2024,0.7942
GLOBAL,PWRSPVISRXX01,2025,0.7942
GLOBAL,PWRSPVISRXX01,2026,0.7942
GLOBAL,PWRSPVISRXX01,2027,0.7942
GLOBAL,PWRSPVISRXX01,2028,0.7942
GLOBAL,PWRSPVISRXX01,2029,0.7942
GLOBAL,PWRSPVISRXX01,2030,0.7942
GLOBAL,PWRSPVISRXX01,2031,0.7942
GLOBAL,PWRSPVISRXX01,2032,0.7942
GLOBAL,PWRSPVISRXX01,2033,0.7942
GLOBAL,PWRSPVISRXX01,2034,0.7942
GLOBAL,PWRSPVISRXX01,2035,0.7942
GLOBAL,PWRSPVISRXX01,2036,0.7942
GLOBAL,PWRSPVISRXX01,2037,0.7942
GLOBAL,PWRSPVISRXX01,2038,0.7942
GLOBAL,PWRSPVISRXX01,2039,0.7942
GLOBAL,PWRSPVISRXX01,2040,0.7942
GLOBAL,PWRSPVISRXX01,2041,0.7942
GLOBAL,PWRSPVISRXX01,2042,0.7942
GLOBAL,PWRSPVISRXX01,2043,0.7942
GLOBAL,PWRSPVISRXX01,2044,0.7632
GLOBAL,PWRSPVISRXX01,2045,0.15
GLOBAL,PWRSPVISRXX01,2046,0.05
GLOBAL,PWRSPVISRXX01,2047,0.0
GLOBAL,PWRSPVISRXX01,2048,0.0
GLOBAL,PWRSPVISRXX01,2049,0.0
GLOBAL,PWRSPVISRXX01,2050,0.0
GLOBAL,PWRWONISRXX01,2021,0.042
GLOBAL,PWRWONISRXX01,2022,0.042
GLOBAL,PWRWONISRXX01,2023,0.042
GLOBAL,PWRWONISRXX01,2024,0.042
GLOBAL,PWRWONISRXX01,2025,0.042
GLOBAL,PWRWONISRXX01,2026,0.042
GLOBAL,PWRWONISRXX01,2027,0.042
GLOBAL,PWRWONISRXX01,2028,0.042
GLOBAL,PWRWONISRXX01,2029,0.042
GLOBAL,PWRWONISRXX01,2030,0.042
GLOBAL,PWRWONISRXX01,2031,0.042
GLOBAL,PWRWONISRXX01,2032,0.042
GLOBAL,PWRWONISRXX01,2033,0.042
GLOBAL,PWRWONISRXX01,2034,0.042
GLOBAL,PWRWONISRXX01,2035,0.042
GLOBAL,PWRWONISRXX01,2036,0.042
GLOBAL,PWRWONISRXX01,2037,0.042
GLOBAL,PWRWONISRXX01,2038,0.042
GLOBAL,PWRWONISRXX01,2039,0.042
GLOBAL,PWRWONISRXX01,2040,0.042
GLOBAL,PWRWONISRXX01,2041,0.042
GLOBAL,PWRWONISRXX01,2042,0.042
GLOBAL,PWRWONISRXX01,2043,0.042
GLOBAL,PWRWONISRXX01,2044,0.042
GLOBAL,PWRWONISRXX01,2045,0.042
GLOBAL,PWRWONISRXX01,2046,0.042
GLOBAL,PWRWONISRXX01,2047,0.042
GLOBAL,PWRWONISRXX01,2048,0.0
GLOBAL,PWRWONISRXX01,2049,0.0
GLOBAL,PWRWONISRXX01,2050,0.0
GLOBAL,PWRBIOITAXX01,2021,3.81
GLOBAL,PWRBIOITAXX01,2022,3.81
GLOBAL,PWRBIOITAXX01,2023,3.81
GLOBAL,PWRBIOITAXX01,2024,3.81
GLOBAL,PWRBIOITAXX01,2025,3.81
GLOBAL,PWRBIOITAXX01,2026,3.81
GLOBAL,PWRBIOITAXX01,2027,3.81
GLOBAL,PWRBIOITAXX01,2028,3.81
GLOBAL,PWRBIOITAXX01,2029,3.81
GLOBAL,PWRBIOITAXX01,2030,3.81
GLOBAL,PWRBIOITAXX01,2031,3.81
GLOBAL,PWRBIOITAXX01,2032,0.0
GLOBAL,PWRBIOITAXX01,2033,0.0
GLOBAL,PWRBIOITAXX01,2034,0.0
GLOBAL,PWRBIOITAXX01,2035,0.0
GLOBAL,PWRBIOITAXX01,2036,0.0
GLOBAL,PWRBIOITAXX01,2037,0.0
GLOBAL,PWRBIOITAXX01,2038,0.0
GLOBAL,PWRBIOITAXX01,2039,0.0
GLOBAL,PWRBIOITAXX01,2040,0.0
GLOBAL,PWRBIOITAXX01,2041,0.0
GLOBAL,PWRBIOITAXX01,2042,0.0
GLOBAL,PWRBIOITAXX01,2043,0.0
GLOBAL,PWRBIOITAXX01,2044,0.0
GLOBAL,PWRBIOITAXX01,2045,0.0
GLOBAL,PWRBIOITAXX01,2046,0.0
GLOBAL,PWRBIOITAXX01,2047,0.0
GLOBAL,PWRBIOITAXX01,2048,0.0
GLOBAL,PWRBIOITAXX01,2049,0.0
GLOBAL,PWRBIOITAXX01,2050,0.0
GLOBAL,PWRCCGITAXX00,2021,38.023
GLOBAL,PWRCCGITAXX00,2022,38.023
GLOBAL,PWRCCGITAXX00,2023,37.021
GLOBAL,PWRCCGITAXX00,2024,36.781
GLOBAL,PWRCCGITAXX00,2025,16.666
GLOBAL,PWRCCGITAXX00,2026,16.666
GLOBAL,PWRCCGITAXX00,2027,16.666
GLOBAL,PWRCCGITAXX00,2028,16.666
GLOBAL,PWRCCGITAXX00,2029,15.784
GLOBAL,PWRCCGITAXX00,2030,15.784
GLOBAL,PWRCCGITAXX00,2031,14.182
GLOBAL,PWRCCGITAXX00,2032,13.762
GLOBAL,PWRCCGITAXX00,2033,13.012
GLOBAL,PWRCCGITAXX00,2034,12.66
GLOBAL,PWRCCGITAXX00,2035,10.668
GLOBAL,PWRCCGITAXX00,2036,9.148
GLOBAL,PWRCCGITAXX00,2037,5.588
GLOBAL,PWRCCGITAXX00,2038,3.456
GLOBAL,PWRCCGITAXX00,2039,3.456
GLOBAL,PWRCCGITAXX00,2040,3.056
GLOBAL,PWRCCGITAXX00,2041,2.256
GLOBAL,PWRCCGITAXX00,2042,1.456
GLOBAL,PWRCCGITAXX00,2043,1.456
GLOBAL,PWRCCGITAXX00,2044,0.0
GLOBAL,PWRCCGITAXX00,2045,0.0
GLOBAL,PWRCCGITAXX00,2046,0.0
GLOBAL,PWRCCGITAXX00,2047,0.0
GLOBAL,PWRCCGITAXX00,2048,0.0
GLOBAL,PWRCCGITAXX00,2049,0.0
GLOBAL,PWRCCGITAXX00,2050,0.0
GLOBAL,PWRCOAITAXX01,2021,9.008
GLOBAL,PWRCOAITAXX01,2022,9.008
GLOBAL,PWRCOAITAXX01,2023,5.732
GLOBAL,PWRCOAITAXX01,2024,5.732
GLOBAL,PWRCOAITAXX01,2025,5.732
GLOBAL,PWRCOAITAXX01,2026,5.732
GLOBAL,PWRCOAITAXX01,2027,5.732
GLOBAL,PWRCOAITAXX01,2028,5.382
GLOBAL,PWRCOAITAXX01,2029,2.131
GLOBAL,PWRCOAITAXX01,2030,2.131
GLOBAL,PWRCOAITAXX01,2031,2.131
GLOBAL,PWRCOAITAXX01,2032,2.131
GLOBAL,PWRCOAITAXX01,2033,2.131
GLOBAL,PWRCOAITAXX01,2034,1.981
GLOBAL,PWRCOAITAXX01,2035,1.981
GLOBAL,PWRCOAITAXX01,2036,1.981
GLOBAL,PWRCOAITAXX01,2037,1.981
GLOBAL,PWRCOAITAXX01,2038,1.981
GLOBAL,PWRCOAITAXX01,2039,1.981
GLOBAL,PWRCOAITAXX01,2040,0.0
GLOBAL,PWRCOAITAXX01,2041,0.0
GLOBAL,PWRCOAITAXX01,2042,0.0
GLOBAL,PWRCOAITAXX01,2043,0.0
GLOBAL,PWRCOAITAXX01,2044,0.0
GLOBAL,PWRCOAITAXX01,2045,0.0
GLOBAL,PWRCOAITAXX01,2046,0.0
GLOBAL,PWRCOAITAXX01,2047,0.0
GLOBAL,PWRCOAITAXX01,2048,0.0
GLOBAL,PWRCOAITAXX01,2049,0.0
GLOBAL,PWRCOAITAXX01,2050,0.0
GLOBAL,PWRGEOITAXX01,2021,0.857
GLOBAL,PWRGEOITAXX01,2022,0.837
GLOBAL,PWRGEOITAXX01,2023,0.837
GLOBAL,PWRGEOITAXX01,2024,0.837
GLOBAL,PWRGEOITAXX01,2025,0.82
GLOBAL,PWRGEOITAXX01,2026,0.766
GLOBAL,PWRGEOITAXX01,2027,0.709
GLOBAL,PWRGEOITAXX01,2028,0.656
GLOBAL,PWRGEOITAXX01,2029,0.561
GLOBAL,PWRGEOITAXX01,2030,0.542
GLOBAL,PWRGEOITAXX01,2031,0.527
GLOBAL,PWRGEOITAXX01,2032,0.527
GLOBAL,PWRGEOITAXX01,2033,0.303
GLOBAL,PWRGEOITAXX01,2034,0.093
GLOBAL,PWRGEOITAXX01,2035,0.093
GLOBAL,PWRGEOITAXX01,2036,0.037
GLOBAL,PWRGEOITAXX01,2037,0.037
GLOBAL,PWRGEOITAXX01,2038,0.037
GLOBAL,PWRGEOITAXX01,2039,0.037
GLOBAL,PWRGEOITAXX01,2040,0.017
GLOBAL,PWRGEOITAXX01,2041,0.0
GLOBAL,PWRGEOITAXX01,2042,0.0
GLOBAL,PWRGEOITAXX01,2043,0.0
GLOBAL,PWRGEOITAXX01,2044,0.0
GLOBAL,PWRGEOITAXX01,2045,0.0
GLOBAL,PWRGEOITAXX01,2046,0.0
GLOBAL,PWRGEOITAXX01,2047,0.0
GLOBAL,PWRGEOITAXX01,2048,0.0
GLOBAL,PWRGEOITAXX01,2049,0.0
GLOBAL,PWRGEOITAXX01,2050,0.0
GLOBAL,PWRHYDITAXX01,2021,14.6308
GLOBAL,PWRHYDITAXX01,2022,14.6308
GLOBAL,PWRHYDITAXX01,2023,14.6308
GLOBAL,PWRHYDITAXX01,2024,14.6308
GLOBAL,PWRHYDITAXX01,2025,14.6308
GLOBAL,PWRHYDITAXX01,2026,14.6308
GLOBAL,PWRHYDITAXX01,2027,14.6308
GLOBAL,PWRHYDITAXX01,2028,14.6308
GLOBAL,PWRHYDITAXX01,2029,14.6308
GLOBAL,PWRHYDITAXX01,2030,14.6308
GLOBAL,PWRHYDITAXX01,2031,14.6308
GLOBAL,PWRHYDITAXX01,2032,14.6308
GLOBAL,PWRHYDITAXX01,2033,14.6308
GLOBAL,PWRHYDITAXX01,2034,14.6308
GLOBAL,PWRHYDITAXX01,2035,14.6308
GLOBAL,PWRHYDITAXX01,2036,14.6308
GLOBAL,PWRHYDITAXX01,2037,14.6308
GLOBAL,PWRHYDITAXX01,2038,14.6308
GLOBAL,PWRHYDITAXX01,2039,14.6308
GLOBAL,PWRHYDITAXX01,2040,14.6308
GLOBAL,PWRHYDITAXX01,2041,14.6308
GLOBAL,PWRHYDITAXX01,2042,14.6308
GLOBAL,PWRHYDITAXX01,2043,14.6308
GLOBAL,PWRHYDITAXX01,2044,14.6308
GLOBAL,PWRHYDITAXX01,2045,14.6308
GLOBAL,PWRHYDITAXX01,2046,14.6308
GLOBAL,PWRHYDITAXX01,2047,14.6308
GLOBAL,PWRHYDITAXX01,2048,14.6308
GLOBAL,PWRHYDITAXX01,2049,14.6308
GLOBAL,PWRHYDITAXX01,2050,14.6308
GLOBAL,PWROCGITAXX00,2021,0.549
GLOBAL,PWROCGITAXX00,2022,0.549
GLOBAL,PWROCGITAXX00,2023,0.549
GLOBAL,PWROCGITAXX00,2024,0.549
GLOBAL,PWROCGITAXX00,2025,0.204
GLOBAL,PWROCGITAXX00,2026,0.204
GLOBAL,PWROCGITAXX00,2027,0.104
GLOBAL,PWROCGITAXX00,2028,0.104
GLOBAL,PWROCGITAXX00,2029,0.104
GLOBAL,PWROCGITAXX00,2030,0.104
GLOBAL,PWROCGITAXX00,2031,0.104
GLOBAL,PWROCGITAXX00,2032,0.104
GLOBAL,PWROCGITAXX00,2033,0.104
GLOBAL,PWROCGITAXX00,2034,0.104
GLOBAL,PWROCGITAXX00,2035,0.104
GLOBAL,PWROCGITAXX00,2036,0.104
GLOBAL,PWROCGITAXX00,2037,0.104
GLOBAL,PWROCGITAXX00,2038,0.104
GLOBAL,PWROCGITAXX00,2039,0.104
GLOBAL,PWROCGITAXX00,2040,0.104
GLOBAL,PWROCGITAXX00,2041,0.104
GLOBAL,PWROCGITAXX00,2042,0.104
GLOBAL,PWROCGITAXX00,2043,0.104
GLOBAL,PWROCGITAXX00,2044,0.0
GLOBAL,PWROCGITAXX00,2045,0.0
GLOBAL,PWROCGITAXX00,2046,0.0
GLOBAL,PWROCGITAXX00,2047,0.0
GLOBAL,PWROCGITAXX00,2048,0.0
GLOBAL,PWROCGITAXX00,2049,0.0
GLOBAL,PWROCGITAXX00,2050,0.0
GLOBAL,PWROILITAXX01,2021,8.83
GLOBAL,PWROILITAXX01,2022,8.83
GLOBAL,PWROILITAXX01,2023,8.653
GLOBAL,PWROILITAXX01,2024,8.653
GLOBAL,PWROILITAXX01,2025,8.653
GLOBAL,PWROILITAXX01,2026,8.653
GLOBAL,PWROILITAXX01,2027,0.84
GLOBAL,PWROILITAXX01,2028,0.84
GLOBAL,PWROILITAXX01,2029,0.0
GLOBAL,PWROILITAXX01,2030,0.0
GLOBAL,PWROILITAXX01,2031,0.0
GLOBAL,PWROILITAXX01,2032,0.0
GLOBAL,PWROILITAXX01,2033,0.0
GLOBAL,PWROILITAXX01,2034,0.0
GLOBAL,PWROILITAXX01,2035,0.0
GLOBAL,PWROILITAXX01,2036,0.0
GLOBAL,PWROILITAXX01,2037,0.0
GLOBAL,PWROILITAXX01,2038,0.0
GLOBAL,PWROILITAXX01,2039,0.0
GLOBAL,PWROILITAXX01,2040,0.0
GLOBAL,PWROILITAXX01,2041,0.0
GLOBAL,PWROILITAXX01,2042,0.0
GLOBAL,PWROILITAXX01,2043,0.0
GLOBAL,PWROILITAXX01,2044,0.0
GLOBAL,PWROILITAXX01,2045,0.0
GLOBAL,PWROILITAXX01,2046,0.0
GLOBAL,PWROILITAXX01,2047,0.0
GLOBAL,PWROILITAXX01,2048,0.0
GLOBAL,PWROILITAXX01,2049,0.0
GLOBAL,PWROILITAXX01,2050,0.0
GLOBAL,PWROTHITAXX01,2021,0.385
GLOBAL,PWROTHITAXX01,2022,0.385
GLOBAL,PWROTHITAXX01,2023,0.0
GLOBAL,PWROTHITAXX01,2024,0.0
GLOBAL,PWROTHITAXX01,2025,0.0
GLOBAL,PWROTHITAXX01,2026,0.0
GLOBAL,PWROTHITAXX01,2027,0.0
GLOBAL,PWROTHITAXX01,2028,0.0
GLOBAL,PWROTHITAXX01,2029,0.0
GLOBAL,PWROTHITAXX01,2030,0.0
GLOBAL,PWROTHITAXX01,2031,0.0
GLOBAL,PWROTHITAXX01,2032,0.0
GLOBAL,PWROTHITAXX01,2033,0.0
GLOBAL,PWROTHITAXX01,2034,0.0
GLOBAL,PWROTHITAXX01,2035,0.0
GLOBAL,PWROTHITAXX01,2036,0.0
GLOBAL,PWROTHITAXX01,2037,0.0
GLOBAL,PWROTHITAXX01,2038,0.0
GLOBAL,PWROTHITAXX01,2039,0.0
GLOBAL,PWROTHITAXX01,2040,0.0
GLOBAL,PWROTHITAXX01,2041,0.0
GLOBAL,PWROTHITAXX01,2042,0.0
GLOBAL,PWROTHITAXX01,2043,0.0
GLOBAL,PWROTHITAXX01,2044,0.0
GLOBAL,PWROTHITAXX01,2045,0.0
GLOBAL,PWROTHITAXX01,2046,0.0
GLOBAL,PWROTHITAXX01,2047,0.0
GLOBAL,PWROTHITAXX01,2048,0.0
GLOBAL,PWROTHITAXX01,2049,0.0
GLOBAL,PWROTHITAXX01,2050,0.0
GLOBAL,PWRSPVITAXX01,2021,18.8924
GLOBAL,PWRSPVITAXX01,2022,18.8924
GLOBAL,PWRSPVITAXX01,2023,18.8924
GLOBAL,PWRSPVITAXX01,2024,18.8924
GLOBAL,PWRSPVITAXX01,2025,18.8924
GLOBAL,PWRSPVITAXX01,2026,18.8924
GLOBAL,PWRSPVITAXX01,2027,18.8924
GLOBAL,PWRSPVITAXX01,2028,18.8924
GLOBAL,PWRSPVITAXX01,2029,18.8924
GLOBAL,PWRSPVITAXX01,2030,18.8924
GLOBAL,PWRSPVITAXX01,2031,18.8924
GLOBAL,PWRSPVITAXX01,2032,18.8924
GLOBAL,PWRSPVITAXX01,2033,18.8924
GLOBAL,PWRSPVITAXX01,2034,18.8924
GLOBAL,PWRSPVITAXX01,2035,18.8924
GLOBAL,PWRSPVITAXX01,2036,18.8924
GLOBAL,PWRSPVITAXX01,2037,18.8924
GLOBAL,PWRSPVITAXX01,2038,18.8924
GLOBAL,PWRSPVITAXX01,2039,18.8924
GLOBAL,PWRSPVITAXX01,2040,18.8924
GLOBAL,PWRSPVITAXX01,2041,18.8924
GLOBAL,PWRSPVITAXX01,2042,18.8924
GLOBAL,PWRSPVITAXX01,2043,18.8924
GLOBAL,PWRSPVITAXX01,2044,18.8924
GLOBAL,PWRSPVITAXX01,2045,0.0
GLOBAL,PWRSPVITAXX01,2046,0.0
GLOBAL,PWRSPVITAXX01,2047,0.0
GLOBAL,PWRSPVITAXX01,2048,0.0
GLOBAL,PWRSPVITAXX01,2049,0.0
GLOBAL,PWRSPVITAXX01,2050,0.0
GLOBAL,PWRWAVITAXX01,2021,0.321
GLOBAL,PWRWAVITAXX01,2022,0.0
GLOBAL,PWRWAVITAXX01,2023,0.0
GLOBAL,PWRWAVITAXX01,2024,0.0
GLOBAL,PWRWAVITAXX01,2025,0.0
GLOBAL,PWRWAVITAXX01,2026,0.0
GLOBAL,PWRWAVITAXX01,2027,0.0
GLOBAL,PWRWAVITAXX01,2028,0.0
GLOBAL,PWRWAVITAXX01,2029,0.0
GLOBAL,PWRWAVITAXX01,2030,0.0
GLOBAL,PWRWAVITAXX01,2031,0.0
GLOBAL,PWRWAVITAXX01,2032,0.0
GLOBAL,PWRWAVITAXX01,2033,0.0
GLOBAL,PWRWAVITAXX01,2034,0.0
GLOBAL,PWRWAVITAXX01,2035,0.0
GLOBAL,PWRWAVITAXX01,2036,0.0
GLOBAL,PWRWAVITAXX01,2037,0.0
GLOBAL,PWRWAVITAXX01,2038,0.0
GLOBAL,PWRWAVITAXX01,2039,0.0
GLOBAL,PWRWAVITAXX01,2040,0.0
GLOBAL,PWRWAVITAXX01,2041,0.0
GLOBAL,PWRWAVITAXX01,2042,0.0
GLOBAL,PWRWAVITAXX01,2043,0.0
GLOBAL,PWRWAVITAXX01,2044,0.0
GLOBAL,PWRWAVITAXX01,2045,0.0
GLOBAL,PWRWAVITAXX01,2046,0.0
GLOBAL,PWRWAVITAXX01,2047,0.0
GLOBAL,PWRWAVITAXX01,2048,0.0
GLOBAL,PWRWAVITAXX01,2049,0.0
GLOBAL,PWRWAVITAXX01,2050,0.0
GLOBAL,PWRWONITAXX01,2021,9.1368
GLOBAL,PWRWONITAXX01,2022,9.1368
GLOBAL,PWRWONITAXX01,2023,9.1368
GLOBAL,PWRWONITAXX01,2024,9.1368
GLOBAL,PWRWONITAXX01,2025,9.1368
GLOBAL,PWRWONITAXX01,2026,9.1368
GLOBAL,PWRWONITAXX01,2027,9.1368
GLOBAL,PWRWONITAXX01,2028,9.1368
GLOBAL,PWRWONITAXX01,2029,9.1368
GLOBAL,PWRWONITAXX01,2030,9.1368
GLOBAL,PWRWONITAXX01,2031,9.1368
GLOBAL,PWRWONITAXX01,2032,9.1368
GLOBAL,PWRWONITAXX01,2033,9.1368
GLOBAL,PWRWONITAXX01,2034,9.1368
GLOBAL,PWRWONITAXX01,2035,9.1368
GLOBAL,PWRWONITAXX01,2036,9.1368
GLOBAL,PWRWONITAXX01,2037,9.1368
GLOBAL,PWRWONITAXX01,2038,9.1368
GLOBAL,PWRWONITAXX01,2039,9.1368
GLOBAL,PWRWONITAXX01,2040,0.0
GLOBAL,PWRWONITAXX01,2041,0.0
GLOBAL,PWRWONITAXX01,2042,0.0
GLOBAL,PWRWONITAXX01,2043,0.0
GLOBAL,PWRWONITAXX01,2044,0.0
GLOBAL,PWRWONITAXX01,2045,0.0
GLOBAL,PWRWONITAXX01,2046,0.0
GLOBAL,PWRWONITAXX01,2047,0.0
GLOBAL,PWRWONITAXX01,2048,0.0
GLOBAL,PWRWONITAXX01,2049,0.0
GLOBAL,PWRWONITAXX01,2050,0.0
GLOBAL,PWRBIOJAMXX01,2021,0.03
GLOBAL,PWRBIOJAMXX01,2022,0.03
GLOBAL,PWRBIOJAMXX01,2023,0.03
GLOBAL,PWRBIOJAMXX01,2024,0.03
GLOBAL,PWRBIOJAMXX01,2025,0.03
GLOBAL,PWRBIOJAMXX01,2026,0.03
GLOBAL,PWRBIOJAMXX01,2027,0.03
GLOBAL,PWRBIOJAMXX01,2028,0.03
GLOBAL,PWRBIOJAMXX01,2029,0.03
GLOBAL,PWRBIOJAMXX01,2030,0.03
GLOBAL,PWRBIOJAMXX01,2031,0.03
GLOBAL,PWRBIOJAMXX01,2032,0.0
GLOBAL,PWRBIOJAMXX01,2033,0.0
GLOBAL,PWRBIOJAMXX01,2034,0.0
GLOBAL,PWRBIOJAMXX01,2035,0.0
GLOBAL,PWRBIOJAMXX01,2036,0.0
GLOBAL,PWRBIOJAMXX01,2037,0.0
GLOBAL,PWRBIOJAMXX01,2038,0.0
GLOBAL,PWRBIOJAMXX01,2039,0.0
GLOBAL,PWRBIOJAMXX01,2040,0.0
GLOBAL,PWRBIOJAMXX01,2041,0.0
GLOBAL,PWRBIOJAMXX01,2042,0.0
GLOBAL,PWRBIOJAMXX01,2043,0.0
GLOBAL,PWRBIOJAMXX01,2044,0.0
GLOBAL,PWRBIOJAMXX01,2045,0.0
GLOBAL,PWRBIOJAMXX01,2046,0.0
GLOBAL,PWRBIOJAMXX01,2047,0.0
GLOBAL,PWRBIOJAMXX01,2048,0.0
GLOBAL,PWRBIOJAMXX01,2049,0.0
GLOBAL,PWRBIOJAMXX01,2050,0.0
GLOBAL,PWRHYDJAMXX01,2021,0.0302
GLOBAL,PWRHYDJAMXX01,2022,0.0302
GLOBAL,PWRHYDJAMXX01,2023,0.0302
GLOBAL,PWRHYDJAMXX01,2024,0.0302
GLOBAL,PWRHYDJAMXX01,2025,0.0302
GLOBAL,PWRHYDJAMXX01,2026,0.0302
GLOBAL,PWRHYDJAMXX01,2027,0.0302
GLOBAL,PWRHYDJAMXX01,2028,0.0302
GLOBAL,PWRHYDJAMXX01,2029,0.0302
GLOBAL,PWRHYDJAMXX01,2030,0.0302
GLOBAL,PWRHYDJAMXX01,2031,0.0302
GLOBAL,PWRHYDJAMXX01,2032,0.0302
GLOBAL,PWRHYDJAMXX01,2033,0.0302
GLOBAL,PWRHYDJAMXX01,2034,0.0302
GLOBAL,PWRHYDJAMXX01,2035,0.0302
GLOBAL,PWRHYDJAMXX01,2036,0.0302
GLOBAL,PWRHYDJAMXX01,2037,0.0302
GLOBAL,PWRHYDJAMXX01,2038,0.0302
GLOBAL,PWRHYDJAMXX01,2039,0.0302
GLOBAL,PWRHYDJAMXX01,2040,0.0302
GLOBAL,PWRHYDJAMXX01,2041,0.0302
GLOBAL,PWRHYDJAMXX01,2042,0.0302
GLOBAL,PWRHYDJAMXX01,2043,0.0302
GLOBAL,PWRHYDJAMXX01,2044,0.0302
GLOBAL,PWRHYDJAMXX01,2045,0.0302
GLOBAL,PWRHYDJAMXX01,2046,0.0262
GLOBAL,PWRHYDJAMXX01,2047,0.0262
GLOBAL,PWRHYDJAMXX01,2048,0.0262
GLOBAL,PWRHYDJAMXX01,2049,0.0262
GLOBAL,PWRHYDJAMXX01,2050,0.0262
GLOBAL,PWROCGJAMXX00,2021,0.12
GLOBAL,PWROCGJAMXX00,2022,0.12
GLOBAL,PWROCGJAMXX00,2023,0.12
GLOBAL,PWROCGJAMXX00,2024,0.12
GLOBAL,PWROCGJAMXX00,2025,0.0
GLOBAL,PWROCGJAMXX00,2026,0.0
GLOBAL,PWROCGJAMXX00,2027,0.0
GLOBAL,PWROCGJAMXX00,2028,0.0
GLOBAL,PWROCGJAMXX00,2029,0.0
GLOBAL,PWROCGJAMXX00,2030,0.0
GLOBAL,PWROCGJAMXX00,2031,0.0
GLOBAL,PWROCGJAMXX00,2032,0.0
GLOBAL,PWROCGJAMXX00,2033,0.0
GLOBAL,PWROCGJAMXX00,2034,0.0
GLOBAL,PWROCGJAMXX00,2035,0.0
GLOBAL,PWROCGJAMXX00,2036,0.0
GLOBAL,PWROCGJAMXX00,2037,0.0
GLOBAL,PWROCGJAMXX00,2038,0.0
GLOBAL,PWROCGJAMXX00,2039,0.0
GLOBAL,PWROCGJAMXX00,2040,0.0
GLOBAL,PWROCGJAMXX00,2041,0.0
GLOBAL,PWROCGJAMXX00,2042,0.0
GLOBAL,PWROCGJAMXX00,2043,0.0
GLOBAL,PWROCGJAMXX00,2044,0.0
GLOBAL,PWROCGJAMXX00,2045,0.0
GLOBAL,PWROCGJAMXX00,2046,0.0
GLOBAL,PWROCGJAMXX00,2047,0.0
GLOBAL,PWROCGJAMXX00,2048,0.0
GLOBAL,PWROCGJAMXX00,2049,0.0
GLOBAL,PWROCGJAMXX00,2050,0.0
GLOBAL,PWROILJAMXX01,2021,0.7291
GLOBAL,PWROILJAMXX01,2022,0.7291
GLOBAL,PWROILJAMXX01,2023,0.6061
GLOBAL,PWROILJAMXX01,2024,0.6061
GLOBAL,PWROILJAMXX01,2025,0.6061
GLOBAL,PWROILJAMXX01,2026,0.6061
GLOBAL,PWROILJAMXX01,2027,0.129
GLOBAL,PWROILJAMXX01,2028,0.065
GLOBAL,PWROILJAMXX01,2029,0.065
GLOBAL,PWROILJAMXX01,2030,0.065
GLOBAL,PWROILJAMXX01,2031,0.065
GLOBAL,PWROILJAMXX01,2032,0.065
GLOBAL,PWROILJAMXX01,2033,0.065
GLOBAL,PWROILJAMXX01,2034,0.065
GLOBAL,PWROILJAMXX01,2035,0.065
GLOBAL,PWROILJAMXX01,2036,0.065
GLOBAL,PWROILJAMXX01,2037,0.065
GLOBAL,PWROILJAMXX01,2038,0.065
GLOBAL,PWROILJAMXX01,2039,0.065
GLOBAL,PWROILJAMXX01,2040,0.065
GLOBAL,PWROILJAMXX01,2041,0.065
GLOBAL,PWROILJAMXX01,2042,0.065
GLOBAL,PWROILJAMXX01,2043,0.065
GLOBAL,PWROILJAMXX01,2044,0.0
GLOBAL,PWROILJAMXX01,2045,0.0
GLOBAL,PWROILJAMXX01,2046,0.0
GLOBAL,PWROILJAMXX01,2047,0.0
GLOBAL,PWROILJAMXX01,2048,0.0
GLOBAL,PWROILJAMXX01,2049,0.0
GLOBAL,PWROILJAMXX01,2050,0.0
GLOBAL,PWRWONJAMXX01,2021,0.039
GLOBAL,PWRWONJAMXX01,2022,0.039
GLOBAL,PWRWONJAMXX01,2023,0.039
GLOBAL,PWRWONJAMXX01,2024,0.039
GLOBAL,PWRWONJAMXX01,2025,0.039
GLOBAL,PWRWONJAMXX01,2026,0.039
GLOBAL,PWRWONJAMXX01,2027,0.039
GLOBAL,PWRWONJAMXX01,2028,0.039
GLOBAL,PWRWONJAMXX01,2029,0.039
GLOBAL,PWRWONJAMXX01,2030,0.039
GLOBAL,PWRWONJAMXX01,2031,0.039
GLOBAL,PWRWONJAMXX01,2032,0.039
GLOBAL,PWRWONJAMXX01,2033,0.039
GLOBAL,PWRWONJAMXX01,2034,0.039
GLOBAL,PWRWONJAMXX01,2035,0.039
GLOBAL,PWRWONJAMXX01,2036,0.039
GLOBAL,PWRWONJAMXX01,2037,0.039
GLOBAL,PWRWONJAMXX01,2038,0.039
GLOBAL,PWRWONJAMXX01,2039,0.039
GLOBAL,PWRWONJAMXX01,2040,0.0
GLOBAL,PWRWONJAMXX01,2041,0.0
GLOBAL,PWRWONJAMXX01,2042,0.0
GLOBAL,PWRWONJAMXX01,2043,0.0
GLOBAL,PWRWONJAMXX01,2044,0.0
GLOBAL,PWRWONJAMXX01,2045,0.0
GLOBAL,PWRWONJAMXX01,2046,0.0
GLOBAL,PWRWONJAMXX01,2047,0.0
GLOBAL,PWRWONJAMXX01,2048,0.0
GLOBAL,PWRWONJAMXX01,2049,0.0
GLOBAL,PWRWONJAMXX01,2050,0.0
GLOBAL,PWRCCGJORXX00,2021,3.756
GLOBAL,PWRCCGJORXX00,2022,3.756
GLOBAL,PWRCCGJORXX00,2023,3.756
GLOBAL,PWRCCGJORXX00,2024,3.756
GLOBAL,PWRCCGJORXX00,2025,0.0
GLOBAL,PWRCCGJORXX00,2026,0.0
GLOBAL,PWRCCGJORXX00,2027,0.0
GLOBAL,PWRCCGJORXX00,2028,0.0
GLOBAL,PWRCCGJORXX00,2029,0.0
GLOBAL,PWRCCGJORXX00,2030,0.0
GLOBAL,PWRCCGJORXX00,2031,0.0
GLOBAL,PWRCCGJORXX00,2032,0.0
GLOBAL,PWRCCGJORXX00,2033,0.0
GLOBAL,PWRCCGJORXX00,2034,0.0
GLOBAL,PWRCCGJORXX00,2035,0.0
GLOBAL,PWRCCGJORXX00,2036,0.0
GLOBAL,PWRCCGJORXX00,2037,0.0
GLOBAL,PWRCCGJORXX00,2038,0.0
GLOBAL,PWRCCGJORXX00,2039,0.0
GLOBAL,PWRCCGJORXX00,2040,0.0
GLOBAL,PWRCCGJORXX00,2041,0.0
GLOBAL,PWRCCGJORXX00,2042,0.0
GLOBAL,PWRCCGJORXX00,2043,0.0
GLOBAL,PWRCCGJORXX00,2044,0.0
GLOBAL,PWRCCGJORXX00,2045,0.0
GLOBAL,PWRCCGJORXX00,2046,0.0
GLOBAL,PWRCCGJORXX00,2047,0.0
GLOBAL,PWRCCGJORXX00,2048,0.0
GLOBAL,PWRCCGJORXX00,2049,0.0
GLOBAL,PWRCCGJORXX00,2050,0.0
GLOBAL,PWRHYDJORXX01,2021,0.012
GLOBAL,PWRHYDJORXX01,2022,0.012
GLOBAL,PWRHYDJORXX01,2023,0.012
GLOBAL,PWRHYDJORXX01,2024,0.012
GLOBAL,PWRHYDJORXX01,2025,0.012
GLOBAL,PWRHYDJORXX01,2026,0.012
GLOBAL,PWRHYDJORXX01,2027,0.012
GLOBAL,PWRHYDJORXX01,2028,0.012
GLOBAL,PWRHYDJORXX01,2029,0.012
GLOBAL,PWRHYDJORXX01,2030,0.012
GLOBAL,PWRHYDJORXX01,2031,0.012
GLOBAL,PWRHYDJORXX01,2032,0.012
GLOBAL,PWRHYDJORXX01,2033,0.012
GLOBAL,PWRHYDJORXX01,2034,0.012
GLOBAL,PWRHYDJORXX01,2035,0.012
GLOBAL,PWRHYDJORXX01,2036,0.012
GLOBAL,PWRHYDJORXX01,2037,0.012
GLOBAL,PWRHYDJORXX01,2038,0.012
GLOBAL,PWRHYDJORXX01,2039,0.012
GLOBAL,PWRHYDJORXX01,2040,0.012
GLOBAL,PWRHYDJORXX01,2041,0.012
GLOBAL,PWRHYDJORXX01,2042,0.012
GLOBAL,PWRHYDJORXX01,2043,0.012
GLOBAL,PWRHYDJORXX01,2044,0.012
GLOBAL,PWRHYDJORXX01,2045,0.012
GLOBAL,PWRHYDJORXX01,2046,0.012
GLOBAL,PWRHYDJORXX01,2047,0.012
GLOBAL,PWRHYDJORXX01,2048,0.012
GLOBAL,PWRHYDJORXX01,2049,0.012
GLOBAL,PWRHYDJORXX01,2050,0.012
GLOBAL,PWROCGJORXX00,2021,0.0771
GLOBAL,PWROCGJORXX00,2022,0.0771
GLOBAL,PWROCGJORXX00,2023,0.0771
GLOBAL,PWROCGJORXX00,2024,0.0771
GLOBAL,PWROCGJORXX00,2025,0.0
GLOBAL,PWROCGJORXX00,2026,0.0
GLOBAL,PWROCGJORXX00,2027,0.0
GLOBAL,PWROCGJORXX00,2028,0.0
GLOBAL,PWROCGJORXX00,2029,0.0
GLOBAL,PWROCGJORXX00,2030,0.0
GLOBAL,PWROCGJORXX00,2031,0.0
GLOBAL,PWROCGJORXX00,2032,0.0
GLOBAL,PWROCGJORXX00,2033,0.0
GLOBAL,PWROCGJORXX00,2034,0.0
GLOBAL,PWROCGJORXX00,2035,0.0
GLOBAL,PWROCGJORXX00,2036,0.0
GLOBAL,PWROCGJORXX00,2037,0.0
GLOBAL,PWROCGJORXX00,2038,0.0
GLOBAL,PWROCGJORXX00,2039,0.0
GLOBAL,PWROCGJORXX00,2040,0.0
GLOBAL,PWROCGJORXX00,2041,0.0
GLOBAL,PWROCGJORXX00,2042,0.0
GLOBAL,PWROCGJORXX00,2043,0.0
GLOBAL,PWROCGJORXX00,2044,0.0
GLOBAL,PWROCGJORXX00,2045,0.0
GLOBAL,PWROCGJORXX00,2046,0.0
GLOBAL,PWROCGJORXX00,2047,0.0
GLOBAL,PWROCGJORXX00,2048,0.0
GLOBAL,PWROCGJORXX00,2049,0.0
GLOBAL,PWROCGJORXX00,2050,0.0
GLOBAL,PWROILJORXX01,2021,0.382
GLOBAL,PWROILJORXX01,2022,0.382
GLOBAL,PWROILJORXX01,2023,0.382
GLOBAL,PWROILJORXX01,2024,0.382
GLOBAL,PWROILJORXX01,2025,0.382
GLOBAL,PWROILJORXX01,2026,0.382
GLOBAL,PWROILJORXX01,2027,0.0
GLOBAL,PWROILJORXX01,2028,0.0
GLOBAL,PWROILJORXX01,2029,0.0
GLOBAL,PWROILJORXX01,2030,0.0
GLOBAL,PWROILJORXX01,2031,0.0
GLOBAL,PWROILJORXX01,2032,0.0
GLOBAL,PWROILJORXX01,2033,0.0
GLOBAL,PWROILJORXX01,2034,0.0
GLOBAL,PWROILJORXX01,2035,0.0
GLOBAL,PWROILJORXX01,2036,0.0
GLOBAL,PWROILJORXX01,2037,0.0
GLOBAL,PWROILJORXX01,2038,0.0
GLOBAL,PWROILJORXX01,2039,0.0
GLOBAL,PWROILJORXX01,2040,0.0
GLOBAL,PWROILJORXX01,2041,0.0
GLOBAL,PWROILJORXX01,2042,0.0
GLOBAL,PWROILJORXX01,2043,0.0
GLOBAL,PWROILJORXX01,2044,0.0
GLOBAL,PWROILJORXX01,2045,0.0
GLOBAL,PWROILJORXX01,2046,0.0
GLOBAL,PWROILJORXX01,2047,0.0
GLOBAL,PWROILJORXX01,2048,0.0
GLOBAL,PWROILJORXX01,2049,0.0
GLOBAL,PWROILJORXX01,2050,0.0
GLOBAL,PWRSPVJORXX01,2021,0.026
GLOBAL,PWRSPVJORXX01,2022,0.026
GLOBAL,PWRSPVJORXX01,2023,0.026
GLOBAL,PWRSPVJORXX01,2024,0.026
GLOBAL,PWRSPVJORXX01,2025,0.026
GLOBAL,PWRSPVJORXX01,2026,0.026
GLOBAL,PWRSPVJORXX01,2027,0.026
GLOBAL,PWRSPVJORXX01,2028,0.026
GLOBAL,PWRSPVJORXX01,2029,0.026
GLOBAL,PWRSPVJORXX01,2030,0.026
GLOBAL,PWRSPVJORXX01,2031,0.026
GLOBAL,PWRSPVJORXX01,2032,0.026
GLOBAL,PWRSPVJORXX01,2033,0.026
GLOBAL,PWRSPVJORXX01,2034,0.026
GLOBAL,PWRSPVJORXX01,2035,0.026
GLOBAL,PWRSPVJORXX01,2036,0.026
GLOBAL,PWRSPVJORXX01,2037,0.026
GLOBAL,PWRSPVJORXX01,2038,0.026
GLOBAL,PWRSPVJORXX01,2039,0.026
GLOBAL,PWRSPVJORXX01,2040,0.026
GLOBAL,PWRSPVJORXX01,2041,0.026
GLOBAL,PWRSPVJORXX01,2042,0.026
GLOBAL,PWRSPVJORXX01,2043,0.026
GLOBAL,PWRSPVJORXX01,2044,0.026
GLOBAL,PWRSPVJORXX01,2045,0.0
GLOBAL,PWRSPVJORXX01,2046,0.0
GLOBAL,PWRSPVJORXX01,2047,0.0
GLOBAL,PWRSPVJORXX01,2048,0.0
GLOBAL,PWRSPVJORXX01,2049,0.0
GLOBAL,PWRSPVJORXX01,2050,0.0
GLOBAL,PWRWONJORXX01,2021,0.119
GLOBAL,PWRWONJORXX01,2022,0.119
GLOBAL,PWRWONJORXX01,2023,0.119
GLOBAL,PWRWONJORXX01,2024,0.119
GLOBAL,PWRWONJORXX01,2025,0.119
GLOBAL,PWRWONJORXX01,2026,0.119
GLOBAL,PWRWONJORXX01,2027,0.119
GLOBAL,PWRWONJORXX01,2028,0.119
GLOBAL,PWRWONJORXX01,2029,0.119
GLOBAL,PWRWONJORXX01,2030,0.119
GLOBAL,PWRWONJORXX01,2031,0.119
GLOBAL,PWRWONJORXX01,2032,0.119
GLOBAL,PWRWONJORXX01,2033,0.119
GLOBAL,PWRWONJORXX01,2034,0.119
GLOBAL,PWRWONJORXX01,2035,0.119
GLOBAL,PWRWONJORXX01,2036,0.119
GLOBAL,PWRWONJORXX01,2037,0.119
GLOBAL,PWRWONJORXX01,2038,0.119
GLOBAL,PWRWONJORXX01,2039,0.119
GLOBAL,PWRWONJORXX01,2040,0.0
GLOBAL,PWRWONJORXX01,2041,0.0
GLOBAL,PWRWONJORXX01,2042,0.0
GLOBAL,PWRWONJORXX01,2043,0.0
GLOBAL,PWRWONJORXX01,2044,0.0
GLOBAL,PWRWONJORXX01,2045,0.0
GLOBAL,PWRWONJORXX01,2046,0.0
GLOBAL,PWRWONJORXX01,2047,0.0
GLOBAL,PWRWONJORXX01,2048,0.0
GLOBAL,PWRWONJORXX01,2049,0.0
GLOBAL,PWRWONJORXX01,2050,0.0
GLOBAL,PWRBIOJPNCE01,2021,1.1314
GLOBAL,PWRBIOJPNCE01,2022,1.1314
GLOBAL,PWRBIOJPNCE01,2023,1.1314
GLOBAL,PWRBIOJPNCE01,2024,1.1314
GLOBAL,PWRBIOJPNCE01,2025,1.1314
GLOBAL,PWRBIOJPNCE01,2026,1.1314
GLOBAL,PWRBIOJPNCE01,2027,1.1314
GLOBAL,PWRBIOJPNCE01,2028,1.1314
GLOBAL,PWRBIOJPNCE01,2029,1.1314
GLOBAL,PWRBIOJPNCE01,2030,1.1314
GLOBAL,PWRBIOJPNCE01,2031,1.1314
GLOBAL,PWRBIOJPNCE01,2032,0.0
GLOBAL,PWRBIOJPNCE01,2033,0.0
GLOBAL,PWRBIOJPNCE01,2034,0.0
GLOBAL,PWRBIOJPNCE01,2035,0.0
GLOBAL,PWRBIOJPNCE01,2036,0.0
GLOBAL,PWRBIOJPNCE01,2037,0.0
GLOBAL,PWRBIOJPNCE01,2038,0.0
GLOBAL,PWRBIOJPNCE01,2039,0.0
GLOBAL,PWRBIOJPNCE01,2040,0.0
GLOBAL,PWRBIOJPNCE01,2041,0.0
GLOBAL,PWRBIOJPNCE01,2042,0.0
GLOBAL,PWRBIOJPNCE01,2043,0.0
GLOBAL,PWRBIOJPNCE01,2044,0.0
GLOBAL,PWRBIOJPNCE01,2045,0.0
GLOBAL,PWRBIOJPNCE01,2046,0.0
GLOBAL,PWRBIOJPNCE01,2047,0.0
GLOBAL,PWRBIOJPNCE01,2048,0.0
GLOBAL,PWRBIOJPNCE01,2049,0.0
GLOBAL,PWRBIOJPNCE01,2050,0.0
GLOBAL,PWRCCGJPNCE00,2021,19.248
GLOBAL,PWRCCGJPNCE00,2022,19.248
GLOBAL,PWRCCGJPNCE00,2023,19.248
GLOBAL,PWRCCGJPNCE00,2024,19.248
GLOBAL,PWRCCGJPNCE00,2025,0.147
GLOBAL,PWRCCGJPNCE00,2026,0.147
GLOBAL,PWRCCGJPNCE00,2027,0.147
GLOBAL,PWRCCGJPNCE00,2028,0.147
GLOBAL,PWRCCGJPNCE00,2029,0.147
GLOBAL,PWRCCGJPNCE00,2030,0.147
GLOBAL,PWRCCGJPNCE00,2031,0.147
GLOBAL,PWRCCGJPNCE00,2032,0.147
GLOBAL,PWRCCGJPNCE00,2033,0.147
GLOBAL,PWRCCGJPNCE00,2034,0.147
GLOBAL,PWRCCGJPNCE00,2035,0.147
GLOBAL,PWRCCGJPNCE00,2036,0.147
GLOBAL,PWRCCGJPNCE00,2037,0.147
GLOBAL,PWRCCGJPNCE00,2038,0.147
GLOBAL,PWRCCGJPNCE00,2039,0.147
GLOBAL,PWRCCGJPNCE00,2040,0.147
GLOBAL,PWRCCGJPNCE00,2041,0.147
GLOBAL,PWRCCGJPNCE00,2042,0.0
GLOBAL,PWRCCGJPNCE00,2043,0.0
GLOBAL,PWRCCGJPNCE00,2044,0.0
GLOBAL,PWRCCGJPNCE00,2045,0.0
GLOBAL,PWRCCGJPNCE00,2046,0.0
GLOBAL,PWRCCGJPNCE00,2047,0.0
GLOBAL,PWRCCGJPNCE00,2048,0.0
GLOBAL,PWRCCGJPNCE00,2049,0.0
GLOBAL,PWRCCGJPNCE00,2050,0.0
GLOBAL,PWRCOAJPNCE01,2021,22.1894
GLOBAL,PWRCOAJPNCE01,2022,22.1894
GLOBAL,PWRCOAJPNCE01,2023,22.1894
GLOBAL,PWRCOAJPNCE01,2024,22.1894
GLOBAL,PWRCOAJPNCE01,2025,22.1894
GLOBAL,PWRCOAJPNCE01,2026,22.1894
GLOBAL,PWRCOAJPNCE01,2027,20.5074
GLOBAL,PWRCOAJPNCE01,2028,9.603
GLOBAL,PWRCOAJPNCE01,2029,6.313
GLOBAL,PWRCOAJPNCE01,2030,6.313
GLOBAL,PWRCOAJPNCE01,2031,6.313
GLOBAL,PWRCOAJPNCE01,2032,6.313
GLOBAL,PWRCOAJPNCE01,2033,6.313
GLOBAL,PWRCOAJPNCE01,2034,2.515
GLOBAL,PWRCOAJPNCE01,2035,2.515
GLOBAL,PWRCOAJPNCE01,2036,2.515
GLOBAL,PWRCOAJPNCE01,2037,2.515
GLOBAL,PWRCOAJPNCE01,2038,0.456
GLOBAL,PWRCOAJPNCE01,2039,0.388
GLOBAL,PWRCOAJPNCE01,2040,0.388
GLOBAL,PWRCOAJPNCE01,2041,0.388
GLOBAL,PWRCOAJPNCE01,2042,0.388
GLOBAL,PWRCOAJPNCE01,2043,0.388
GLOBAL,PWRCOAJPNCE01,2044,0.388
GLOBAL,PWRCOAJPNCE01,2045,0.388
GLOBAL,PWRCOAJPNCE01,2046,0.388
GLOBAL,PWRCOAJPNCE01,2047,0.388
GLOBAL,PWRCOAJPNCE01,2048,0.0
GLOBAL,PWRCOAJPNCE01,2049,0.0
GLOBAL,PWRCOAJPNCE01,2050,0.0
GLOBAL,PWRGEOJPNCE01,2021,0.003
GLOBAL,PWRGEOJPNCE01,2022,0.003
GLOBAL,PWRGEOJPNCE01,2023,0.003
GLOBAL,PWRGEOJPNCE01,2024,0.003
GLOBAL,PWRGEOJPNCE01,2025,0.003
GLOBAL,PWRGEOJPNCE01,2026,0.003
GLOBAL,PWRGEOJPNCE01,2027,0.003
GLOBAL,PWRGEOJPNCE01,2028,0.003
GLOBAL,PWRGEOJPNCE01,2029,0.003
GLOBAL,PWRGEOJPNCE01,2030,0.0
GLOBAL,PWRGEOJPNCE01,2031,0.0
GLOBAL,PWRGEOJPNCE01,2032,0.0
GLOBAL,PWRGEOJPNCE01,2033,0.0
GLOBAL,PWRGEOJPNCE01,2034,0.0
GLOBAL,PWRGEOJPNCE01,2035,0.0
GLOBAL,PWRGEOJPNCE01,2036,0.0
GLOBAL,PWRGEOJPNCE01,2037,0.0
GLOBAL,PWRGEOJPNCE01,2038,0.0
GLOBAL,PWRGEOJPNCE01,2039,0.0
GLOBAL,PWRGEOJPNCE01,2040,0.0
GLOBAL,PWRGEOJPNCE01,2041,0.0
GLOBAL,PWRGEOJPNCE01,2042,0.0
GLOBAL,PWRGEOJPNCE01,2043,0.0
GLOBAL,PWRGEOJPNCE01,2044,0.0
GLOBAL,PWRGEOJPNCE01,2045,0.0
GLOBAL,PWRGEOJPNCE01,2046,0.0
GLOBAL,PWRGEOJPNCE01,2047,0.0
GLOBAL,PWRGEOJPNCE01,2048,0.0
GLOBAL,PWRGEOJPNCE01,2049,0.0
GLOBAL,PWRGEOJPNCE01,2050,0.0
GLOBAL,PWRHYDJPNCE01,2021,14.639
GLOBAL,PWRHYDJPNCE01,2022,14.639
GLOBAL,PWRHYDJPNCE01,2023,14.639
GLOBAL,PWRHYDJPNCE01,2024,14.639
GLOBAL,PWRHYDJPNCE01,2025,14.639
GLOBAL,PWRHYDJPNCE01,2026,14.639
GLOBAL,PWRHYDJPNCE01,2027,14.639
GLOBAL,PWRHYDJPNCE01,2028,14.639
GLOBAL,PWRHYDJPNCE01,2029,14.639
GLOBAL,PWRHYDJPNCE01,2030,14.639
GLOBAL,PWRHYDJPNCE01,2031,14.639
GLOBAL,PWRHYDJPNCE01,2032,14.639
GLOBAL,PWRHYDJPNCE01,2033,14.639
GLOBAL,PWRHYDJPNCE01,2034,14.639
GLOBAL,PWRHYDJPNCE01,2035,14.639
GLOBAL,PWRHYDJPNCE01,2036,14.639
GLOBAL,PWRHYDJPNCE01,2037,14.639
GLOBAL,PWRHYDJPNCE01,2038,14.639
GLOBAL,PWRHYDJPNCE01,2039,14.639
GLOBAL,PWRHYDJPNCE01,2040,14.639
GLOBAL,PWRHYDJPNCE01,2041,14.639
GLOBAL,PWRHYDJPNCE01,2042,14.639
GLOBAL,PWRHYDJPNCE01,2043,14.639
GLOBAL,PWRHYDJPNCE01,2044,14.639
GLOBAL,PWRHYDJPNCE01,2045,14.639
GLOBAL,PWRHYDJPNCE01,2046,14.639
GLOBAL,PWRHYDJPNCE01,2047,14.639
GLOBAL,PWRHYDJPNCE01,2048,14.639
GLOBAL,PWRHYDJPNCE01,2049,14.639
GLOBAL,PWRHYDJPNCE01,2050,14.639
GLOBAL,PWROILJPNCE01,2021,17.745
GLOBAL,PWROILJPNCE01,2022,17.745
GLOBAL,PWROILJPNCE01,2023,17.745
GLOBAL,PWROILJPNCE01,2024,17.745
GLOBAL,PWROILJPNCE01,2025,17.745
GLOBAL,PWROILJPNCE01,2026,17.745
GLOBAL,PWROILJPNCE01,2027,0.07
GLOBAL,PWROILJPNCE01,2028,0.07
GLOBAL,PWROILJPNCE01,2029,0.07
GLOBAL,PWROILJPNCE01,2030,0.07
GLOBAL,PWROILJPNCE01,2031,0.07
GLOBAL,PWROILJPNCE01,2032,0.0
GLOBAL,PWROILJPNCE01,2033,0.0
GLOBAL,PWROILJPNCE01,2034,0.0
GLOBAL,PWROILJPNCE01,2035,0.0
GLOBAL,PWROILJPNCE01,2036,0.0
GLOBAL,PWROILJPNCE01,2037,0.0
GLOBAL,PWROILJPNCE01,2038,0.0
GLOBAL,PWROILJPNCE01,2039,0.0
GLOBAL,PWROILJPNCE01,2040,0.0
GLOBAL,PWROILJPNCE01,2041,0.0
GLOBAL,PWROILJPNCE01,2042,0.0
GLOBAL,PWROILJPNCE01,2043,0.0
GLOBAL,PWROILJPNCE01,2044,0.0
GLOBAL,PWROILJPNCE01,2045,0.0
GLOBAL,PWROILJPNCE01,2046,0.0
GLOBAL,PWROILJPNCE01,2047,0.0
GLOBAL,PWROILJPNCE01,2048,0.0
GLOBAL,PWROILJPNCE01,2049,0.0
GLOBAL,PWROILJPNCE01,2050,0.0
GLOBAL,PWRSPVJPNCE01,2021,9.4645
GLOBAL,PWRSPVJPNCE01,2022,9.4645
GLOBAL,PWRSPVJPNCE01,2023,9.4645
GLOBAL,PWRSPVJPNCE01,2024,9.4645
GLOBAL,PWRSPVJPNCE01,2025,9.4645
GLOBAL,PWRSPVJPNCE01,2026,9.4645
GLOBAL,PWRSPVJPNCE01,2027,9.4645
GLOBAL,PWRSPVJPNCE01,2028,9.4645
GLOBAL,PWRSPVJPNCE01,2029,9.4645
GLOBAL,PWRSPVJPNCE01,2030,9.4645
GLOBAL,PWRSPVJPNCE01,2031,9.4645
GLOBAL,PWRSPVJPNCE01,2032,9.4645
GLOBAL,PWRSPVJPNCE01,2033,9.4645
GLOBAL,PWRSPVJPNCE01,2034,9.4645
GLOBAL,PWRSPVJPNCE01,2035,9.4645
GLOBAL,PWRSPVJPNCE01,2036,9.4645
GLOBAL,PWRSPVJPNCE01,2037,9.4645
GLOBAL,PWRSPVJPNCE01,2038,9.4645
GLOBAL,PWRSPVJPNCE01,2039,9.4645
GLOBAL,PWRSPVJPNCE01,2040,9.4645
GLOBAL,PWRSPVJPNCE01,2041,9.4645
GLOBAL,PWRSPVJPNCE01,2042,9.4645
GLOBAL,PWRSPVJPNCE01,2043,9.4645
GLOBAL,PWRSPVJPNCE01,2044,9.4645
GLOBAL,PWRSPVJPNCE01,2045,0.0
GLOBAL,PWRSPVJPNCE01,2046,0.0
GLOBAL,PWRSPVJPNCE01,2047,0.0
GLOBAL,PWRSPVJPNCE01,2048,0.0
GLOBAL,PWRSPVJPNCE01,2049,0.0
GLOBAL,PWRSPVJPNCE01,2050,0.0
GLOBAL,PWRURNJPNCE01,2021,16.273
GLOBAL,PWRURNJPNCE01,2022,16.273
GLOBAL,PWRURNJPNCE01,2023,16.273
GLOBAL,PWRURNJPNCE01,2024,16.273
GLOBAL,PWRURNJPNCE01,2025,16.273
GLOBAL,PWRURNJPNCE01,2026,16.273
GLOBAL,PWRURNJPNCE01,2027,16.273
GLOBAL,PWRURNJPNCE01,2028,16.273
GLOBAL,PWRURNJPNCE01,2029,16.273
GLOBAL,PWRURNJPNCE01,2030,16.273
GLOBAL,PWRURNJPNCE01,2031,16.273
GLOBAL,PWRURNJPNCE01,2032,16.273
GLOBAL,PWRURNJPNCE01,2033,16.273
GLOBAL,PWRURNJPNCE01,2034,16.273
GLOBAL,PWRURNJPNCE01,2035,16.273
GLOBAL,PWRURNJPNCE01,2036,16.273
GLOBAL,PWRURNJPNCE01,2037,16.273
GLOBAL,PWRURNJPNCE01,2038,16.273
GLOBAL,PWRURNJPNCE01,2039,16.273
GLOBAL,PWRURNJPNCE01,2040,16.273
GLOBAL,PWRURNJPNCE01,2041,16.273
GLOBAL,PWRURNJPNCE01,2042,16.273
GLOBAL,PWRURNJPNCE01,2043,16.273
GLOBAL,PWRURNJPNCE01,2044,16.273
GLOBAL,PWRURNJPNCE01,2045,0.0
GLOBAL,PWRURNJPNCE01,2046,0.0
GLOBAL,PWRURNJPNCE01,2047,0.0
GLOBAL,PWRURNJPNCE01,2048,0.0
GLOBAL,PWRURNJPNCE01,2049,0.0
GLOBAL,PWRURNJPNCE01,2050,0.0
GLOBAL,PWRWASJPNCE01,2021,0.021
GLOBAL,PWRWASJPNCE01,2022,0.021
GLOBAL,PWRWASJPNCE01,2023,0.021
GLOBAL,PWRWASJPNCE01,2024,0.021
GLOBAL,PWRWASJPNCE01,2025,0.021
GLOBAL,PWRWASJPNCE01,2026,0.021
GLOBAL,PWRWASJPNCE01,2027,0.021
GLOBAL,PWRWASJPNCE01,2028,0.021
GLOBAL,PWRWASJPNCE01,2029,0.021
GLOBAL,PWRWASJPNCE01,2030,0.021
GLOBAL,PWRWASJPNCE01,2031,0.021
GLOBAL,PWRWASJPNCE01,2032,0.021
GLOBAL,PWRWASJPNCE01,2033,0.021
GLOBAL,PWRWASJPNCE01,2034,0.021
GLOBAL,PWRWASJPNCE01,2035,0.0
GLOBAL,PWRWASJPNCE01,2036,0.0
GLOBAL,PWRWASJPNCE01,2037,0.0
GLOBAL,PWRWASJPNCE01,2038,0.0
GLOBAL,PWRWASJPNCE01,2039,0.0
GLOBAL,PWRWASJPNCE01,2040,0.0
GLOBAL,PWRWASJPNCE01,2041,0.0
GLOBAL,PWRWASJPNCE01,2042,0.0
GLOBAL,PWRWASJPNCE01,2043,0.0
GLOBAL,PWRWASJPNCE01,2044,0.0
GLOBAL,PWRWASJPNCE01,2045,0.0
GLOBAL,PWRWASJPNCE01,2046,0.0
GLOBAL,PWRWASJPNCE01,2047,0.0
GLOBAL,PWRWASJPNCE01,2048,0.0
GLOBAL,PWRWASJPNCE01,2049,0.0
GLOBAL,PWRWASJPNCE01,2050,0.0
GLOBAL,PWRWONJPNCE01,2021,1.8417
GLOBAL,PWRWONJPNCE01,2022,1.8417
GLOBAL,PWRWONJPNCE01,2023,1.8417
GLOBAL,PWRWONJPNCE01,2024,1.8417
GLOBAL,PWRWONJPNCE01,2025,1.8417
GLOBAL,PWRWONJPNCE01,2026,1.8417
GLOBAL,PWRWONJPNCE01,2027,1.8417
GLOBAL,PWRWONJPNCE01,2028,1.8417
GLOBAL,PWRWONJPNCE01,2029,1.8417
GLOBAL,PWRWONJPNCE01,2030,1.8417
GLOBAL,PWRWONJPNCE01,2031,1.8417
GLOBAL,PWRWONJPNCE01,2032,1.8417
GLOBAL,PWRWONJPNCE01,2033,1.8147
GLOBAL,PWRWONJPNCE01,2034,1.7997
GLOBAL,PWRWONJPNCE01,2035,1.7997
GLOBAL,PWRWONJPNCE01,2036,1.7997
GLOBAL,PWRWONJPNCE01,2037,1.7997
GLOBAL,PWRWONJPNCE01,2038,1.7997
GLOBAL,PWRWONJPNCE01,2039,1.7997
GLOBAL,PWRWONJPNCE01,2040,0.02
GLOBAL,PWRWONJPNCE01,2041,0.02
GLOBAL,PWRWONJPNCE01,2042,0.02
GLOBAL,PWRWONJPNCE01,2043,0.02
GLOBAL,PWRWONJPNCE01,2044,0.02
GLOBAL,PWRWONJPNCE01,2045,0.0
GLOBAL,PWRWONJPNCE01,2046,0.0
GLOBAL,PWRWONJPNCE01,2047,0.0
GLOBAL,PWRWONJPNCE01,2048,0.0
GLOBAL,PWRWONJPNCE01,2049,0.0
GLOBAL,PWRWONJPNCE01,2050,0.0
GLOBAL,PWRBIOJPNHO01,2021,0.0758
GLOBAL,PWRBIOJPNHO01,2022,0.0758
GLOBAL,PWRBIOJPNHO01,2023,0.0758
GLOBAL,PWRBIOJPNHO01,2024,0.0758
GLOBAL,PWRBIOJPNHO01,2025,0.0758
GLOBAL,PWRBIOJPNHO01,2026,0.0758
GLOBAL,PWRBIOJPNHO01,2027,0.0758
GLOBAL,PWRBIOJPNHO01,2028,0.0758
GLOBAL,PWRBIOJPNHO01,2029,0.0758
GLOBAL,PWRBIOJPNHO01,2030,0.0758
GLOBAL,PWRBIOJPNHO01,2031,0.0758
GLOBAL,PWRBIOJPNHO01,2032,0.0
GLOBAL,PWRBIOJPNHO01,2033,0.0
GLOBAL,PWRBIOJPNHO01,2034,0.0
GLOBAL,PWRBIOJPNHO01,2035,0.0
GLOBAL,PWRBIOJPNHO01,2036,0.0
GLOBAL,PWRBIOJPNHO01,2037,0.0
GLOBAL,PWRBIOJPNHO01,2038,0.0
GLOBAL,PWRBIOJPNHO01,2039,0.0
GLOBAL,PWRBIOJPNHO01,2040,0.0
GLOBAL,PWRBIOJPNHO01,2041,0.0
GLOBAL,PWRBIOJPNHO01,2042,0.0
GLOBAL,PWRBIOJPNHO01,2043,0.0
GLOBAL,PWRBIOJPNHO01,2044,0.0
GLOBAL,PWRBIOJPNHO01,2045,0.0
GLOBAL,PWRBIOJPNHO01,2046,0.0
GLOBAL,PWRBIOJPNHO01,2047,0.0
GLOBAL,PWRBIOJPNHO01,2048,0.0
GLOBAL,PWRBIOJPNHO01,2049,0.0
GLOBAL,PWRBIOJPNHO01,2050,0.0
GLOBAL,PWRCOAJPNHO01,2021,3.389
GLOBAL,PWRCOAJPNHO01,2022,1.739
GLOBAL,PWRCOAJPNHO01,2023,1.739
GLOBAL,PWRCOAJPNHO01,2024,1.739
GLOBAL,PWRCOAJPNHO01,2025,1.739
GLOBAL,PWRCOAJPNHO01,2026,1.739
GLOBAL,PWRCOAJPNHO01,2027,1.739
GLOBAL,PWRCOAJPNHO01,2028,0.868
GLOBAL,PWRCOAJPNHO01,2029,0.518
GLOBAL,PWRCOAJPNHO01,2030,0.323
GLOBAL,PWRCOAJPNHO01,2031,0.323
GLOBAL,PWRCOAJPNHO01,2032,0.323
GLOBAL,PWRCOAJPNHO01,2033,0.323
GLOBAL,PWRCOAJPNHO01,2034,0.0
GLOBAL,PWRCOAJPNHO01,2035,0.0
GLOBAL,PWRCOAJPNHO01,2036,0.0
GLOBAL,PWRCOAJPNHO01,2037,0.0
GLOBAL,PWRCOAJPNHO01,2038,0.0
GLOBAL,PWRCOAJPNHO01,2039,0.0
GLOBAL,PWRCOAJPNHO01,2040,0.0
GLOBAL,PWRCOAJPNHO01,2041,0.0
GLOBAL,PWRCOAJPNHO01,2042,0.0
GLOBAL,PWRCOAJPNHO01,2043,0.0
GLOBAL,PWRCOAJPNHO01,2044,0.0
GLOBAL,PWRCOAJPNHO01,2045,0.0
GLOBAL,PWRCOAJPNHO01,2046,0.0
GLOBAL,PWRCOAJPNHO01,2047,0.0
GLOBAL,PWRCOAJPNHO01,2048,0.0
GLOBAL,PWRCOAJPNHO01,2049,0.0
GLOBAL,PWRCOAJPNHO01,2050,0.0
GLOBAL,PWRGEOJPNHO01,2021,0.05
GLOBAL,PWRGEOJPNHO01,2022,0.05
GLOBAL,PWRGEOJPNHO01,2023,0.05
GLOBAL,PWRGEOJPNHO01,2024,0.05
GLOBAL,PWRGEOJPNHO01,2025,0.05
GLOBAL,PWRGEOJPNHO01,2026,0.05
GLOBAL,PWRGEOJPNHO01,2027,0.05
GLOBAL,PWRGEOJPNHO01,2028,0.05
GLOBAL,PWRGEOJPNHO01,2029,0.05
GLOBAL,PWRGEOJPNHO01,2030,0.05
GLOBAL,PWRGEOJPNHO01,2031,0.05
GLOBAL,PWRGEOJPNHO01,2032,0.05
GLOBAL,PWRGEOJPNHO01,2033,0.05
GLOBAL,PWRGEOJPNHO01,2034,0.0
GLOBAL,PWRGEOJPNHO01,2035,0.0
GLOBAL,PWRGEOJPNHO01,2036,0.0
GLOBAL,PWRGEOJPNHO01,2037,0.0
GLOBAL,PWRGEOJPNHO01,2038,0.0
GLOBAL,PWRGEOJPNHO01,2039,0.0
GLOBAL,PWRGEOJPNHO01,2040,0.0
GLOBAL,PWRGEOJPNHO01,2041,0.0
GLOBAL,PWRGEOJPNHO01,2042,0.0
GLOBAL,PWRGEOJPNHO01,2043,0.0
GLOBAL,PWRGEOJPNHO01,2044,0.0
GLOBAL,PWRGEOJPNHO01,2045,0.0
GLOBAL,PWRGEOJPNHO01,2046,0.0
GLOBAL,PWRGEOJPNHO01,2047,0.0
GLOBAL,PWRGEOJPNHO01,2048,0.0
GLOBAL,PWRGEOJPNHO01,2049,0.0
GLOBAL,PWRGEOJPNHO01,2050,0.0
GLOBAL,PWRHYDJPNHO01,2021,0.781
GLOBAL,PWRHYDJPNHO01,2022,0.781
GLOBAL,PWRHYDJPNHO01,2023,0.781
GLOBAL,PWRHYDJPNHO01,2024,0.781
GLOBAL,PWRHYDJPNHO01,2025,0.781
GLOBAL,PWRHYDJPNHO01,2026,0.781
GLOBAL,PWRHYDJPNHO01,2027,0.781
GLOBAL,PWRHYDJPNHO01,2028,0.781
GLOBAL,PWRHYDJPNHO01,2029,0.781
GLOBAL,PWRHYDJPNHO01,2030,0.781
GLOBAL,PWRHYDJPNHO01,2031,0.781
GLOBAL,PWRHYDJPNHO01,2032,0.781
GLOBAL,PWRHYDJPNHO01,2033,0.781
GLOBAL,PWRHYDJPNHO01,2034,0.781
GLOBAL,PWRHYDJPNHO01,2035,0.781
GLOBAL,PWRHYDJPNHO01,2036,0.781
GLOBAL,PWRHYDJPNHO01,2037,0.781
GLOBAL,PWRHYDJPNHO01,2038,0.781
GLOBAL,PWRHYDJPNHO01,2039,0.781
GLOBAL,PWRHYDJPNHO01,2040,0.781
GLOBAL,PWRHYDJPNHO01,2041,0.781
GLOBAL,PWRHYDJPNHO01,2042,0.781
GLOBAL,PWRHYDJPNHO01,2043,0.781
GLOBAL,PWRHYDJPNHO01,2044,0.781
GLOBAL,PWRHYDJPNHO01,2045,0.781
GLOBAL,PWRHYDJPNHO01,2046,0.781
GLOBAL,PWRHYDJPNHO01,2047,0.781
GLOBAL,PWRHYDJPNHO01,2048,0.781
GLOBAL,PWRHYDJPNHO01,2049,0.781
GLOBAL,PWRHYDJPNHO01,2050,0.781
GLOBAL,PWRSPVJPNHO01,2021,6.0341
GLOBAL,PWRSPVJPNHO01,2022,6.0341
GLOBAL,PWRSPVJPNHO01,2023,6.0341
GLOBAL,PWRSPVJPNHO01,2024,6.0341
GLOBAL,PWRSPVJPNHO01,2025,6.0341
GLOBAL,PWRSPVJPNHO01,2026,6.0341
GLOBAL,PWRSPVJPNHO01,2027,6.0341
GLOBAL,PWRSPVJPNHO01,2028,6.0341
GLOBAL,PWRSPVJPNHO01,2029,6.0341
GLOBAL,PWRSPVJPNHO01,2030,6.0341
GLOBAL,PWRSPVJPNHO01,2031,6.0341
GLOBAL,PWRSPVJPNHO01,2032,6.0341
GLOBAL,PWRSPVJPNHO01,2033,6.0341
GLOBAL,PWRSPVJPNHO01,2034,6.0341
GLOBAL,PWRSPVJPNHO01,2035,6.0341
GLOBAL,PWRSPVJPNHO01,2036,6.0341
GLOBAL,PWRSPVJPNHO01,2037,6.0341
GLOBAL,PWRSPVJPNHO01,2038,6.0341
GLOBAL,PWRSPVJPNHO01,2039,6.0341
GLOBAL,PWRSPVJPNHO01,2040,6.0341
GLOBAL,PWRSPVJPNHO01,2041,6.0341
GLOBAL,PWRSPVJPNHO01,2042,6.0341
GLOBAL,PWRSPVJPNHO01,2043,6.0341
GLOBAL,PWRSPVJPNHO01,2044,6.0341
GLOBAL,PWRSPVJPNHO01,2045,0.009
GLOBAL,PWRSPVJPNHO01,2046,0.009
GLOBAL,PWRSPVJPNHO01,2047,0.0
GLOBAL,PWRSPVJPNHO01,2048,0.0
GLOBAL,PWRSPVJPNHO01,2049,0.0
GLOBAL,PWRSPVJPNHO01,2050,0.0
GLOBAL,PWRURNJPNHO01,2021,2.0
GLOBAL,PWRURNJPNHO01,2022,2.0
GLOBAL,PWRURNJPNHO01,2023,2.0
GLOBAL,PWRURNJPNHO01,2024,2.0
GLOBAL,PWRURNJPNHO01,2025,2.0
GLOBAL,PWRURNJPNHO01,2026,2.0
GLOBAL,PWRURNJPNHO01,2027,2.0
GLOBAL,PWRURNJPNHO01,2028,2.0
GLOBAL,PWRURNJPNHO01,2029,2.0
GLOBAL,PWRURNJPNHO01,2030,2.0
GLOBAL,PWRURNJPNHO01,2031,2.0
GLOBAL,PWRURNJPNHO01,2032,2.0
GLOBAL,PWRURNJPNHO01,2033,2.0
GLOBAL,PWRURNJPNHO01,2034,2.0
GLOBAL,PWRURNJPNHO01,2035,2.0
GLOBAL,PWRURNJPNHO01,2036,2.0
GLOBAL,PWRURNJPNHO01,2037,2.0
GLOBAL,PWRURNJPNHO01,2038,2.0
GLOBAL,PWRURNJPNHO01,2039,2.0
GLOBAL,PWRURNJPNHO01,2040,2.0
GLOBAL,PWRURNJPNHO01,2041,2.0
GLOBAL,PWRURNJPNHO01,2042,2.0
GLOBAL,PWRURNJPNHO01,2043,2.0
GLOBAL,PWRURNJPNHO01,2044,2.0
GLOBAL,PWRURNJPNHO01,2045,0.0
GLOBAL,PWRURNJPNHO01,2046,0.0
GLOBAL,PWRURNJPNHO01,2047,0.0
GLOBAL,PWRURNJPNHO01,2048,0.0
GLOBAL,PWRURNJPNHO01,2049,0.0
GLOBAL,PWRURNJPNHO01,2050,0.0
GLOBAL,PWRBIOJPNKY01,2021,0.2856
GLOBAL,PWRBIOJPNKY01,2022,0.2856
GLOBAL,PWRBIOJPNKY01,2023,0.2856
GLOBAL,PWRBIOJPNKY01,2024,0.2856
GLOBAL,PWRBIOJPNKY01,2025,0.2856
GLOBAL,PWRBIOJPNKY01,2026,0.2856
GLOBAL,PWRBIOJPNKY01,2027,0.2856
GLOBAL,PWRBIOJPNKY01,2028,0.2856
GLOBAL,PWRBIOJPNKY01,2029,0.2856
GLOBAL,PWRBIOJPNKY01,2030,0.2856
GLOBAL,PWRBIOJPNKY01,2031,0.2856
GLOBAL,PWRBIOJPNKY01,2032,0.0
GLOBAL,PWRBIOJPNKY01,2033,0.0
GLOBAL,PWRBIOJPNKY01,2034,0.0
GLOBAL,PWRBIOJPNKY01,2035,0.0
GLOBAL,PWRBIOJPNKY01,2036,0.0
GLOBAL,PWRBIOJPNKY01,2037,0.0
GLOBAL,PWRBIOJPNKY01,2038,0.0
GLOBAL,PWRBIOJPNKY01,2039,0.0
GLOBAL,PWRBIOJPNKY01,2040,0.0
GLOBAL,PWRBIOJPNKY01,2041,0.0
GLOBAL,PWRBIOJPNKY01,2042,0.0
GLOBAL,PWRBIOJPNKY01,2043,0.0
GLOBAL,PWRBIOJPNKY01,2044,0.0
GLOBAL,PWRBIOJPNKY01,2045,0.0
GLOBAL,PWRBIOJPNKY01,2046,0.0
GLOBAL,PWRBIOJPNKY01,2047,0.0
GLOBAL,PWRBIOJPNKY01,2048,0.0
GLOBAL,PWRBIOJPNKY01,2049,0.0
GLOBAL,PWRBIOJPNKY01,2050,0.0
GLOBAL,PWRCCGJPNKY00,2021,5.647
GLOBAL,PWRCCGJPNKY00,2022,5.647
GLOBAL,PWRCCGJPNKY00,2023,5.647
GLOBAL,PWRCCGJPNKY00,2024,5.647
GLOBAL,PWRCCGJPNKY00,2025,0.0
GLOBAL,PWRCCGJPNKY00,2026,0.0
GLOBAL,PWRCCGJPNKY00,2027,0.0
GLOBAL,PWRCCGJPNKY00,2028,0.0
GLOBAL,PWRCCGJPNKY00,2029,0.0
GLOBAL,PWRCCGJPNKY00,2030,0.0
GLOBAL,PWRCCGJPNKY00,2031,0.0
GLOBAL,PWRCCGJPNKY00,2032,0.0
GLOBAL,PWRCCGJPNKY00,2033,0.0
GLOBAL,PWRCCGJPNKY00,2034,0.0
GLOBAL,PWRCCGJPNKY00,2035,0.0
GLOBAL,PWRCCGJPNKY00,2036,0.0
GLOBAL,PWRCCGJPNKY00,2037,0.0
GLOBAL,PWRCCGJPNKY00,2038,0.0
GLOBAL,PWRCCGJPNKY00,2039,0.0
GLOBAL,PWRCCGJPNKY00,2040,0.0
GLOBAL,PWRCCGJPNKY00,2041,0.0
GLOBAL,PWRCCGJPNKY00,2042,0.0
GLOBAL,PWRCCGJPNKY00,2043,0.0
GLOBAL,PWRCCGJPNKY00,2044,0.0
GLOBAL,PWRCCGJPNKY00,2045,0.0
GLOBAL,PWRCCGJPNKY00,2046,0.0
GLOBAL,PWRCCGJPNKY00,2047,0.0
GLOBAL,PWRCCGJPNKY00,2048,0.0
GLOBAL,PWRCCGJPNKY00,2049,0.0
GLOBAL,PWRCCGJPNKY00,2050,0.0
GLOBAL,PWRCOAJPNKY01,2021,7.7454
GLOBAL,PWRCOAJPNKY01,2022,7.7454
GLOBAL,PWRCOAJPNKY01,2023,7.7454
GLOBAL,PWRCOAJPNKY01,2024,7.7454
GLOBAL,PWRCOAJPNKY01,2025,5.7434
GLOBAL,PWRCOAJPNKY01,2026,5.7434
GLOBAL,PWRCOAJPNKY01,2027,5.7434
GLOBAL,PWRCOAJPNKY01,2028,3.753
GLOBAL,PWRCOAJPNKY01,2029,3.578
GLOBAL,PWRCOAJPNKY01,2030,2.178
GLOBAL,PWRCOAJPNKY01,2031,2.029
GLOBAL,PWRCOAJPNKY01,2032,2.029
GLOBAL,PWRCOAJPNKY01,2033,1.699
GLOBAL,PWRCOAJPNKY01,2034,0.0
GLOBAL,PWRCOAJPNKY01,2035,0.0
GLOBAL,PWRCOAJPNKY01,2036,0.0
GLOBAL,PWRCOAJPNKY01,2037,0.0
GLOBAL,PWRCOAJPNKY01,2038,0.0
GLOBAL,PWRCOAJPNKY01,2039,0.0
GLOBAL,PWRCOAJPNKY01,2040,0.0
GLOBAL,PWRCOAJPNKY01,2041,0.0
GLOBAL,PWRCOAJPNKY01,2042,0.0
GLOBAL,PWRCOAJPNKY01,2043,0.0
GLOBAL,PWRCOAJPNKY01,2044,0.0
GLOBAL,PWRCOAJPNKY01,2045,0.0
GLOBAL,PWRCOAJPNKY01,2046,0.0
GLOBAL,PWRCOAJPNKY01,2047,0.0
GLOBAL,PWRCOAJPNKY01,2048,0.0
GLOBAL,PWRCOAJPNKY01,2049,0.0
GLOBAL,PWRCOAJPNKY01,2050,0.0
GLOBAL,PWRGEOJPNKY01,2021,0.213
GLOBAL,PWRGEOJPNKY01,2022,0.213
GLOBAL,PWRGEOJPNKY01,2023,0.213
GLOBAL,PWRGEOJPNKY01,2024,0.213
GLOBAL,PWRGEOJPNKY01,2025,0.213
GLOBAL,PWRGEOJPNKY01,2026,0.073
GLOBAL,PWRGEOJPNKY01,2027,0.013
GLOBAL,PWRGEOJPNKY01,2028,0.013
GLOBAL,PWRGEOJPNKY01,2029,0.0
GLOBAL,PWRGEOJPNKY01,2030,0.0
GLOBAL,PWRGEOJPNKY01,2031,0.0
GLOBAL,PWRGEOJPNKY01,2032,0.0
GLOBAL,PWRGEOJPNKY01,2033,0.0
GLOBAL,PWRGEOJPNKY01,2034,0.0
GLOBAL,PWRGEOJPNKY01,2035,0.0
GLOBAL,PWRGEOJPNKY01,2036,0.0
GLOBAL,PWRGEOJPNKY01,2037,0.0
GLOBAL,PWRGEOJPNKY01,2038,0.0
GLOBAL,PWRGEOJPNKY01,2039,0.0
GLOBAL,PWRGEOJPNKY01,2040,0.0
GLOBAL,PWRGEOJPNKY01,2041,0.0
GLOBAL,PWRGEOJPNKY01,2042,0.0
GLOBAL,PWRGEOJPNKY01,2043,0.0
GLOBAL,PWRGEOJPNKY01,2044,0.0
GLOBAL,PWRGEOJPNKY01,2045,0.0
GLOBAL,PWRGEOJPNKY01,2046,0.0
GLOBAL,PWRGEOJPNKY01,2047,0.0
GLOBAL,PWRGEOJPNKY01,2048,0.0
GLOBAL,PWRGEOJPNKY01,2049,0.0
GLOBAL,PWRGEOJPNKY01,2050,0.0
GLOBAL,PWRHYDJPNKY01,2021,2.18
GLOBAL,PWRHYDJPNKY01,2022,2.18
GLOBAL,PWRHYDJPNKY01,2023,2.18
GLOBAL,PWRHYDJPNKY01,2024,2.18
GLOBAL,PWRHYDJPNKY01,2025,2.18
GLOBAL,PWRHYDJPNKY01,2026,2.18
GLOBAL,PWRHYDJPNKY01,2027,2.18
GLOBAL,PWRHYDJPNKY01,2028,2.18
GLOBAL,PWRHYDJPNKY01,2029,2.18
GLOBAL,PWRHYDJPNKY01,2030,2.18
GLOBAL,PWRHYDJPNKY01,2031,2.18
GLOBAL,PWRHYDJPNKY01,2032,2.18
GLOBAL,PWRHYDJPNKY01,2033,2.18
GLOBAL,PWRHYDJPNKY01,2034,2.18
GLOBAL,PWRHYDJPNKY01,2035,2.18
GLOBAL,PWRHYDJPNKY01,2036,2.18
GLOBAL,PWRHYDJPNKY01,2037,2.18
GLOBAL,PWRHYDJPNKY01,2038,2.18
GLOBAL,PWRHYDJPNKY01,2039,2.18
GLOBAL,PWRHYDJPNKY01,2040,2.18
GLOBAL,PWRHYDJPNKY01,2041,2.18
GLOBAL,PWRHYDJPNKY01,2042,2.18
GLOBAL,PWRHYDJPNKY01,2043,2.18
GLOBAL,PWRHYDJPNKY01,2044,2.18
GLOBAL,PWRHYDJPNKY01,2045,2.18
GLOBAL,PWRHYDJPNKY01,2046,2.18
GLOBAL,PWRHYDJPNKY01,2047,2.18
GLOBAL,PWRHYDJPNKY01,2048,2.18
GLOBAL,PWRHYDJPNKY01,2049,2.18
GLOBAL,PWRHYDJPNKY01,2050,2.18
GLOBAL,PWROILJPNKY01,2021,2.0
GLOBAL,PWROILJPNKY01,2022,2.0
GLOBAL,PWROILJPNKY01,2023,2.0
GLOBAL,PWROILJPNKY01,2024,2.0
GLOBAL,PWROILJPNKY01,2025,2.0
GLOBAL,PWROILJPNKY01,2026,2.0
GLOBAL,PWROILJPNKY01,2027,0.0
GLOBAL,PWROILJPNKY01,2028,0.0
GLOBAL,PWROILJPNKY01,2029,0.0
GLOBAL,PWROILJPNKY01,2030,0.0
GLOBAL,PWROILJPNKY01,2031,0.0
GLOBAL,PWROILJPNKY01,2032,0.0
GLOBAL,PWROILJPNKY01,2033,0.0
GLOBAL,PWROILJPNKY01,2034,0.0
GLOBAL,PWROILJPNKY01,2035,0.0
GLOBAL,PWROILJPNKY01,2036,0.0
GLOBAL,PWROILJPNKY01,2037,0.0
GLOBAL,PWROILJPNKY01,2038,0.0
GLOBAL,PWROILJPNKY01,2039,0.0
GLOBAL,PWROILJPNKY01,2040,0.0
GLOBAL,PWROILJPNKY01,2041,0.0
GLOBAL,PWROILJPNKY01,2042,0.0
GLOBAL,PWROILJPNKY01,2043,0.0
GLOBAL,PWROILJPNKY01,2044,0.0
GLOBAL,PWROILJPNKY01,2045,0.0
GLOBAL,PWROILJPNKY01,2046,0.0
GLOBAL,PWROILJPNKY01,2047,0.0
GLOBAL,PWROILJPNKY01,2048,0.0
GLOBAL,PWROILJPNKY01,2049,0.0
GLOBAL,PWROILJPNKY01,2050,0.0
GLOBAL,PWRSPVJPNKY01,2021,7.7314
GLOBAL,PWRSPVJPNKY01,2022,7.7314
GLOBAL,PWRSPVJPNKY01,2023,7.7314
GLOBAL,PWRSPVJPNKY01,2024,7.7314
GLOBAL,PWRSPVJPNKY01,2025,7.7314
GLOBAL,PWRSPVJPNKY01,2026,7.7314
GLOBAL,PWRSPVJPNKY01,2027,7.7314
GLOBAL,PWRSPVJPNKY01,2028,7.7314
GLOBAL,PWRSPVJPNKY01,2029,7.7314
GLOBAL,PWRSPVJPNKY01,2030,7.7314
GLOBAL,PWRSPVJPNKY01,2031,7.7314
GLOBAL,PWRSPVJPNKY01,2032,7.7314
GLOBAL,PWRSPVJPNKY01,2033,7.7314
GLOBAL,PWRSPVJPNKY01,2034,7.7314
GLOBAL,PWRSPVJPNKY01,2035,7.7314
GLOBAL,PWRSPVJPNKY01,2036,7.7314
GLOBAL,PWRSPVJPNKY01,2037,7.7314
GLOBAL,PWRSPVJPNKY01,2038,7.7314
GLOBAL,PWRSPVJPNKY01,2039,7.7314
GLOBAL,PWRSPVJPNKY01,2040,7.7314
GLOBAL,PWRSPVJPNKY01,2041,7.7314
GLOBAL,PWRSPVJPNKY01,2042,7.7314
GLOBAL,PWRSPVJPNKY01,2043,7.7314
GLOBAL,PWRSPVJPNKY01,2044,7.7314
GLOBAL,PWRSPVJPNKY01,2045,0.0
GLOBAL,PWRSPVJPNKY01,2046,0.0
GLOBAL,PWRSPVJPNKY01,2047,0.0
GLOBAL,PWRSPVJPNKY01,2048,0.0
GLOBAL,PWRSPVJPNKY01,2049,0.0
GLOBAL,PWRSPVJPNKY01,2050,0.0
GLOBAL,PWRURNJPNKY01,2021,5.259
GLOBAL,PWRURNJPNKY01,2022,5.259
GLOBAL,PWRURNJPNKY01,2023,5.259
GLOBAL,PWRURNJPNKY01,2024,5.259
GLOBAL,PWRURNJPNKY01,2025,5.259
GLOBAL,PWRURNJPNKY01,2026,5.259
GLOBAL,PWRURNJPNKY01,2027,5.259
GLOBAL,PWRURNJPNKY01,2028,5.259
GLOBAL,PWRURNJPNKY01,2029,5.259
GLOBAL,PWRURNJPNKY01,2030,5.259
GLOBAL,PWRURNJPNKY01,2031,5.259
GLOBAL,PWRURNJPNKY01,2032,5.259
GLOBAL,PWRURNJPNKY01,2033,5.259
GLOBAL,PWRURNJPNKY01,2034,5.259
GLOBAL,PWRURNJPNKY01,2035,5.259
GLOBAL,PWRURNJPNKY01,2036,5.259
GLOBAL,PWRURNJPNKY01,2037,5.259
GLOBAL,PWRURNJPNKY01,2038,5.259
GLOBAL,PWRURNJPNKY01,2039,5.259
GLOBAL,PWRURNJPNKY01,2040,5.259
GLOBAL,PWRURNJPNKY01,2041,5.259
GLOBAL,PWRURNJPNKY01,2042,5.259
GLOBAL,PWRURNJPNKY01,2043,5.259
GLOBAL,PWRURNJPNKY01,2044,5.259
GLOBAL,PWRURNJPNKY01,2045,0.0
GLOBAL,PWRURNJPNKY01,2046,0.0
GLOBAL,PWRURNJPNKY01,2047,0.0
GLOBAL,PWRURNJPNKY01,2048,0.0
GLOBAL,PWRURNJPNKY01,2049,0.0
GLOBAL,PWRURNJPNKY01,2050,0.0
GLOBAL,PWRBIOJPNOK01,2021,0.0142
GLOBAL,PWRBIOJPNOK01,2022,0.0142
GLOBAL,PWRBIOJPNOK01,2023,0.0142
GLOBAL,PWRBIOJPNOK01,2024,0.0142
GLOBAL,PWRBIOJPNOK01,2025,0.0142
GLOBAL,PWRBIOJPNOK01,2026,0.0142
GLOBAL,PWRBIOJPNOK01,2027,0.0142
GLOBAL,PWRBIOJPNOK01,2028,0.0142
GLOBAL,PWRBIOJPNOK01,2029,0.0142
GLOBAL,PWRBIOJPNOK01,2030,0.0142
GLOBAL,PWRBIOJPNOK01,2031,0.0142
GLOBAL,PWRBIOJPNOK01,2032,0.0
GLOBAL,PWRBIOJPNOK01,2033,0.0
GLOBAL,PWRBIOJPNOK01,2034,0.0
GLOBAL,PWRBIOJPNOK01,2035,0.0
GLOBAL,PWRBIOJPNOK01,2036,0.0
GLOBAL,PWRBIOJPNOK01,2037,0.0
GLOBAL,PWRBIOJPNOK01,2038,0.0
GLOBAL,PWRBIOJPNOK01,2039,0.0
GLOBAL,PWRBIOJPNOK01,2040,0.0
GLOBAL,PWRBIOJPNOK01,2041,0.0
GLOBAL,PWRBIOJPNOK01,2042,0.0
GLOBAL,PWRBIOJPNOK01,2043,0.0
GLOBAL,PWRBIOJPNOK01,2044,0.0
GLOBAL,PWRBIOJPNOK01,2045,0.0
GLOBAL,PWRBIOJPNOK01,2046,0.0
GLOBAL,PWRBIOJPNOK01,2047,0.0
GLOBAL,PWRBIOJPNOK01,2048,0.0
GLOBAL,PWRBIOJPNOK01,2049,0.0
GLOBAL,PWRBIOJPNOK01,2050,0.0
GLOBAL,PWRCOAJPNOK01,2021,1.4321
GLOBAL,PWRCOAJPNOK01,2022,1.4321
GLOBAL,PWRCOAJPNOK01,2023,1.4321
GLOBAL,PWRCOAJPNOK01,2024,1.4321
GLOBAL,PWRCOAJPNOK01,2025,1.1201
GLOBAL,PWRCOAJPNOK01,2026,1.1201
GLOBAL,PWRCOAJPNOK01,2027,1.1201
GLOBAL,PWRCOAJPNOK01,2028,0.752
GLOBAL,PWRCOAJPNOK01,2029,0.752
GLOBAL,PWRCOAJPNOK01,2030,0.752
GLOBAL,PWRCOAJPNOK01,2031,0.752
GLOBAL,PWRCOAJPNOK01,2032,0.752
GLOBAL,PWRCOAJPNOK01,2033,0.312
GLOBAL,PWRCOAJPNOK01,2034,0.0
GLOBAL,PWRCOAJPNOK01,2035,0.0
GLOBAL,PWRCOAJPNOK01,2036,0.0
GLOBAL,PWRCOAJPNOK01,2037,0.0
GLOBAL,PWRCOAJPNOK01,2038,0.0
GLOBAL,PWRCOAJPNOK01,2039,0.0
GLOBAL,PWRCOAJPNOK01,2040,0.0
GLOBAL,PWRCOAJPNOK01,2041,0.0
GLOBAL,PWRCOAJPNOK01,2042,0.0
GLOBAL,PWRCOAJPNOK01,2043,0.0
GLOBAL,PWRCOAJPNOK01,2044,0.0
GLOBAL,PWRCOAJPNOK01,2045,0.0
GLOBAL,PWRCOAJPNOK01,2046,0.0
GLOBAL,PWRCOAJPNOK01,2047,0.0
GLOBAL,PWRCOAJPNOK01,2048,0.0
GLOBAL,PWRCOAJPNOK01,2049,0.0
GLOBAL,PWRCOAJPNOK01,2050,0.0
GLOBAL,PWRSPVJPNOK01,2021,0.1445
GLOBAL,PWRSPVJPNOK01,2022,0.1445
GLOBAL,PWRSPVJPNOK01,2023,0.1445
GLOBAL,PWRSPVJPNOK01,2024,0.1445
GLOBAL,PWRSPVJPNOK01,2025,0.1445
GLOBAL,PWRSPVJPNOK01,2026,0.1445
GLOBAL,PWRSPVJPNOK01,2027,0.1445
GLOBAL,PWRSPVJPNOK01,2028,0.1445
GLOBAL,PWRSPVJPNOK01,2029,0.1445
GLOBAL,PWRSPVJPNOK01,2030,0.1445
GLOBAL,PWRSPVJPNOK01,2031,0.1445
GLOBAL,PWRSPVJPNOK01,2032,0.1445
GLOBAL,PWRSPVJPNOK01,2033,0.1445
GLOBAL,PWRSPVJPNOK01,2034,0.1445
GLOBAL,PWRSPVJPNOK01,2035,0.1445
GLOBAL,PWRSPVJPNOK01,2036,0.1445
GLOBAL,PWRSPVJPNOK01,2037,0.1445
GLOBAL,PWRSPVJPNOK01,2038,0.1445
GLOBAL,PWRSPVJPNOK01,2039,0.1445
GLOBAL,PWRSPVJPNOK01,2040,0.1445
GLOBAL,PWRSPVJPNOK01,2041,0.1445
GLOBAL,PWRSPVJPNOK01,2042,0.1445
GLOBAL,PWRSPVJPNOK01,2043,0.1445
GLOBAL,PWRSPVJPNOK01,2044,0.1445
GLOBAL,PWRSPVJPNOK01,2045,0.0
GLOBAL,PWRSPVJPNOK01,2046,0.0
GLOBAL,PWRSPVJPNOK01,2047,0.0
GLOBAL,PWRSPVJPNOK01,2048,0.0
GLOBAL,PWRSPVJPNOK01,2049,0.0
GLOBAL,PWRSPVJPNOK01,2050,0.0
GLOBAL,PWRBIOJPNSH01,2021,0.1305
GLOBAL,PWRBIOJPNSH01,2022,0.1305
GLOBAL,PWRBIOJPNSH01,2023,0.1305
GLOBAL,PWRBIOJPNSH01,2024,0.1305
GLOBAL,PWRBIOJPNSH01,2025,0.1305
GLOBAL,PWRBIOJPNSH01,2026,0.1305
GLOBAL,PWRBIOJPNSH01,2027,0.1305
GLOBAL,PWRBIOJPNSH01,2028,0.1305
GLOBAL,PWRBIOJPNSH01,2029,0.1305
GLOBAL,PWRBIOJPNSH01,2030,0.1305
GLOBAL,PWRBIOJPNSH01,2031,0.1305
GLOBAL,PWRBIOJPNSH01,2032,0.0
GLOBAL,PWRBIOJPNSH01,2033,0.0
GLOBAL,PWRBIOJPNSH01,2034,0.0
GLOBAL,PWRBIOJPNSH01,2035,0.0
GLOBAL,PWRBIOJPNSH01,2036,0.0
GLOBAL,PWRBIOJPNSH01,2037,0.0
GLOBAL,PWRBIOJPNSH01,2038,0.0
GLOBAL,PWRBIOJPNSH01,2039,0.0
GLOBAL,PWRBIOJPNSH01,2040,0.0
GLOBAL,PWRBIOJPNSH01,2041,0.0
GLOBAL,PWRBIOJPNSH01,2042,0.0
GLOBAL,PWRBIOJPNSH01,2043,0.0
GLOBAL,PWRBIOJPNSH01,2044,0.0
GLOBAL,PWRBIOJPNSH01,2045,0.0
GLOBAL,PWRBIOJPNSH01,2046,0.0
GLOBAL,PWRBIOJPNSH01,2047,0.0
GLOBAL,PWRBIOJPNSH01,2048,0.0
GLOBAL,PWRBIOJPNSH01,2049,0.0
GLOBAL,PWRBIOJPNSH01,2050,0.0
GLOBAL,PWRCOAJPNSH01,2021,5.0946
GLOBAL,PWRCOAJPNSH01,2022,5.0946
GLOBAL,PWRCOAJPNSH01,2023,5.0946
GLOBAL,PWRCOAJPNSH01,2024,5.0946
GLOBAL,PWRCOAJPNSH01,2025,5.0946
GLOBAL,PWRCOAJPNSH01,2026,5.0946
GLOBAL,PWRCOAJPNSH01,2027,5.0946
GLOBAL,PWRCOAJPNSH01,2028,3.785
GLOBAL,PWRCOAJPNSH01,2029,3.379
GLOBAL,PWRCOAJPNSH01,2030,3.379
GLOBAL,PWRCOAJPNSH01,2031,0.58
GLOBAL,PWRCOAJPNSH01,2032,0.58
GLOBAL,PWRCOAJPNSH01,2033,0.58
GLOBAL,PWRCOAJPNSH01,2034,0.03
GLOBAL,PWRCOAJPNSH01,2035,0.03
GLOBAL,PWRCOAJPNSH01,2036,0.0
GLOBAL,PWRCOAJPNSH01,2037,0.0
GLOBAL,PWRCOAJPNSH01,2038,0.0
GLOBAL,PWRCOAJPNSH01,2039,0.0
GLOBAL,PWRCOAJPNSH01,2040,0.0
GLOBAL,PWRCOAJPNSH01,2041,0.0
GLOBAL,PWRCOAJPNSH01,2042,0.0
GLOBAL,PWRCOAJPNSH01,2043,0.0
GLOBAL,PWRCOAJPNSH01,2044,0.0
GLOBAL,PWRCOAJPNSH01,2045,0.0
GLOBAL,PWRCOAJPNSH01,2046,0.0
GLOBAL,PWRCOAJPNSH01,2047,0.0
GLOBAL,PWRCOAJPNSH01,2048,0.0
GLOBAL,PWRCOAJPNSH01,2049,0.0
GLOBAL,PWRCOAJPNSH01,2050,0.0
GLOBAL,PWRHYDJPNSH01,2021,0.616
GLOBAL,PWRHYDJPNSH01,2022,0.616
GLOBAL,PWRHYDJPNSH01,2023,0.616
GLOBAL,PWRHYDJPNSH01,2024,0.616
GLOBAL,PWRHYDJPNSH01,2025,0.616
GLOBAL,PWRHYDJPNSH01,2026,0.616
GLOBAL,PWRHYDJPNSH01,2027,0.616
GLOBAL,PWRHYDJPNSH01,2028,0.616
GLOBAL,PWRHYDJPNSH01,2029,0.616
GLOBAL,PWRHYDJPNSH01,2030,0.616
GLOBAL,PWRHYDJPNSH01,2031,0.616
GLOBAL,PWRHYDJPNSH01,2032,0.616
GLOBAL,PWRHYDJPNSH01,2033,0.616
GLOBAL,PWRHYDJPNSH01,2034,0.616
GLOBAL,PWRHYDJPNSH01,2035,0.616
GLOBAL,PWRHYDJPNSH01,2036,0.616
GLOBAL,PWRHYDJPNSH01,2037,0.616
GLOBAL,PWRHYDJPNSH01,2038,0.616
GLOBAL,PWRHYDJPNSH01,2039,0.616
GLOBAL,PWRHYDJPNSH01,2040,0.616
GLOBAL,PWRHYDJPNSH01,2041,0.616
GLOBAL,PWRHYDJPNSH01,2042,0.616
GLOBAL,PWRHYDJPNSH01,2043,0.616
GLOBAL,PWRHYDJPNSH01,2044,0.616
GLOBAL,PWRHYDJPNSH01,2045,0.616
GLOBAL,PWRHYDJPNSH01,2046,0.616
GLOBAL,PWRHYDJPNSH01,2047,0.616
GLOBAL,PWRHYDJPNSH01,2048,0.616
GLOBAL,PWRHYDJPNSH01,2049,0.616
GLOBAL,PWRHYDJPNSH01,2050,0.616
GLOBAL,PWROILJPNSH01,2021,3.245
GLOBAL,PWROILJPNSH01,2022,3.245
GLOBAL,PWROILJPNSH01,2023,3.245
GLOBAL,PWROILJPNSH01,2024,3.245
GLOBAL,PWROILJPNSH01,2025,3.245
GLOBAL,PWROILJPNSH01,2026,3.245
GLOBAL,PWROILJPNSH01,2027,0.0
GLOBAL,PWROILJPNSH01,2028,0.0
GLOBAL,PWROILJPNSH01,2029,0.0
GLOBAL,PWROILJPNSH01,2030,0.0
GLOBAL,PWROILJPNSH01,2031,0.0
GLOBAL,PWROILJPNSH01,2032,0.0
GLOBAL,PWROILJPNSH01,2033,0.0
GLOBAL,PWROILJPNSH01,2034,0.0
GLOBAL,PWROILJPNSH01,2035,0.0
GLOBAL,PWROILJPNSH01,2036,0.0
GLOBAL,PWROILJPNSH01,2037,0.0
GLOBAL,PWROILJPNSH01,2038,0.0
GLOBAL,PWROILJPNSH01,2039,0.0
GLOBAL,PWROILJPNSH01,2040,0.0
GLOBAL,PWROILJPNSH01,2041,0.0
GLOBAL,PWROILJPNSH01,2042,0.0
GLOBAL,PWROILJPNSH01,2043,0.0
GLOBAL,PWROILJPNSH01,2044,0.0
GLOBAL,PWROILJPNSH01,2045,0.0
GLOBAL,PWROILJPNSH01,2046,0.0
GLOBAL,PWROILJPNSH01,2047,0.0
GLOBAL,PWROILJPNSH01,2048,0.0
GLOBAL,PWROILJPNSH01,2049,0.0
GLOBAL,PWROILJPNSH01,2050,0.0
GLOBAL,PWRSPVJPNSH01,2021,2.3176
GLOBAL,PWRSPVJPNSH01,2022,2.3176
GLOBAL,PWRSPVJPNSH01,2023,2.3176
GLOBAL,PWRSPVJPNSH01,2024,2.3176
GLOBAL,PWRSPVJPNSH01,2025,2.3176
GLOBAL,PWRSPVJPNSH01,2026,2.3176
GLOBAL,PWRSPVJPNSH01,2027,2.3176
GLOBAL,PWRSPVJPNSH01,2028,2.3176
GLOBAL,PWRSPVJPNSH01,2029,2.3176
GLOBAL,PWRSPVJPNSH01,2030,2.3176
GLOBAL,PWRSPVJPNSH01,2031,2.3176
GLOBAL,PWRSPVJPNSH01,2032,2.3176
GLOBAL,PWRSPVJPNSH01,2033,2.3176
GLOBAL,PWRSPVJPNSH01,2034,2.3176
GLOBAL,PWRSPVJPNSH01,2035,2.3176
GLOBAL,PWRSPVJPNSH01,2036,2.3176
GLOBAL,PWRSPVJPNSH01,2037,2.3176
GLOBAL,PWRSPVJPNSH01,2038,2.3176
GLOBAL,PWRSPVJPNSH01,2039,2.3176
GLOBAL,PWRSPVJPNSH01,2040,2.3176
GLOBAL,PWRSPVJPNSH01,2041,2.3176
GLOBAL,PWRSPVJPNSH01,2042,2.3176
GLOBAL,PWRSPVJPNSH01,2043,2.3176
GLOBAL,PWRSPVJPNSH01,2044,2.3176
GLOBAL,PWRSPVJPNSH01,2045,0.0
GLOBAL,PWRSPVJPNSH01,2046,0.0
GLOBAL,PWRSPVJPNSH01,2047,0.0
GLOBAL,PWRSPVJPNSH01,2048,0.0
GLOBAL,PWRSPVJPNSH01,2049,0.0
GLOBAL,PWRSPVJPNSH01,2050,0.0
GLOBAL,PWRURNJPNSH01,2021,2.024
GLOBAL,PWRURNJPNSH01,2022,2.024
GLOBAL,PWRURNJPNSH01,2023,2.024
GLOBAL,PWRURNJPNSH01,2024,2.024
GLOBAL,PWRURNJPNSH01,2025,2.024
GLOBAL,PWRURNJPNSH01,2026,2.024
GLOBAL,PWRURNJPNSH01,2027,2.024
GLOBAL,PWRURNJPNSH01,2028,2.024
GLOBAL,PWRURNJPNSH01,2029,2.024
GLOBAL,PWRURNJPNSH01,2030,2.024
GLOBAL,PWRURNJPNSH01,2031,2.024
GLOBAL,PWRURNJPNSH01,2032,2.024
GLOBAL,PWRURNJPNSH01,2033,2.024
GLOBAL,PWRURNJPNSH01,2034,2.024
GLOBAL,PWRURNJPNSH01,2035,2.024
GLOBAL,PWRURNJPNSH01,2036,2.024
GLOBAL,PWRURNJPNSH01,2037,2.024
GLOBAL,PWRURNJPNSH01,2038,2.024
GLOBAL,PWRURNJPNSH01,2039,2.024
GLOBAL,PWRURNJPNSH01,2040,2.024
GLOBAL,PWRURNJPNSH01,2041,2.024
GLOBAL,PWRURNJPNSH01,2042,2.024
GLOBAL,PWRURNJPNSH01,2043,2.024
GLOBAL,PWRURNJPNSH01,2044,2.024
GLOBAL,PWRURNJPNSH01,2045,0.0
GLOBAL,PWRURNJPNSH01,2046,0.0
GLOBAL,PWRURNJPNSH01,2047,0.0
GLOBAL,PWRURNJPNSH01,2048,0.0
GLOBAL,PWRURNJPNSH01,2049,0.0
GLOBAL,PWRURNJPNSH01,2050,0.0
GLOBAL,PWRWONJPNSH01,2021,0.3315
GLOBAL,PWRWONJPNSH01,2022,0.3315
GLOBAL,PWRWONJPNSH01,2023,0.3315
GLOBAL,PWRWONJPNSH01,2024,0.3315
GLOBAL,PWRWONJPNSH01,2025,0.3315
GLOBAL,PWRWONJPNSH01,2026,0.3315
GLOBAL,PWRWONJPNSH01,2027,0.3315
GLOBAL,PWRWONJPNSH01,2028,0.3315
GLOBAL,PWRWONJPNSH01,2029,0.3315
GLOBAL,PWRWONJPNSH01,2030,0.3315
GLOBAL,PWRWONJPNSH01,2031,0.3315
GLOBAL,PWRWONJPNSH01,2032,0.3315
GLOBAL,PWRWONJPNSH01,2033,0.3315
GLOBAL,PWRWONJPNSH01,2034,0.3315
GLOBAL,PWRWONJPNSH01,2035,0.3315
GLOBAL,PWRWONJPNSH01,2036,0.3315
GLOBAL,PWRWONJPNSH01,2037,0.3315
GLOBAL,PWRWONJPNSH01,2038,0.3315
GLOBAL,PWRWONJPNSH01,2039,0.3315
GLOBAL,PWRWONJPNSH01,2040,0.018
GLOBAL,PWRWONJPNSH01,2041,0.0
GLOBAL,PWRWONJPNSH01,2042,0.0
GLOBAL,PWRWONJPNSH01,2043,0.0
GLOBAL,PWRWONJPNSH01,2044,0.0
GLOBAL,PWRWONJPNSH01,2045,0.0
GLOBAL,PWRWONJPNSH01,2046,0.0
GLOBAL,PWRWONJPNSH01,2047,0.0
GLOBAL,PWRWONJPNSH01,2048,0.0
GLOBAL,PWRWONJPNSH01,2049,0.0
GLOBAL,PWRWONJPNSH01,2050,0.0
GLOBAL,PWRBIOJPNTO01,2021,1.1743
GLOBAL,PWRBIOJPNTO01,2022,1.1743
GLOBAL,PWRBIOJPNTO01,2023,1.1743
GLOBAL,PWRBIOJPNTO01,2024,1.1743
GLOBAL,PWRBIOJPNTO01,2025,1.1743
GLOBAL,PWRBIOJPNTO01,2026,1.1743
GLOBAL,PWRBIOJPNTO01,2027,1.1743
GLOBAL,PWRBIOJPNTO01,2028,1.1743
GLOBAL,PWRBIOJPNTO01,2029,1.1743
GLOBAL,PWRBIOJPNTO01,2030,1.1743
GLOBAL,PWRBIOJPNTO01,2031,1.1743
GLOBAL,PWRBIOJPNTO01,2032,0.0
GLOBAL,PWRBIOJPNTO01,2033,0.0
GLOBAL,PWRBIOJPNTO01,2034,0.0
GLOBAL,PWRBIOJPNTO01,2035,0.0
GLOBAL,PWRBIOJPNTO01,2036,0.0
GLOBAL,PWRBIOJPNTO01,2037,0.0
GLOBAL,PWRBIOJPNTO01,2038,0.0
GLOBAL,PWRBIOJPNTO01,2039,0.0
GLOBAL,PWRBIOJPNTO01,2040,0.0
GLOBAL,PWRBIOJPNTO01,2041,0.0
GLOBAL,PWRBIOJPNTO01,2042,0.0
GLOBAL,PWRBIOJPNTO01,2043,0.0
GLOBAL,PWRBIOJPNTO01,2044,0.0
GLOBAL,PWRBIOJPNTO01,2045,0.0
GLOBAL,PWRBIOJPNTO01,2046,0.0
GLOBAL,PWRBIOJPNTO01,2047,0.0
GLOBAL,PWRBIOJPNTO01,2048,0.0
GLOBAL,PWRBIOJPNTO01,2049,0.0
GLOBAL,PWRBIOJPNTO01,2050,0.0
GLOBAL,PWRCCGJPNTO00,2021,28.467
GLOBAL,PWRCCGJPNTO00,2022,28.467
GLOBAL,PWRCCGJPNTO00,2023,28.467
GLOBAL,PWRCCGJPNTO00,2024,28.467
GLOBAL,PWRCCGJPNTO00,2025,2.239
GLOBAL,PWRCCGJPNTO00,2026,2.239
GLOBAL,PWRCCGJPNTO00,2027,2.239
GLOBAL,PWRCCGJPNTO00,2028,2.239
GLOBAL,PWRCCGJPNTO00,2029,1.24
GLOBAL,PWRCCGJPNTO00,2030,1.24
GLOBAL,PWRCCGJPNTO00,2031,1.24
GLOBAL,PWRCCGJPNTO00,2032,1.24
GLOBAL,PWRCCGJPNTO00,2033,0.84
GLOBAL,PWRCCGJPNTO00,2034,0.84
GLOBAL,PWRCCGJPNTO00,2035,0.84
GLOBAL,PWRCCGJPNTO00,2036,0.84
GLOBAL,PWRCCGJPNTO00,2037,0.84
GLOBAL,PWRCCGJPNTO00,2038,0.84
GLOBAL,PWRCCGJPNTO00,2039,0.0
GLOBAL,PWRCCGJPNTO00,2040,0.0
GLOBAL,PWRCCGJPNTO00,2041,0.0
GLOBAL,PWRCCGJPNTO00,2042,0.0
GLOBAL,PWRCCGJPNTO00,2043,0.0
GLOBAL,PWRCCGJPNTO00,2044,0.0
GLOBAL,PWRCCGJPNTO00,2045,0.0
GLOBAL,PWRCCGJPNTO00,2046,0.0
GLOBAL,PWRCCGJPNTO00,2047,0.0
GLOBAL,PWRCCGJPNTO00,2048,0.0
GLOBAL,PWRCCGJPNTO00,2049,0.0
GLOBAL,PWRCCGJPNTO00,2050,0.0
GLOBAL,PWRCOAJPNTO01,2021,15.8565
GLOBAL,PWRCOAJPNTO01,2022,15.8565
GLOBAL,PWRCOAJPNTO01,2023,15.7665
GLOBAL,PWRCOAJPNTO01,2024,15.7665
GLOBAL,PWRCOAJPNTO01,2025,12.5645
GLOBAL,PWRCOAJPNTO01,2026,12.5645
GLOBAL,PWRCOAJPNTO01,2027,12.5645
GLOBAL,PWRCOAJPNTO01,2028,8.519
GLOBAL,PWRCOAJPNTO01,2029,6.517
GLOBAL,PWRCOAJPNTO01,2030,6.517
GLOBAL,PWRCOAJPNTO01,2031,6.368
GLOBAL,PWRCOAJPNTO01,2032,6.368
GLOBAL,PWRCOAJPNTO01,2033,6.368
GLOBAL,PWRCOAJPNTO01,2034,3.971
GLOBAL,PWRCOAJPNTO01,2035,3.971
GLOBAL,PWRCOAJPNTO01,2036,3.822
GLOBAL,PWRCOAJPNTO01,2037,2.622
GLOBAL,PWRCOAJPNTO01,2038,2.114
GLOBAL,PWRCOAJPNTO01,2039,0.112
GLOBAL,PWRCOAJPNTO01,2040,0.112
GLOBAL,PWRCOAJPNTO01,2041,0.112
GLOBAL,PWRCOAJPNTO01,2042,0.112
GLOBAL,PWRCOAJPNTO01,2043,0.112
GLOBAL,PWRCOAJPNTO01,2044,0.112
GLOBAL,PWRCOAJPNTO01,2045,0.112
GLOBAL,PWRCOAJPNTO01,2046,0.112
GLOBAL,PWRCOAJPNTO01,2047,0.112
GLOBAL,PWRCOAJPNTO01,2048,0.0
GLOBAL,PWRCOAJPNTO01,2049,0.0
GLOBAL,PWRCOAJPNTO01,2050,0.0
GLOBAL,PWRGEOJPNTO01,2021,0.272
GLOBAL,PWRGEOJPNTO01,2022,0.272
GLOBAL,PWRGEOJPNTO01,2023,0.272
GLOBAL,PWRGEOJPNTO01,2024,0.272
GLOBAL,PWRGEOJPNTO01,2025,0.244
GLOBAL,PWRGEOJPNTO01,2026,0.049
GLOBAL,PWRGEOJPNTO01,2027,0.049
GLOBAL,PWRGEOJPNTO01,2028,0.049
GLOBAL,PWRGEOJPNTO01,2029,0.0
GLOBAL,PWRGEOJPNTO01,2030,0.0
GLOBAL,PWRGEOJPNTO01,2031,0.0
GLOBAL,PWRGEOJPNTO01,2032,0.0
GLOBAL,PWRGEOJPNTO01,2033,0.0
GLOBAL,PWRGEOJPNTO01,2034,0.0
GLOBAL,PWRGEOJPNTO01,2035,0.0
GLOBAL,PWRGEOJPNTO01,2036,0.0
GLOBAL,PWRGEOJPNTO01,2037,0.0
GLOBAL,PWRGEOJPNTO01,2038,0.0
GLOBAL,PWRGEOJPNTO01,2039,0.0
GLOBAL,PWRGEOJPNTO01,2040,0.0
GLOBAL,PWRGEOJPNTO01,2041,0.0
GLOBAL,PWRGEOJPNTO01,2042,0.0
GLOBAL,PWRGEOJPNTO01,2043,0.0
GLOBAL,PWRGEOJPNTO01,2044,0.0
GLOBAL,PWRGEOJPNTO01,2045,0.0
GLOBAL,PWRGEOJPNTO01,2046,0.0
GLOBAL,PWRGEOJPNTO01,2047,0.0
GLOBAL,PWRGEOJPNTO01,2048,0.0
GLOBAL,PWRGEOJPNTO01,2049,0.0
GLOBAL,PWRGEOJPNTO01,2050,0.0
GLOBAL,PWRHYDJPNTO01,2021,9.224
GLOBAL,PWRHYDJPNTO01,2022,9.224
GLOBAL,PWRHYDJPNTO01,2023,9.224
GLOBAL,PWRHYDJPNTO01,2024,9.224
GLOBAL,PWRHYDJPNTO01,2025,9.224
GLOBAL,PWRHYDJPNTO01,2026,9.224
GLOBAL,PWRHYDJPNTO01,2027,9.224
GLOBAL,PWRHYDJPNTO01,2028,9.224
GLOBAL,PWRHYDJPNTO01,2029,9.224
GLOBAL,PWRHYDJPNTO01,2030,9.224
GLOBAL,PWRHYDJPNTO01,2031,9.224
GLOBAL,PWRHYDJPNTO01,2032,9.224
GLOBAL,PWRHYDJPNTO01,2033,9.224
GLOBAL,PWRHYDJPNTO01,2034,9.224
GLOBAL,PWRHYDJPNTO01,2035,9.224
GLOBAL,PWRHYDJPNTO01,2036,9.224
GLOBAL,PWRHYDJPNTO01,2037,9.224
GLOBAL,PWRHYDJPNTO01,2038,9.224
GLOBAL,PWRHYDJPNTO01,2039,9.224
GLOBAL,PWRHYDJPNTO01,2040,9.224
GLOBAL,PWRHYDJPNTO01,2041,9.224
GLOBAL,PWRHYDJPNTO01,2042,9.224
GLOBAL,PWRHYDJPNTO01,2043,9.224
GLOBAL,PWRHYDJPNTO01,2044,9.224
GLOBAL,PWRHYDJPNTO01,2045,9.224
GLOBAL,PWRHYDJPNTO01,2046,9.224
GLOBAL,PWRHYDJPNTO01,2047,9.224
GLOBAL,PWRHYDJPNTO01,2048,9.224
GLOBAL,PWRHYDJPNTO01,2049,9.224
GLOBAL,PWRHYDJPNTO01,2050,9.224
GLOBAL,PWROILJPNTO01,2021,21.114
GLOBAL,PWROILJPNTO01,2022,21.114
GLOBAL,PWROILJPNTO01,2023,21.114
GLOBAL,PWROILJPNTO01,2024,21.114
GLOBAL,PWROILJPNTO01,2025,21.114
GLOBAL,PWROILJPNTO01,2026,21.114
GLOBAL,PWROILJPNTO01,2027,0.651
GLOBAL,PWROILJPNTO01,2028,0.651
GLOBAL,PWROILJPNTO01,2029,0.651
GLOBAL,PWROILJPNTO01,2030,0.651
GLOBAL,PWROILJPNTO01,2031,0.651
GLOBAL,PWROILJPNTO01,2032,0.651
GLOBAL,PWROILJPNTO01,2033,0.651
GLOBAL,PWROILJPNTO01,2034,0.0
GLOBAL,PWROILJPNTO01,2035,0.0
GLOBAL,PWROILJPNTO01,2036,0.0
GLOBAL,PWROILJPNTO01,2037,0.0
GLOBAL,PWROILJPNTO01,2038,0.0
GLOBAL,PWROILJPNTO01,2039,0.0
GLOBAL,PWROILJPNTO01,2040,0.0
GLOBAL,PWROILJPNTO01,2041,0.0
GLOBAL,PWROILJPNTO01,2042,0.0
GLOBAL,PWROILJPNTO01,2043,0.0
GLOBAL,PWROILJPNTO01,2044,0.0
GLOBAL,PWROILJPNTO01,2045,0.0
GLOBAL,PWROILJPNTO01,2046,0.0
GLOBAL,PWROILJPNTO01,2047,0.0
GLOBAL,PWROILJPNTO01,2048,0.0
GLOBAL,PWROILJPNTO01,2049,0.0
GLOBAL,PWROILJPNTO01,2050,0.0
GLOBAL,PWRSPVJPNTO01,2021,8.4743
GLOBAL,PWRSPVJPNTO01,2022,8.4743
GLOBAL,PWRSPVJPNTO01,2023,8.4743
GLOBAL,PWRSPVJPNTO01,2024,8.4743
GLOBAL,PWRSPVJPNTO01,2025,8.4743
GLOBAL,PWRSPVJPNTO01,2026,8.4743
GLOBAL,PWRSPVJPNTO01,2027,8.4743
GLOBAL,PWRSPVJPNTO01,2028,8.4743
GLOBAL,PWRSPVJPNTO01,2029,8.4743
GLOBAL,PWRSPVJPNTO01,2030,8.4743
GLOBAL,PWRSPVJPNTO01,2031,8.4743
GLOBAL,PWRSPVJPNTO01,2032,8.4743
GLOBAL,PWRSPVJPNTO01,2033,8.4743
GLOBAL,PWRSPVJPNTO01,2034,8.4743
GLOBAL,PWRSPVJPNTO01,2035,8.4743
GLOBAL,PWRSPVJPNTO01,2036,8.4743
GLOBAL,PWRSPVJPNTO01,2037,8.4743
GLOBAL,PWRSPVJPNTO01,2038,8.4743
GLOBAL,PWRSPVJPNTO01,2039,8.4743
GLOBAL,PWRSPVJPNTO01,2040,8.4743
GLOBAL,PWRSPVJPNTO01,2041,8.4743
GLOBAL,PWRSPVJPNTO01,2042,8.4743
GLOBAL,PWRSPVJPNTO01,2043,8.4743
GLOBAL,PWRSPVJPNTO01,2044,8.4743
GLOBAL,PWRSPVJPNTO01,2045,0.02
GLOBAL,PWRSPVJPNTO01,2046,0.0
GLOBAL,PWRSPVJPNTO01,2047,0.0
GLOBAL,PWRSPVJPNTO01,2048,0.0
GLOBAL,PWRSPVJPNTO01,2049,0.0
GLOBAL,PWRSPVJPNTO01,2050,0.0
GLOBAL,PWRURNJPNTO01,2021,16.994
GLOBAL,PWRURNJPNTO01,2022,16.994
GLOBAL,PWRURNJPNTO01,2023,16.994
GLOBAL,PWRURNJPNTO01,2024,16.994
GLOBAL,PWRURNJPNTO01,2025,16.994
GLOBAL,PWRURNJPNTO01,2026,16.994
GLOBAL,PWRURNJPNTO01,2027,16.994
GLOBAL,PWRURNJPNTO01,2028,16.994
GLOBAL,PWRURNJPNTO01,2029,16.994
GLOBAL,PWRURNJPNTO01,2030,16.994
GLOBAL,PWRURNJPNTO01,2031,16.994
GLOBAL,PWRURNJPNTO01,2032,16.994
GLOBAL,PWRURNJPNTO01,2033,16.994
GLOBAL,PWRURNJPNTO01,2034,16.994
GLOBAL,PWRURNJPNTO01,2035,16.994
GLOBAL,PWRURNJPNTO01,2036,16.994
GLOBAL,PWRURNJPNTO01,2037,16.994
GLOBAL,PWRURNJPNTO01,2038,16.994
GLOBAL,PWRURNJPNTO01,2039,16.994
GLOBAL,PWRURNJPNTO01,2040,16.994
GLOBAL,PWRURNJPNTO01,2041,16.994
GLOBAL,PWRURNJPNTO01,2042,16.994
GLOBAL,PWRURNJPNTO01,2043,16.994
GLOBAL,PWRURNJPNTO01,2044,16.994
GLOBAL,PWRURNJPNTO01,2045,0.0
GLOBAL,PWRURNJPNTO01,2046,0.0
GLOBAL,PWRURNJPNTO01,2047,0.0
GLOBAL,PWRURNJPNTO01,2048,0.0
GLOBAL,PWRURNJPNTO01,2049,0.0
GLOBAL,PWRURNJPNTO01,2050,0.0
GLOBAL,PWRWOFJPNTO01,2021,0.0454
GLOBAL,PWRWOFJPNTO01,2022,0.0454
GLOBAL,PWRWOFJPNTO01,2023,0.0454
GLOBAL,PWRWOFJPNTO01,2024,0.0454
GLOBAL,PWRWOFJPNTO01,2025,0.0454
GLOBAL,PWRWOFJPNTO01,2026,0.0454
GLOBAL,PWRWOFJPNTO01,2027,0.0454
GLOBAL,PWRWOFJPNTO01,2028,0.0454
GLOBAL,PWRWOFJPNTO01,2029,0.0454
GLOBAL,PWRWOFJPNTO01,2030,0.0454
GLOBAL,PWRWOFJPNTO01,2031,0.0454
GLOBAL,PWRWOFJPNTO01,2032,0.0454
GLOBAL,PWRWOFJPNTO01,2033,0.0454
GLOBAL,PWRWOFJPNTO01,2034,0.0454
GLOBAL,PWRWOFJPNTO01,2035,0.0454
GLOBAL,PWRWOFJPNTO01,2036,0.0454
GLOBAL,PWRWOFJPNTO01,2037,0.0454
GLOBAL,PWRWOFJPNTO01,2038,0.0454
GLOBAL,PWRWOFJPNTO01,2039,0.0454
GLOBAL,PWRWOFJPNTO01,2040,0.0454
GLOBAL,PWRWOFJPNTO01,2041,0.0
GLOBAL,PWRWOFJPNTO01,2042,0.0
GLOBAL,PWRWOFJPNTO01,2043,0.0
GLOBAL,PWRWOFJPNTO01,2044,0.0
GLOBAL,PWRWOFJPNTO01,2045,0.0
GLOBAL,PWRWOFJPNTO01,2046,0.0
GLOBAL,PWRWOFJPNTO01,2047,0.0
GLOBAL,PWRWOFJPNTO01,2048,0.0
GLOBAL,PWRWOFJPNTO01,2049,0.0
GLOBAL,PWRWOFJPNTO01,2050,0.0
GLOBAL,PWRWONJPNTO01,2021,0.5894
GLOBAL,PWRWONJPNTO01,2022,0.5894
GLOBAL,PWRWONJPNTO01,2023,0.5894
GLOBAL,PWRWONJPNTO01,2024,0.5894
GLOBAL,PWRWONJPNTO01,2025,0.5894
GLOBAL,PWRWONJPNTO01,2026,0.5894
GLOBAL,PWRWONJPNTO01,2027,0.5894
GLOBAL,PWRWONJPNTO01,2028,0.5894
GLOBAL,PWRWONJPNTO01,2029,0.5894
GLOBAL,PWRWONJPNTO01,2030,0.5894
GLOBAL,PWRWONJPNTO01,2031,0.5894
GLOBAL,PWRWONJPNTO01,2032,0.5894
GLOBAL,PWRWONJPNTO01,2033,0.5894
GLOBAL,PWRWONJPNTO01,2034,0.5574
GLOBAL,PWRWONJPNTO01,2035,0.5574
GLOBAL,PWRWONJPNTO01,2036,0.5574
GLOBAL,PWRWONJPNTO01,2037,0.5574
GLOBAL,PWRWONJPNTO01,2038,0.5574
GLOBAL,PWRWONJPNTO01,2039,0.5574
GLOBAL,PWRWONJPNTO01,2040,0.0
GLOBAL,PWRWONJPNTO01,2041,0.0
GLOBAL,PWRWONJPNTO01,2042,0.0
GLOBAL,PWRWONJPNTO01,2043,0.0
GLOBAL,PWRWONJPNTO01,2044,0.0
GLOBAL,PWRWONJPNTO01,2045,0.0
GLOBAL,PWRWONJPNTO01,2046,0.0
GLOBAL,PWRWONJPNTO01,2047,0.0
GLOBAL,PWRWONJPNTO01,2048,0.0
GLOBAL,PWRWONJPNTO01,2049,0.0
GLOBAL,PWRWONJPNTO01,2050,0.0
GLOBAL,PWRCCGKAZXX00,2021,0.3
GLOBAL,PWRCCGKAZXX00,2022,0.3
GLOBAL,PWRCCGKAZXX00,2023,0.3
GLOBAL,PWRCCGKAZXX00,2024,0.3
GLOBAL,PWRCCGKAZXX00,2025,0.3
GLOBAL,PWRCCGKAZXX00,2026,0.3
GLOBAL,PWRCCGKAZXX00,2027,0.3
GLOBAL,PWRCCGKAZXX00,2028,0.3
GLOBAL,PWRCCGKAZXX00,2029,0.0
GLOBAL,PWRCCGKAZXX00,2030,0.0
GLOBAL,PWRCCGKAZXX00,2031,0.0
GLOBAL,PWRCCGKAZXX00,2032,0.0
GLOBAL,PWRCCGKAZXX00,2033,0.0
GLOBAL,PWRCCGKAZXX00,2034,0.0
GLOBAL,PWRCCGKAZXX00,2035,0.0
GLOBAL,PWRCCGKAZXX00,2036,0.0
GLOBAL,PWRCCGKAZXX00,2037,0.0
GLOBAL,PWRCCGKAZXX00,2038,0.0
GLOBAL,PWRCCGKAZXX00,2039,0.0
GLOBAL,PWRCCGKAZXX00,2040,0.0
GLOBAL,PWRCCGKAZXX00,2041,0.0
GLOBAL,PWRCCGKAZXX00,2042,0.0
GLOBAL,PWRCCGKAZXX00,2043,0.0
GLOBAL,PWRCCGKAZXX00,2044,0.0
GLOBAL,PWRCCGKAZXX00,2045,0.0
GLOBAL,PWRCCGKAZXX00,2046,0.0
GLOBAL,PWRCCGKAZXX00,2047,0.0
GLOBAL,PWRCCGKAZXX00,2048,0.0
GLOBAL,PWRCCGKAZXX00,2049,0.0
GLOBAL,PWRCCGKAZXX00,2050,0.0
GLOBAL,PWRCOAKAZXX01,2021,16.8699
GLOBAL,PWRCOAKAZXX01,2022,16.8699
GLOBAL,PWRCOAKAZXX01,2023,15.8699
GLOBAL,PWRCOAKAZXX01,2024,15.8699
GLOBAL,PWRCOAKAZXX01,2025,15.8699
GLOBAL,PWRCOAKAZXX01,2026,15.8699
GLOBAL,PWRCOAKAZXX01,2027,15.2609
GLOBAL,PWRCOAKAZXX01,2028,11.124
GLOBAL,PWRCOAKAZXX01,2029,6.028
GLOBAL,PWRCOAKAZXX01,2030,6.028
GLOBAL,PWRCOAKAZXX01,2031,6.028
GLOBAL,PWRCOAKAZXX01,2032,6.028
GLOBAL,PWRCOAKAZXX01,2033,5.552
GLOBAL,PWRCOAKAZXX01,2034,0.0
GLOBAL,PWRCOAKAZXX01,2035,0.0
GLOBAL,PWRCOAKAZXX01,2036,0.0
GLOBAL,PWRCOAKAZXX01,2037,0.0
GLOBAL,PWRCOAKAZXX01,2038,0.0
GLOBAL,PWRCOAKAZXX01,2039,0.0
GLOBAL,PWRCOAKAZXX01,2040,0.0
GLOBAL,PWRCOAKAZXX01,2041,0.0
GLOBAL,PWRCOAKAZXX01,2042,0.0
GLOBAL,PWRCOAKAZXX01,2043,0.0
GLOBAL,PWRCOAKAZXX01,2044,0.0
GLOBAL,PWRCOAKAZXX01,2045,0.0
GLOBAL,PWRCOAKAZXX01,2046,0.0
GLOBAL,PWRCOAKAZXX01,2047,0.0
GLOBAL,PWRCOAKAZXX01,2048,0.0
GLOBAL,PWRCOAKAZXX01,2049,0.0
GLOBAL,PWRCOAKAZXX01,2050,0.0
GLOBAL,PWRHYDKAZXX01,2021,2.681
GLOBAL,PWRHYDKAZXX01,2022,2.681
GLOBAL,PWRHYDKAZXX01,2023,2.681
GLOBAL,PWRHYDKAZXX01,2024,2.681
GLOBAL,PWRHYDKAZXX01,2025,2.681
GLOBAL,PWRHYDKAZXX01,2026,2.681
GLOBAL,PWRHYDKAZXX01,2027,2.681
GLOBAL,PWRHYDKAZXX01,2028,2.681
GLOBAL,PWRHYDKAZXX01,2029,2.681
GLOBAL,PWRHYDKAZXX01,2030,2.681
GLOBAL,PWRHYDKAZXX01,2031,2.681
GLOBAL,PWRHYDKAZXX01,2032,2.681
GLOBAL,PWRHYDKAZXX01,2033,2.681
GLOBAL,PWRHYDKAZXX01,2034,2.681
GLOBAL,PWRHYDKAZXX01,2035,2.681
GLOBAL,PWRHYDKAZXX01,2036,2.681
GLOBAL,PWRHYDKAZXX01,2037,2.681
GLOBAL,PWRHYDKAZXX01,2038,2.681
GLOBAL,PWRHYDKAZXX01,2039,2.681
GLOBAL,PWRHYDKAZXX01,2040,2.681
GLOBAL,PWRHYDKAZXX01,2041,2.681
GLOBAL,PWRHYDKAZXX01,2042,2.681
GLOBAL,PWRHYDKAZXX01,2043,2.681
GLOBAL,PWRHYDKAZXX01,2044,2.681
GLOBAL,PWRHYDKAZXX01,2045,2.681
GLOBAL,PWRHYDKAZXX01,2046,2.681
GLOBAL,PWRHYDKAZXX01,2047,2.681
GLOBAL,PWRHYDKAZXX01,2048,2.681
GLOBAL,PWRHYDKAZXX01,2049,2.681
GLOBAL,PWRHYDKAZXX01,2050,2.681
GLOBAL,PWROCGKAZXX00,2021,0.1
GLOBAL,PWROCGKAZXX00,2022,0.1
GLOBAL,PWROCGKAZXX00,2023,0.1
GLOBAL,PWROCGKAZXX00,2024,0.1
GLOBAL,PWROCGKAZXX00,2025,0.1
GLOBAL,PWROCGKAZXX00,2026,0.1
GLOBAL,PWROCGKAZXX00,2027,0.1
GLOBAL,PWROCGKAZXX00,2028,0.1
GLOBAL,PWROCGKAZXX00,2029,0.1
GLOBAL,PWROCGKAZXX00,2030,0.1
GLOBAL,PWROCGKAZXX00,2031,0.1
GLOBAL,PWROCGKAZXX00,2032,0.1
GLOBAL,PWROCGKAZXX00,2033,0.1
GLOBAL,PWROCGKAZXX00,2034,0.1
GLOBAL,PWROCGKAZXX00,2035,0.0
GLOBAL,PWROCGKAZXX00,2036,0.0
GLOBAL,PWROCGKAZXX00,2037,0.0
GLOBAL,PWROCGKAZXX00,2038,0.0
GLOBAL,PWROCGKAZXX00,2039,0.0
GLOBAL,PWROCGKAZXX00,2040,0.0
GLOBAL,PWROCGKAZXX00,2041,0.0
GLOBAL,PWROCGKAZXX00,2042,0.0
GLOBAL,PWROCGKAZXX00,2043,0.0
GLOBAL,PWROCGKAZXX00,2044,0.0
GLOBAL,PWROCGKAZXX00,2045,0.0
GLOBAL,PWROCGKAZXX00,2046,0.0
GLOBAL,PWROCGKAZXX00,2047,0.0
GLOBAL,PWROCGKAZXX00,2048,0.0
GLOBAL,PWROCGKAZXX00,2049,0.0
GLOBAL,PWROCGKAZXX00,2050,0.0
GLOBAL,PWRSPVKAZXX01,2021,0.05
GLOBAL,PWRSPVKAZXX01,2022,0.05
GLOBAL,PWRSPVKAZXX01,2023,0.05
GLOBAL,PWRSPVKAZXX01,2024,0.05
GLOBAL,PWRSPVKAZXX01,2025,0.05
GLOBAL,PWRSPVKAZXX01,2026,0.05
GLOBAL,PWRSPVKAZXX01,2027,0.05
GLOBAL,PWRSPVKAZXX01,2028,0.05
GLOBAL,PWRSPVKAZXX01,2029,0.05
GLOBAL,PWRSPVKAZXX01,2030,0.05
GLOBAL,PWRSPVKAZXX01,2031,0.05
GLOBAL,PWRSPVKAZXX01,2032,0.05
GLOBAL,PWRSPVKAZXX01,2033,0.05
GLOBAL,PWRSPVKAZXX01,2034,0.05
GLOBAL,PWRSPVKAZXX01,2035,0.05
GLOBAL,PWRSPVKAZXX01,2036,0.05
GLOBAL,PWRSPVKAZXX01,2037,0.05
GLOBAL,PWRSPVKAZXX01,2038,0.05
GLOBAL,PWRSPVKAZXX01,2039,0.05
GLOBAL,PWRSPVKAZXX01,2040,0.05
GLOBAL,PWRSPVKAZXX01,2041,0.05
GLOBAL,PWRSPVKAZXX01,2042,0.05
GLOBAL,PWRSPVKAZXX01,2043,0.05
GLOBAL,PWRSPVKAZXX01,2044,0.05
GLOBAL,PWRSPVKAZXX01,2045,0.05
GLOBAL,PWRSPVKAZXX01,2046,0.0
GLOBAL,PWRSPVKAZXX01,2047,0.0
GLOBAL,PWRSPVKAZXX01,2048,0.0
GLOBAL,PWRSPVKAZXX01,2049,0.0
GLOBAL,PWRSPVKAZXX01,2050,0.0
GLOBAL,PWRWONKAZXX01,2021,0.056
GLOBAL,PWRWONKAZXX01,2022,0.056
GLOBAL,PWRWONKAZXX01,2023,0.056
GLOBAL,PWRWONKAZXX01,2024,0.056
GLOBAL,PWRWONKAZXX01,2025,0.056
GLOBAL,PWRWONKAZXX01,2026,0.056
GLOBAL,PWRWONKAZXX01,2027,0.056
GLOBAL,PWRWONKAZXX01,2028,0.056
GLOBAL,PWRWONKAZXX01,2029,0.056
GLOBAL,PWRWONKAZXX01,2030,0.056
GLOBAL,PWRWONKAZXX01,2031,0.056
GLOBAL,PWRWONKAZXX01,2032,0.056
GLOBAL,PWRWONKAZXX01,2033,0.056
GLOBAL,PWRWONKAZXX01,2034,0.056
GLOBAL,PWRWONKAZXX01,2035,0.056
GLOBAL,PWRWONKAZXX01,2036,0.056
GLOBAL,PWRWONKAZXX01,2037,0.056
GLOBAL,PWRWONKAZXX01,2038,0.056
GLOBAL,PWRWONKAZXX01,2039,0.056
GLOBAL,PWRWONKAZXX01,2040,0.0
GLOBAL,PWRWONKAZXX01,2041,0.0
GLOBAL,PWRWONKAZXX01,2042,0.0
GLOBAL,PWRWONKAZXX01,2043,0.0
GLOBAL,PWRWONKAZXX01,2044,0.0
GLOBAL,PWRWONKAZXX01,2045,0.0
GLOBAL,PWRWONKAZXX01,2046,0.0
GLOBAL,PWRWONKAZXX01,2047,0.0
GLOBAL,PWRWONKAZXX01,2048,0.0
GLOBAL,PWRWONKAZXX01,2049,0.0
GLOBAL,PWRWONKAZXX01,2050,0.0
GLOBAL,PWRBIOKENXX01,2021,0.09
GLOBAL,PWRBIOKENXX01,2022,0.09
GLOBAL,PWRBIOKENXX01,2023,0.09
GLOBAL,PWRBIOKENXX01,2024,0.09
GLOBAL,PWRBIOKENXX01,2025,0.09
GLOBAL,PWRBIOKENXX01,2026,0.09
GLOBAL,PWRBIOKENXX01,2027,0.09
GLOBAL,PWRBIOKENXX01,2028,0.09
GLOBAL,PWRBIOKENXX01,2029,0.09
GLOBAL,PWRBIOKENXX01,2030,0.09
GLOBAL,PWRBIOKENXX01,2031,0.09
GLOBAL,PWRBIOKENXX01,2032,0.0
GLOBAL,PWRBIOKENXX01,2033,0.0
GLOBAL,PWRBIOKENXX01,2034,0.0
GLOBAL,PWRBIOKENXX01,2035,0.0
GLOBAL,PWRBIOKENXX01,2036,0.0
GLOBAL,PWRBIOKENXX01,2037,0.0
GLOBAL,PWRBIOKENXX01,2038,0.0
GLOBAL,PWRBIOKENXX01,2039,0.0
GLOBAL,PWRBIOKENXX01,2040,0.0
GLOBAL,PWRBIOKENXX01,2041,0.0
GLOBAL,PWRBIOKENXX01,2042,0.0
GLOBAL,PWRBIOKENXX01,2043,0.0
GLOBAL,PWRBIOKENXX01,2044,0.0
GLOBAL,PWRBIOKENXX01,2045,0.0
GLOBAL,PWRBIOKENXX01,2046,0.0
GLOBAL,PWRBIOKENXX01,2047,0.0
GLOBAL,PWRBIOKENXX01,2048,0.0
GLOBAL,PWRBIOKENXX01,2049,0.0
GLOBAL,PWRBIOKENXX01,2050,0.0
GLOBAL,PWRHYDKENXX01,2021,0.8198
GLOBAL,PWRHYDKENXX01,2022,0.8198
GLOBAL,PWRHYDKENXX01,2023,0.8198
GLOBAL,PWRHYDKENXX01,2024,0.8198
GLOBAL,PWRHYDKENXX01,2025,0.8198
GLOBAL,PWRHYDKENXX01,2026,0.8198
GLOBAL,PWRHYDKENXX01,2027,0.8198
GLOBAL,PWRHYDKENXX01,2028,0.8198
GLOBAL,PWRHYDKENXX01,2029,0.8198
GLOBAL,PWRHYDKENXX01,2030,0.8198
GLOBAL,PWRHYDKENXX01,2031,0.8198
GLOBAL,PWRHYDKENXX01,2032,0.8198
GLOBAL,PWRHYDKENXX01,2033,0.8198
GLOBAL,PWRHYDKENXX01,2034,0.8198
GLOBAL,PWRHYDKENXX01,2035,0.8198
GLOBAL,PWRHYDKENXX01,2036,0.8198
GLOBAL,PWRHYDKENXX01,2037,0.8198
GLOBAL,PWRHYDKENXX01,2038,0.8198
GLOBAL,PWRHYDKENXX01,2039,0.8198
GLOBAL,PWRHYDKENXX01,2040,0.8198
GLOBAL,PWRHYDKENXX01,2041,0.8198
GLOBAL,PWRHYDKENXX01,2042,0.8198
GLOBAL,PWRHYDKENXX01,2043,0.8198
GLOBAL,PWRHYDKENXX01,2044,0.8198
GLOBAL,PWRHYDKENXX01,2045,0.8198
GLOBAL,PWRHYDKENXX01,2046,0.8198
GLOBAL,PWRHYDKENXX01,2047,0.8198
GLOBAL,PWRHYDKENXX01,2048,0.8198
GLOBAL,PWRHYDKENXX01,2049,0.8198
GLOBAL,PWRHYDKENXX01,2050,0.8198
GLOBAL,PWROILKENXX01,2021,0.7345
GLOBAL,PWROILKENXX01,2022,0.7345
GLOBAL,PWROILKENXX01,2023,0.7345
GLOBAL,PWROILKENXX01,2024,0.7345
GLOBAL,PWROILKENXX01,2025,0.7345
GLOBAL,PWROILKENXX01,2026,0.7345
GLOBAL,PWROILKENXX01,2027,0.447
GLOBAL,PWROILKENXX01,2028,0.447
GLOBAL,PWROILKENXX01,2029,0.447
GLOBAL,PWROILKENXX01,2030,0.327
GLOBAL,PWROILKENXX01,2031,0.327
GLOBAL,PWROILKENXX01,2032,0.252
GLOBAL,PWROILKENXX01,2033,0.252
GLOBAL,PWROILKENXX01,2034,0.252
GLOBAL,PWROILKENXX01,2035,0.252
GLOBAL,PWROILKENXX01,2036,0.252
GLOBAL,PWROILKENXX01,2037,0.252
GLOBAL,PWROILKENXX01,2038,0.252
GLOBAL,PWROILKENXX01,2039,0.252
GLOBAL,PWROILKENXX01,2040,0.162
GLOBAL,PWROILKENXX01,2041,0.162
GLOBAL,PWROILKENXX01,2042,0.088
GLOBAL,PWROILKENXX01,2043,0.0
GLOBAL,PWROILKENXX01,2044,0.0
GLOBAL,PWROILKENXX01,2045,0.0
GLOBAL,PWROILKENXX01,2046,0.0
GLOBAL,PWROILKENXX01,2047,0.0
GLOBAL,PWROILKENXX01,2048,0.0
GLOBAL,PWROILKENXX01,2049,0.0
GLOBAL,PWROILKENXX01,2050,0.0
GLOBAL,PWRSPVKENXX01,2045,0.0
GLOBAL,PWRSPVKENXX01,2046,0.0
GLOBAL,PWRSPVKENXX01,2047,0.0
GLOBAL,PWRSPVKENXX01,2048,0.0
GLOBAL,PWRSPVKENXX01,2049,0.0
GLOBAL,PWRSPVKENXX01,2050,0.0
GLOBAL,PWRWONKENXX01,2021,0.336
GLOBAL,PWRWONKENXX01,2022,0.336
GLOBAL,PWRWONKENXX01,2023,0.336
GLOBAL,PWRWONKENXX01,2024,0.31
GLOBAL,PWRWONKENXX01,2025,0.31
GLOBAL,PWRWONKENXX01,2026,0.31
GLOBAL,PWRWONKENXX01,2027,0.31
GLOBAL,PWRWONKENXX01,2028,0.31
GLOBAL,PWRWONKENXX01,2029,0.31
GLOBAL,PWRWONKENXX01,2030,0.31
GLOBAL,PWRWONKENXX01,2031,0.31
GLOBAL,PWRWONKENXX01,2032,0.31
GLOBAL,PWRWONKENXX01,2033,0.31
GLOBAL,PWRWONKENXX01,2034,0.31
GLOBAL,PWRWONKENXX01,2035,0.31
GLOBAL,PWRWONKENXX01,2036,0.31
GLOBAL,PWRWONKENXX01,2037,0.31
GLOBAL,PWRWONKENXX01,2038,0.31
GLOBAL,PWRWONKENXX01,2039,0.31
GLOBAL,PWRWONKENXX01,2040,0.31
GLOBAL,PWRWONKENXX01,2041,0.31
GLOBAL,PWRWONKENXX01,2042,0.31
GLOBAL,PWRWONKENXX01,2043,0.31
GLOBAL,PWRWONKENXX01,2044,0.31
GLOBAL,PWRWONKENXX01,2045,0.31
GLOBAL,PWRWONKENXX01,2046,0.31
GLOBAL,PWRWONKENXX01,2047,0.31
GLOBAL,PWRWONKENXX01,2048,0.0
GLOBAL,PWRWONKENXX01,2049,0.0
GLOBAL,PWRWONKENXX01,2050,0.0
GLOBAL,PWRCOAKGZXX01,2021,0.7458
GLOBAL,PWRCOAKGZXX01,2022,0.7458
GLOBAL,PWRCOAKGZXX01,2023,0.7458
GLOBAL,PWRCOAKGZXX01,2024,0.7458
GLOBAL,PWRCOAKGZXX01,2025,0.7458
GLOBAL,PWRCOAKGZXX01,2026,0.7458
GLOBAL,PWRCOAKGZXX01,2027,0.7458
GLOBAL,PWRCOAKGZXX01,2028,0.0
GLOBAL,PWRCOAKGZXX01,2029,0.0
GLOBAL,PWRCOAKGZXX01,2030,0.0
GLOBAL,PWRCOAKGZXX01,2031,0.0
GLOBAL,PWRCOAKGZXX01,2032,0.0
GLOBAL,PWRCOAKGZXX01,2033,0.0
GLOBAL,PWRCOAKGZXX01,2034,0.0
GLOBAL,PWRCOAKGZXX01,2035,0.0
GLOBAL,PWRCOAKGZXX01,2036,0.0
GLOBAL,PWRCOAKGZXX01,2037,0.0
GLOBAL,PWRCOAKGZXX01,2038,0.0
GLOBAL,PWRCOAKGZXX01,2039,0.0
GLOBAL,PWRCOAKGZXX01,2040,0.0
GLOBAL,PWRCOAKGZXX01,2041,0.0
GLOBAL,PWRCOAKGZXX01,2042,0.0
GLOBAL,PWRCOAKGZXX01,2043,0.0
GLOBAL,PWRCOAKGZXX01,2044,0.0
GLOBAL,PWRCOAKGZXX01,2045,0.0
GLOBAL,PWRCOAKGZXX01,2046,0.0
GLOBAL,PWRCOAKGZXX01,2047,0.0
GLOBAL,PWRCOAKGZXX01,2048,0.0
GLOBAL,PWRCOAKGZXX01,2049,0.0
GLOBAL,PWRCOAKGZXX01,2050,0.0
GLOBAL,PWRHYDKGZXX01,2021,3.09
GLOBAL,PWRHYDKGZXX01,2022,3.09
GLOBAL,PWRHYDKGZXX01,2023,3.09
GLOBAL,PWRHYDKGZXX01,2024,3.09
GLOBAL,PWRHYDKGZXX01,2025,3.09
GLOBAL,PWRHYDKGZXX01,2026,3.09
GLOBAL,PWRHYDKGZXX01,2027,3.09
GLOBAL,PWRHYDKGZXX01,2028,3.09
GLOBAL,PWRHYDKGZXX01,2029,3.09
GLOBAL,PWRHYDKGZXX01,2030,3.09
GLOBAL,PWRHYDKGZXX01,2031,3.09
GLOBAL,PWRHYDKGZXX01,2032,3.09
GLOBAL,PWRHYDKGZXX01,2033,3.09
GLOBAL,PWRHYDKGZXX01,2034,3.09
GLOBAL,PWRHYDKGZXX01,2035,3.09
GLOBAL,PWRHYDKGZXX01,2036,3.09
GLOBAL,PWRHYDKGZXX01,2037,3.09
GLOBAL,PWRHYDKGZXX01,2038,3.09
GLOBAL,PWRHYDKGZXX01,2039,3.09
GLOBAL,PWRHYDKGZXX01,2040,3.09
GLOBAL,PWRHYDKGZXX01,2041,3.09
GLOBAL,PWRHYDKGZXX01,2042,3.09
GLOBAL,PWRHYDKGZXX01,2043,3.09
GLOBAL,PWRHYDKGZXX01,2044,3.09
GLOBAL,PWRHYDKGZXX01,2045,3.09
GLOBAL,PWRHYDKGZXX01,2046,3.09
GLOBAL,PWRHYDKGZXX01,2047,3.09
GLOBAL,PWRHYDKGZXX01,2048,3.09
GLOBAL,PWRHYDKGZXX01,2049,3.09
GLOBAL,PWRHYDKGZXX01,2050,3.09
GLOBAL,PWROILKGZXX01,2021,0.05
GLOBAL,PWROILKGZXX01,2022,0.05
GLOBAL,PWROILKGZXX01,2023,0.05
GLOBAL,PWROILKGZXX01,2024,0.05
GLOBAL,PWROILKGZXX01,2025,0.05
GLOBAL,PWROILKGZXX01,2026,0.05
GLOBAL,PWROILKGZXX01,2027,0.0
GLOBAL,PWROILKGZXX01,2028,0.0
GLOBAL,PWROILKGZXX01,2029,0.0
GLOBAL,PWROILKGZXX01,2030,0.0
GLOBAL,PWROILKGZXX01,2031,0.0
GLOBAL,PWROILKGZXX01,2032,0.0
GLOBAL,PWROILKGZXX01,2033,0.0
GLOBAL,PWROILKGZXX01,2034,0.0
GLOBAL,PWROILKGZXX01,2035,0.0
GLOBAL,PWROILKGZXX01,2036,0.0
GLOBAL,PWROILKGZXX01,2037,0.0
GLOBAL,PWROILKGZXX01,2038,0.0
GLOBAL,PWROILKGZXX01,2039,0.0
GLOBAL,PWROILKGZXX01,2040,0.0
GLOBAL,PWROILKGZXX01,2041,0.0
GLOBAL,PWROILKGZXX01,2042,0.0
GLOBAL,PWROILKGZXX01,2043,0.0
GLOBAL,PWROILKGZXX01,2044,0.0
GLOBAL,PWROILKGZXX01,2045,0.0
GLOBAL,PWROILKGZXX01,2046,0.0
GLOBAL,PWROILKGZXX01,2047,0.0
GLOBAL,PWROILKGZXX01,2048,0.0
GLOBAL,PWROILKGZXX01,2049,0.0
GLOBAL,PWROILKGZXX01,2050,0.0
GLOBAL,PWRBIOKHMXX01,2021,0.002
GLOBAL,PWRBIOKHMXX01,2022,0.002
GLOBAL,PWRBIOKHMXX01,2023,0.002
GLOBAL,PWRBIOKHMXX01,2024,0.002
GLOBAL,PWRBIOKHMXX01,2025,0.002
GLOBAL,PWRBIOKHMXX01,2026,0.002
GLOBAL,PWRBIOKHMXX01,2027,0.002
GLOBAL,PWRBIOKHMXX01,2028,0.002
GLOBAL,PWRBIOKHMXX01,2029,0.002
GLOBAL,PWRBIOKHMXX01,2030,0.002
GLOBAL,PWRBIOKHMXX01,2031,0.002
GLOBAL,PWRBIOKHMXX01,2032,0.002
GLOBAL,PWRBIOKHMXX01,2033,0.002
GLOBAL,PWRBIOKHMXX01,2034,0.002
GLOBAL,PWRBIOKHMXX01,2035,0.002
GLOBAL,PWRBIOKHMXX01,2036,0.002
GLOBAL,PWRBIOKHMXX01,2037,0.002
GLOBAL,PWRBIOKHMXX01,2038,0.002
GLOBAL,PWRBIOKHMXX01,2039,0.002
GLOBAL,PWRBIOKHMXX01,2040,0.002
GLOBAL,PWRBIOKHMXX01,2041,0.002
GLOBAL,PWRBIOKHMXX01,2042,0.002
GLOBAL,PWRBIOKHMXX01,2043,0.002
GLOBAL,PWRBIOKHMXX01,2044,0.002
GLOBAL,PWRBIOKHMXX01,2045,0.0
GLOBAL,PWRBIOKHMXX01,2046,0.0
GLOBAL,PWRBIOKHMXX01,2047,0.0
GLOBAL,PWRBIOKHMXX01,2048,0.0
GLOBAL,PWRBIOKHMXX01,2049,0.0
GLOBAL,PWRBIOKHMXX01,2050,0.0
GLOBAL,PWRCOAKHMXX01,2021,0.506
GLOBAL,PWRCOAKHMXX01,2022,0.506
GLOBAL,PWRCOAKHMXX01,2023,0.506
GLOBAL,PWRCOAKHMXX01,2024,0.506
GLOBAL,PWRCOAKHMXX01,2025,0.506
GLOBAL,PWRCOAKHMXX01,2026,0.506
GLOBAL,PWRCOAKHMXX01,2027,0.506
GLOBAL,PWRCOAKHMXX01,2028,0.506
GLOBAL,PWRCOAKHMXX01,2029,0.506
GLOBAL,PWRCOAKHMXX01,2030,0.506
GLOBAL,PWRCOAKHMXX01,2031,0.506
GLOBAL,PWRCOAKHMXX01,2032,0.506
GLOBAL,PWRCOAKHMXX01,2033,0.506
GLOBAL,PWRCOAKHMXX01,2034,0.506
GLOBAL,PWRCOAKHMXX01,2035,0.506
GLOBAL,PWRCOAKHMXX01,2036,0.506
GLOBAL,PWRCOAKHMXX01,2037,0.506
GLOBAL,PWRCOAKHMXX01,2038,0.506
GLOBAL,PWRCOAKHMXX01,2039,0.506
GLOBAL,PWRCOAKHMXX01,2040,0.506
GLOBAL,PWRCOAKHMXX01,2041,0.506
GLOBAL,PWRCOAKHMXX01,2042,0.506
GLOBAL,PWRCOAKHMXX01,2043,0.506
GLOBAL,PWRCOAKHMXX01,2044,0.506
GLOBAL,PWRCOAKHMXX01,2045,0.406
GLOBAL,PWRCOAKHMXX01,2046,0.0
GLOBAL,PWRCOAKHMXX01,2047,0.0
GLOBAL,PWRCOAKHMXX01,2048,0.0
GLOBAL,PWRCOAKHMXX01,2049,0.0
GLOBAL,PWRCOAKHMXX01,2050,0.0
GLOBAL,PWRHYDKHMXX01,2021,0.93
GLOBAL,PWRHYDKHMXX01,2022,0.93
GLOBAL,PWRHYDKHMXX01,2023,0.93
GLOBAL,PWRHYDKHMXX01,2024,0.93
GLOBAL,PWRHYDKHMXX01,2025,0.93
GLOBAL,PWRHYDKHMXX01,2026,0.93
GLOBAL,PWRHYDKHMXX01,2027,0.93
GLOBAL,PWRHYDKHMXX01,2028,0.93
GLOBAL,PWRHYDKHMXX01,2029,0.93
GLOBAL,PWRHYDKHMXX01,2030,0.93
GLOBAL,PWRHYDKHMXX01,2031,0.93
GLOBAL,PWRHYDKHMXX01,2032,0.93
GLOBAL,PWRHYDKHMXX01,2033,0.93
GLOBAL,PWRHYDKHMXX01,2034,0.93
GLOBAL,PWRHYDKHMXX01,2035,0.93
GLOBAL,PWRHYDKHMXX01,2036,0.93
GLOBAL,PWRHYDKHMXX01,2037,0.93
GLOBAL,PWRHYDKHMXX01,2038,0.93
GLOBAL,PWRHYDKHMXX01,2039,0.93
GLOBAL,PWRHYDKHMXX01,2040,0.93
GLOBAL,PWRHYDKHMXX01,2041,0.93
GLOBAL,PWRHYDKHMXX01,2042,0.93
GLOBAL,PWRHYDKHMXX01,2043,0.93
GLOBAL,PWRHYDKHMXX01,2044,0.93
GLOBAL,PWRHYDKHMXX01,2045,0.93
GLOBAL,PWRHYDKHMXX01,2046,0.93
GLOBAL,PWRHYDKHMXX01,2047,0.93
GLOBAL,PWRHYDKHMXX01,2048,0.93
GLOBAL,PWRHYDKHMXX01,2049,0.93
GLOBAL,PWRHYDKHMXX01,2050,0.93
GLOBAL,PWROILKHMXX01,2021,0.054
GLOBAL,PWROILKHMXX01,2022,0.054
GLOBAL,PWROILKHMXX01,2023,0.054
GLOBAL,PWROILKHMXX01,2024,0.054
GLOBAL,PWROILKHMXX01,2025,0.054
GLOBAL,PWROILKHMXX01,2026,0.054
GLOBAL,PWROILKHMXX01,2027,0.035
GLOBAL,PWROILKHMXX01,2028,0.035
GLOBAL,PWROILKHMXX01,2029,0.03
GLOBAL,PWROILKHMXX01,2030,0.03
GLOBAL,PWROILKHMXX01,2031,0.03
GLOBAL,PWROILKHMXX01,2032,0.03
GLOBAL,PWROILKHMXX01,2033,0.03
GLOBAL,PWROILKHMXX01,2034,0.03
GLOBAL,PWROILKHMXX01,2035,0.03
GLOBAL,PWROILKHMXX01,2036,0.0
GLOBAL,PWROILKHMXX01,2037,0.0
GLOBAL,PWROILKHMXX01,2038,0.0
GLOBAL,PWROILKHMXX01,2039,0.0
GLOBAL,PWROILKHMXX01,2040,0.0
GLOBAL,PWROILKHMXX01,2041,0.0
GLOBAL,PWROILKHMXX01,2042,0.0
GLOBAL,PWROILKHMXX01,2043,0.0
GLOBAL,PWROILKHMXX01,2044,0.0
GLOBAL,PWROILKHMXX01,2045,0.0
GLOBAL,PWROILKHMXX01,2046,0.0
GLOBAL,PWROILKHMXX01,2047,0.0
GLOBAL,PWROILKHMXX01,2048,0.0
GLOBAL,PWROILKHMXX01,2049,0.0
GLOBAL,PWROILKHMXX01,2050,0.0
GLOBAL,PWRSPVKHMXX01,2021,0.012
GLOBAL,PWRSPVKHMXX01,2022,0.012
GLOBAL,PWRSPVKHMXX01,2023,0.012
GLOBAL,PWRSPVKHMXX01,2024,0.012
GLOBAL,PWRSPVKHMXX01,2025,0.012
GLOBAL,PWRSPVKHMXX01,2026,0.012
GLOBAL,PWRSPVKHMXX01,2027,0.012
GLOBAL,PWRSPVKHMXX01,2028,0.012
GLOBAL,PWRSPVKHMXX01,2029,0.012
GLOBAL,PWRSPVKHMXX01,2030,0.012
GLOBAL,PWRSPVKHMXX01,2031,0.012
GLOBAL,PWRSPVKHMXX01,2032,0.012
GLOBAL,PWRSPVKHMXX01,2033,0.012
GLOBAL,PWRSPVKHMXX01,2034,0.012
GLOBAL,PWRSPVKHMXX01,2035,0.012
GLOBAL,PWRSPVKHMXX01,2036,0.012
GLOBAL,PWRSPVKHMXX01,2037,0.012
GLOBAL,PWRSPVKHMXX01,2038,0.012
GLOBAL,PWRSPVKHMXX01,2039,0.012
GLOBAL,PWRSPVKHMXX01,2040,0.012
GLOBAL,PWRSPVKHMXX01,2041,0.012
GLOBAL,PWRSPVKHMXX01,2042,0.012
GLOBAL,PWRSPVKHMXX01,2043,0.012
GLOBAL,PWRSPVKHMXX01,2044,0.012
GLOBAL,PWRSPVKHMXX01,2045,0.0
GLOBAL,PWRSPVKHMXX01,2046,0.0
GLOBAL,PWRSPVKHMXX01,2047,0.0
GLOBAL,PWRSPVKHMXX01,2048,0.0
GLOBAL,PWRSPVKHMXX01,2049,0.0
GLOBAL,PWRSPVKHMXX01,2050,0.0
GLOBAL,PWRWASKHMXX01,2021,0.025
GLOBAL,PWRWASKHMXX01,2022,0.025
GLOBAL,PWRWASKHMXX01,2023,0.025
GLOBAL,PWRWASKHMXX01,2024,0.025
GLOBAL,PWRWASKHMXX01,2025,0.025
GLOBAL,PWRWASKHMXX01,2026,0.025
GLOBAL,PWRWASKHMXX01,2027,0.025
GLOBAL,PWRWASKHMXX01,2028,0.025
GLOBAL,PWRWASKHMXX01,2029,0.025
GLOBAL,PWRWASKHMXX01,2030,0.025
GLOBAL,PWRWASKHMXX01,2031,0.025
GLOBAL,PWRWASKHMXX01,2032,0.025
GLOBAL,PWRWASKHMXX01,2033,0.025
GLOBAL,PWRWASKHMXX01,2034,0.025
GLOBAL,PWRWASKHMXX01,2035,0.025
GLOBAL,PWRWASKHMXX01,2036,0.025
GLOBAL,PWRWASKHMXX01,2037,0.025
GLOBAL,PWRWASKHMXX01,2038,0.025
GLOBAL,PWRWASKHMXX01,2039,0.025
GLOBAL,PWRWASKHMXX01,2040,0.025
GLOBAL,PWRWASKHMXX01,2041,0.025
GLOBAL,PWRWASKHMXX01,2042,0.025
GLOBAL,PWRWASKHMXX01,2043,0.025
GLOBAL,PWRWASKHMXX01,2044,0.025
GLOBAL,PWRWASKHMXX01,2045,0.0
GLOBAL,PWRWASKHMXX01,2046,0.0
GLOBAL,PWRWASKHMXX01,2047,0.0
GLOBAL,PWRWASKHMXX01,2048,0.0
GLOBAL,PWRWASKHMXX01,2049,0.0
GLOBAL,PWRWASKHMXX01,2050,0.0
GLOBAL,PWRBIOKORXX01,2021,0.8579
GLOBAL,PWRBIOKORXX01,2022,0.8579
GLOBAL,PWRBIOKORXX01,2023,0.8579
GLOBAL,PWRBIOKORXX01,2024,0.8579
GLOBAL,PWRBIOKORXX01,2025,0.8579
GLOBAL,PWRBIOKORXX01,2026,0.8579
GLOBAL,PWRBIOKORXX01,2027,0.8579
GLOBAL,PWRBIOKORXX01,2028,0.8579
GLOBAL,PWRBIOKORXX01,2029,0.8579
GLOBAL,PWRBIOKORXX01,2030,0.8579
GLOBAL,PWRBIOKORXX01,2031,0.8579
GLOBAL,PWRBIOKORXX01,2032,0.0
GLOBAL,PWRBIOKORXX01,2033,0.0
GLOBAL,PWRBIOKORXX01,2034,0.0
GLOBAL,PWRBIOKORXX01,2035,0.0
GLOBAL,PWRBIOKORXX01,2036,0.0
GLOBAL,PWRBIOKORXX01,2037,0.0
GLOBAL,PWRBIOKORXX01,2038,0.0
GLOBAL,PWRBIOKORXX01,2039,0.0
GLOBAL,PWRBIOKORXX01,2040,0.0
GLOBAL,PWRBIOKORXX01,2041,0.0
GLOBAL,PWRBIOKORXX01,2042,0.0
GLOBAL,PWRBIOKORXX01,2043,0.0
GLOBAL,PWRBIOKORXX01,2044,0.0
GLOBAL,PWRBIOKORXX01,2045,0.0
GLOBAL,PWRBIOKORXX01,2046,0.0
GLOBAL,PWRBIOKORXX01,2047,0.0
GLOBAL,PWRBIOKORXX01,2048,0.0
GLOBAL,PWRBIOKORXX01,2049,0.0
GLOBAL,PWRBIOKORXX01,2050,0.0
GLOBAL,PWRCCGKORXX00,2021,34.2961
GLOBAL,PWRCCGKORXX00,2022,34.2961
GLOBAL,PWRCCGKORXX00,2023,32.4961
GLOBAL,PWRCCGKORXX00,2024,32.4961
GLOBAL,PWRCCGKORXX00,2025,15.299
GLOBAL,PWRCCGKORXX00,2026,15.299
GLOBAL,PWRCCGKORXX00,2027,15.299
GLOBAL,PWRCCGKORXX00,2028,15.299
GLOBAL,PWRCCGKORXX00,2029,15.299
GLOBAL,PWRCCGKORXX00,2030,15.299
GLOBAL,PWRCCGKORXX00,2031,14.799
GLOBAL,PWRCCGKORXX00,2032,14.454
GLOBAL,PWRCCGKORXX00,2033,14.454
GLOBAL,PWRCCGKORXX00,2034,14.454
GLOBAL,PWRCCGKORXX00,2035,12.654
GLOBAL,PWRCCGKORXX00,2036,12.654
GLOBAL,PWRCCGKORXX00,2037,11.583
GLOBAL,PWRCCGKORXX00,2038,11.437
GLOBAL,PWRCCGKORXX00,2039,10.927
GLOBAL,PWRCCGKORXX00,2040,10.927
GLOBAL,PWRCCGKORXX00,2041,9.147
GLOBAL,PWRCCGKORXX00,2042,9.147
GLOBAL,PWRCCGKORXX00,2043,7.347
GLOBAL,PWRCCGKORXX00,2044,5.966
GLOBAL,PWRCCGKORXX00,2045,3.572
GLOBAL,PWRCCGKORXX00,2046,0.516
GLOBAL,PWRCCGKORXX00,2047,0.0
GLOBAL,PWRCCGKORXX00,2048,0.0
GLOBAL,PWRCCGKORXX00,2049,0.0
GLOBAL,PWRCCGKORXX00,2050,0.0
GLOBAL,PWRCOAKORXX01,2021,39.16
GLOBAL,PWRCOAKORXX01,2022,39.16
GLOBAL,PWRCOAKORXX01,2023,39.16
GLOBAL,PWRCOAKORXX01,2024,39.16
GLOBAL,PWRCOAKORXX01,2025,39.16
GLOBAL,PWRCOAKORXX01,2026,39.16
GLOBAL,PWRCOAKORXX01,2027,39.16
GLOBAL,PWRCOAKORXX01,2028,8.094
GLOBAL,PWRCOAKORXX01,2029,7.194
GLOBAL,PWRCOAKORXX01,2030,7.194
GLOBAL,PWRCOAKORXX01,2031,7.044
GLOBAL,PWRCOAKORXX01,2032,7.044
GLOBAL,PWRCOAKORXX01,2033,7.044
GLOBAL,PWRCOAKORXX01,2034,6.644
GLOBAL,PWRCOAKORXX01,2035,6.644
GLOBAL,PWRCOAKORXX01,2036,6.644
GLOBAL,PWRCOAKORXX01,2037,6.644
GLOBAL,PWRCOAKORXX01,2038,6.644
GLOBAL,PWRCOAKORXX01,2039,6.644
GLOBAL,PWRCOAKORXX01,2040,6.644
GLOBAL,PWRCOAKORXX01,2041,6.644
GLOBAL,PWRCOAKORXX01,2042,5.966
GLOBAL,PWRCOAKORXX01,2043,5.966
GLOBAL,PWRCOAKORXX01,2044,5.966
GLOBAL,PWRCOAKORXX01,2045,5.544
GLOBAL,PWRCOAKORXX01,2046,5.544
GLOBAL,PWRCOAKORXX01,2047,3.194
GLOBAL,PWRCOAKORXX01,2048,0.0
GLOBAL,PWRCOAKORXX01,2049,0.0
GLOBAL,PWRCOAKORXX01,2050,0.0
GLOBAL,PWRHYDKORXX01,2021,6.063
GLOBAL,PWRHYDKORXX01,2022,6.063
GLOBAL,PWRHYDKORXX01,2023,6.063
GLOBAL,PWRHYDKORXX01,2024,6.063
GLOBAL,PWRHYDKORXX01,2025,6.063
GLOBAL,PWRHYDKORXX01,2026,6.063
GLOBAL,PWRHYDKORXX01,2027,6.063
GLOBAL,PWRHYDKORXX01,2028,6.063
GLOBAL,PWRHYDKORXX01,2029,6.063
GLOBAL,PWRHYDKORXX01,2030,6.063
GLOBAL,PWRHYDKORXX01,2031,6.063
GLOBAL,PWRHYDKORXX01,2032,6.063
GLOBAL,PWRHYDKORXX01,2033,6.063
GLOBAL,PWRHYDKORXX01,2034,6.063
GLOBAL,PWRHYDKORXX01,2035,6.063
GLOBAL,PWRHYDKORXX01,2036,6.063
GLOBAL,PWRHYDKORXX01,2037,6.063
GLOBAL,PWRHYDKORXX01,2038,6.063
GLOBAL,PWRHYDKORXX01,2039,6.063
GLOBAL,PWRHYDKORXX01,2040,6.063
GLOBAL,PWRHYDKORXX01,2041,6.063
GLOBAL,PWRHYDKORXX01,2042,6.063
GLOBAL,PWRHYDKORXX01,2043,6.063
GLOBAL,PWRHYDKORXX01,2044,6.063
GLOBAL,PWRHYDKORXX01,2045,5.955
GLOBAL,PWRHYDKORXX01,2046,5.955
GLOBAL,PWRHYDKORXX01,2047,5.955
GLOBAL,PWRHYDKORXX01,2048,5.955
GLOBAL,PWRHYDKORXX01,2049,5.955
GLOBAL,PWRHYDKORXX01,2050,5.955
GLOBAL,PWROCGKORXX00,2021,0.312
GLOBAL,PWROCGKORXX00,2022,0.312
GLOBAL,PWROCGKORXX00,2023,0.312
GLOBAL,PWROCGKORXX00,2024,0.312
GLOBAL,PWROCGKORXX00,2025,0.198
GLOBAL,PWROCGKORXX00,2026,0.198
GLOBAL,PWROCGKORXX00,2027,0.198
GLOBAL,PWROCGKORXX00,2028,0.198
GLOBAL,PWROCGKORXX00,2029,0.198
GLOBAL,PWROCGKORXX00,2030,0.198
GLOBAL,PWROCGKORXX00,2031,0.198
GLOBAL,PWROCGKORXX00,2032,0.198
GLOBAL,PWROCGKORXX00,2033,0.198
GLOBAL,PWROCGKORXX00,2034,0.118
GLOBAL,PWROCGKORXX00,2035,0.118
GLOBAL,PWROCGKORXX00,2036,0.118
GLOBAL,PWROCGKORXX00,2037,0.118
GLOBAL,PWROCGKORXX00,2038,0.118
GLOBAL,PWROCGKORXX00,2039,0.118
GLOBAL,PWROCGKORXX00,2040,0.118
GLOBAL,PWROCGKORXX00,2041,0.118
GLOBAL,PWROCGKORXX00,2042,0.0
GLOBAL,PWROCGKORXX00,2043,0.0
GLOBAL,PWROCGKORXX00,2044,0.0
GLOBAL,PWROCGKORXX00,2045,0.0
GLOBAL,PWROCGKORXX00,2046,0.0
GLOBAL,PWROCGKORXX00,2047,0.0
GLOBAL,PWROCGKORXX00,2048,0.0
GLOBAL,PWROCGKORXX00,2049,0.0
GLOBAL,PWROCGKORXX00,2050,0.0
GLOBAL,PWROILKORXX01,2021,4.655
GLOBAL,PWROILKORXX01,2022,4.655
GLOBAL,PWROILKORXX01,2023,4.655
GLOBAL,PWROILKORXX01,2024,4.655
GLOBAL,PWROILKORXX01,2025,4.655
GLOBAL,PWROILKORXX01,2026,4.655
GLOBAL,PWROILKORXX01,2027,0.0
GLOBAL,PWROILKORXX01,2028,0.0
GLOBAL,PWROILKORXX01,2029,0.0
GLOBAL,PWROILKORXX01,2030,0.0
GLOBAL,PWROILKORXX01,2031,0.0
GLOBAL,PWROILKORXX01,2032,0.0
GLOBAL,PWROILKORXX01,2033,0.0
GLOBAL,PWROILKORXX01,2034,0.0
GLOBAL,PWROILKORXX01,2035,0.0
GLOBAL,PWROILKORXX01,2036,0.0
GLOBAL,PWROILKORXX01,2037,0.0
GLOBAL,PWROILKORXX01,2038,0.0
GLOBAL,PWROILKORXX01,2039,0.0
GLOBAL,PWROILKORXX01,2040,0.0
GLOBAL,PWROILKORXX01,2041,0.0
GLOBAL,PWROILKORXX01,2042,0.0
GLOBAL,PWROILKORXX01,2043,0.0
GLOBAL,PWROILKORXX01,2044,0.0
GLOBAL,PWROILKORXX01,2045,0.0
GLOBAL,PWROILKORXX01,2046,0.0
GLOBAL,PWROILKORXX01,2047,0.0
GLOBAL,PWROILKORXX01,2048,0.0
GLOBAL,PWROILKORXX01,2049,0.0
GLOBAL,PWROILKORXX01,2050,0.0
GLOBAL,PWRSPVKORXX01,2021,3.5334
GLOBAL,PWRSPVKORXX01,2022,3.5334
GLOBAL,PWRSPVKORXX01,2023,3.5334
GLOBAL,PWRSPVKORXX01,2024,3.5334
GLOBAL,PWRSPVKORXX01,2025,3.5334
GLOBAL,PWRSPVKORXX01,2026,3.5334
GLOBAL,PWRSPVKORXX01,2027,3.5334
GLOBAL,PWRSPVKORXX01,2028,3.5334
GLOBAL,PWRSPVKORXX01,2029,3.5334
GLOBAL,PWRSPVKORXX01,2030,3.5334
GLOBAL,PWRSPVKORXX01,2031,3.5334
GLOBAL,PWRSPVKORXX01,2032,3.5334
GLOBAL,PWRSPVKORXX01,2033,3.5334
GLOBAL,PWRSPVKORXX01,2034,3.5334
GLOBAL,PWRSPVKORXX01,2035,3.5334
GLOBAL,PWRSPVKORXX01,2036,3.5334
GLOBAL,PWRSPVKORXX01,2037,3.5334
GLOBAL,PWRSPVKORXX01,2038,3.5334
GLOBAL,PWRSPVKORXX01,2039,3.5334
GLOBAL,PWRSPVKORXX01,2040,3.5334
GLOBAL,PWRSPVKORXX01,2041,3.5334
GLOBAL,PWRSPVKORXX01,2042,3.5334
GLOBAL,PWRSPVKORXX01,2043,3.5334
GLOBAL,PWRSPVKORXX01,2044,3.5334
GLOBAL,PWRSPVKORXX01,2045,0.0
GLOBAL,PWRSPVKORXX01,2046,0.0
GLOBAL,PWRSPVKORXX01,2047,0.0
GLOBAL,PWRSPVKORXX01,2048,0.0
GLOBAL,PWRSPVKORXX01,2049,0.0
GLOBAL,PWRSPVKORXX01,2050,0.0
GLOBAL,PWRURNKORXX01,2021,23.08
GLOBAL,PWRURNKORXX01,2022,23.08
GLOBAL,PWRURNKORXX01,2023,23.08
GLOBAL,PWRURNKORXX01,2024,23.08
GLOBAL,PWRURNKORXX01,2025,23.08
GLOBAL,PWRURNKORXX01,2026,23.08
GLOBAL,PWRURNKORXX01,2027,23.08
GLOBAL,PWRURNKORXX01,2028,23.08
GLOBAL,PWRURNKORXX01,2029,23.08
GLOBAL,PWRURNKORXX01,2030,23.08
GLOBAL,PWRURNKORXX01,2031,23.08
GLOBAL,PWRURNKORXX01,2032,23.08
GLOBAL,PWRURNKORXX01,2033,23.08
GLOBAL,PWRURNKORXX01,2034,23.08
GLOBAL,PWRURNKORXX01,2035,23.08
GLOBAL,PWRURNKORXX01,2036,23.08
GLOBAL,PWRURNKORXX01,2037,23.08
GLOBAL,PWRURNKORXX01,2038,23.08
GLOBAL,PWRURNKORXX01,2039,23.08
GLOBAL,PWRURNKORXX01,2040,23.08
GLOBAL,PWRURNKORXX01,2041,23.08
GLOBAL,PWRURNKORXX01,2042,23.08
GLOBAL,PWRURNKORXX01,2043,23.08
GLOBAL,PWRURNKORXX01,2044,23.08
GLOBAL,PWRURNKORXX01,2045,2.0
GLOBAL,PWRURNKORXX01,2046,2.0
GLOBAL,PWRURNKORXX01,2047,2.0
GLOBAL,PWRURNKORXX01,2048,2.0
GLOBAL,PWRURNKORXX01,2049,2.0
GLOBAL,PWRURNKORXX01,2050,2.0
GLOBAL,PWRWASKORXX01,2021,0.069
GLOBAL,PWRWASKORXX01,2022,0.069
GLOBAL,PWRWASKORXX01,2023,0.069
GLOBAL,PWRWASKORXX01,2024,0.069
GLOBAL,PWRWASKORXX01,2025,0.069
GLOBAL,PWRWASKORXX01,2026,0.069
GLOBAL,PWRWASKORXX01,2027,0.069
GLOBAL,PWRWASKORXX01,2028,0.069
GLOBAL,PWRWASKORXX01,2029,0.069
GLOBAL,PWRWASKORXX01,2030,0.069
GLOBAL,PWRWASKORXX01,2031,0.069
GLOBAL,PWRWASKORXX01,2032,0.0
GLOBAL,PWRWASKORXX01,2033,0.0
GLOBAL,PWRWASKORXX01,2034,0.0
GLOBAL,PWRWASKORXX01,2035,0.0
GLOBAL,PWRWASKORXX01,2036,0.0
GLOBAL,PWRWASKORXX01,2037,0.0
GLOBAL,PWRWASKORXX01,2038,0.0
GLOBAL,PWRWASKORXX01,2039,0.0
GLOBAL,PWRWASKORXX01,2040,0.0
GLOBAL,PWRWASKORXX01,2041,0.0
GLOBAL,PWRWASKORXX01,2042,0.0
GLOBAL,PWRWASKORXX01,2043,0.0
GLOBAL,PWRWASKORXX01,2044,0.0
GLOBAL,PWRWASKORXX01,2045,0.0
GLOBAL,PWRWASKORXX01,2046,0.0
GLOBAL,PWRWASKORXX01,2047,0.0
GLOBAL,PWRWASKORXX01,2048,0.0
GLOBAL,PWRWASKORXX01,2049,0.0
GLOBAL,PWRWASKORXX01,2050,0.0
GLOBAL,PWRWAVKORXX01,2021,0.447
GLOBAL,PWRWAVKORXX01,2022,0.0
GLOBAL,PWRWAVKORXX01,2023,0.0
GLOBAL,PWRWAVKORXX01,2024,0.0
GLOBAL,PWRWAVKORXX01,2025,0.0
GLOBAL,PWRWAVKORXX01,2026,0.0
GLOBAL,PWRWAVKORXX01,2027,0.0
GLOBAL,PWRWAVKORXX01,2028,0.0
GLOBAL,PWRWAVKORXX01,2029,0.0
GLOBAL,PWRWAVKORXX01,2030,0.0
GLOBAL,PWRWAVKORXX01,2031,0.0
GLOBAL,PWRWAVKORXX01,2032,0.0
GLOBAL,PWRWAVKORXX01,2033,0.0
GLOBAL,PWRWAVKORXX01,2034,0.0
GLOBAL,PWRWAVKORXX01,2035,0.0
GLOBAL,PWRWAVKORXX01,2036,0.0
GLOBAL,PWRWAVKORXX01,2037,0.0
GLOBAL,PWRWAVKORXX01,2038,0.0
GLOBAL,PWRWAVKORXX01,2039,0.0
GLOBAL,PWRWAVKORXX01,2040,0.0
GLOBAL,PWRWAVKORXX01,2041,0.0
GLOBAL,PWRWAVKORXX01,2042,0.0
GLOBAL,PWRWAVKORXX01,2043,0.0
GLOBAL,PWRWAVKORXX01,2044,0.0
GLOBAL,PWRWAVKORXX01,2045,0.0
GLOBAL,PWRWAVKORXX01,2046,0.0
GLOBAL,PWRWAVKORXX01,2047,0.0
GLOBAL,PWRWAVKORXX01,2048,0.0
GLOBAL,PWRWAVKORXX01,2049,0.0
GLOBAL,PWRWAVKORXX01,2050,0.0
GLOBAL,PWRWONKORXX01,2021,0.7689
GLOBAL,PWRWONKORXX01,2022,0.7689
GLOBAL,PWRWONKORXX01,2023,0.7689
GLOBAL,PWRWONKORXX01,2024,0.7689
GLOBAL,PWRWONKORXX01,2025,0.7689
GLOBAL,PWRWONKORXX01,2026,0.7689
GLOBAL,PWRWONKORXX01,2027,0.7689
GLOBAL,PWRWONKORXX01,2028,0.7689
GLOBAL,PWRWONKORXX01,2029,0.7689
GLOBAL,PWRWONKORXX01,2030,0.7689
GLOBAL,PWRWONKORXX01,2031,0.7689
GLOBAL,PWRWONKORXX01,2032,0.7689
GLOBAL,PWRWONKORXX01,2033,0.7689
GLOBAL,PWRWONKORXX01,2034,0.7689
GLOBAL,PWRWONKORXX01,2035,0.7689
GLOBAL,PWRWONKORXX01,2036,0.6709
GLOBAL,PWRWONKORXX01,2037,0.6709
GLOBAL,PWRWONKORXX01,2038,0.6709
GLOBAL,PWRWONKORXX01,2039,0.6709
GLOBAL,PWRWONKORXX01,2040,0.03
GLOBAL,PWRWONKORXX01,2041,0.03
GLOBAL,PWRWONKORXX01,2042,0.03
GLOBAL,PWRWONKORXX01,2043,0.03
GLOBAL,PWRWONKORXX01,2044,0.03
GLOBAL,PWRWONKORXX01,2045,0.03
GLOBAL,PWRWONKORXX01,2046,0.03
GLOBAL,PWRWONKORXX01,2047,0.03
GLOBAL,PWRWONKORXX01,2048,0.0
GLOBAL,PWRWONKORXX01,2049,0.0
GLOBAL,PWRWONKORXX01,2050,0.0
GLOBAL,PWRCOAKOSXX01,2021,1.479
GLOBAL,PWRCOAKOSXX01,2022,1.479
GLOBAL,PWRCOAKOSXX01,2023,1.479
GLOBAL,PWRCOAKOSXX01,2024,1.479
GLOBAL,PWRCOAKOSXX01,2025,1.479
GLOBAL,PWRCOAKOSXX01,2026,1.479
GLOBAL,PWRCOAKOSXX01,2027,1.479
GLOBAL,PWRCOAKOSXX01,2028,0.0
GLOBAL,PWRCOAKOSXX01,2029,0.0
GLOBAL,PWRCOAKOSXX01,2030,0.0
GLOBAL,PWRCOAKOSXX01,2031,0.0
GLOBAL,PWRCOAKOSXX01,2032,0.0
GLOBAL,PWRCOAKOSXX01,2033,0.0
GLOBAL,PWRCOAKOSXX01,2034,0.0
GLOBAL,PWRCOAKOSXX01,2035,0.0
GLOBAL,PWRCOAKOSXX01,2036,0.0
GLOBAL,PWRCOAKOSXX01,2037,0.0
GLOBAL,PWRCOAKOSXX01,2038,0.0
GLOBAL,PWRCOAKOSXX01,2039,0.0
GLOBAL,PWRCOAKOSXX01,2040,0.0
GLOBAL,PWRCOAKOSXX01,2041,0.0
GLOBAL,PWRCOAKOSXX01,2042,0.0
GLOBAL,PWRCOAKOSXX01,2043,0.0
GLOBAL,PWRCOAKOSXX01,2044,0.0
GLOBAL,PWRCOAKOSXX01,2045,0.0
GLOBAL,PWRCOAKOSXX01,2046,0.0
GLOBAL,PWRCOAKOSXX01,2047,0.0
GLOBAL,PWRCOAKOSXX01,2048,0.0
GLOBAL,PWRCOAKOSXX01,2049,0.0
GLOBAL,PWRCOAKOSXX01,2050,0.0
GLOBAL,PWRHYDKOSXX01,2021,0.046
GLOBAL,PWRHYDKOSXX01,2022,0.046
GLOBAL,PWRHYDKOSXX01,2023,0.046
GLOBAL,PWRHYDKOSXX01,2024,0.046
GLOBAL,PWRHYDKOSXX01,2025,0.046
GLOBAL,PWRHYDKOSXX01,2026,0.046
GLOBAL,PWRHYDKOSXX01,2027,0.046
GLOBAL,PWRHYDKOSXX01,2028,0.046
GLOBAL,PWRHYDKOSXX01,2029,0.046
GLOBAL,PWRHYDKOSXX01,2030,0.046
GLOBAL,PWRHYDKOSXX01,2031,0.046
GLOBAL,PWRHYDKOSXX01,2032,0.046
GLOBAL,PWRHYDKOSXX01,2033,0.046
GLOBAL,PWRHYDKOSXX01,2034,0.046
GLOBAL,PWRHYDKOSXX01,2035,0.046
GLOBAL,PWRHYDKOSXX01,2036,0.046
GLOBAL,PWRHYDKOSXX01,2037,0.046
GLOBAL,PWRHYDKOSXX01,2038,0.046
GLOBAL,PWRHYDKOSXX01,2039,0.046
GLOBAL,PWRHYDKOSXX01,2040,0.046
GLOBAL,PWRHYDKOSXX01,2041,0.046
GLOBAL,PWRHYDKOSXX01,2042,0.046
GLOBAL,PWRHYDKOSXX01,2043,0.046
GLOBAL,PWRHYDKOSXX01,2044,0.046
GLOBAL,PWRHYDKOSXX01,2045,0.046
GLOBAL,PWRHYDKOSXX01,2046,0.046
GLOBAL,PWRHYDKOSXX01,2047,0.046
GLOBAL,PWRHYDKOSXX01,2048,0.046
GLOBAL,PWRHYDKOSXX01,2049,0.046
GLOBAL,PWRHYDKOSXX01,2050,0.046
GLOBAL,PWRCCGKWTXX00,2021,9.1935
GLOBAL,PWRCCGKWTXX00,2022,9.1935
GLOBAL,PWRCCGKWTXX00,2023,9.1935
GLOBAL,PWRCCGKWTXX00,2024,9.1935
GLOBAL,PWRCCGKWTXX00,2025,0.252
GLOBAL,PWRCCGKWTXX00,2026,0.252
GLOBAL,PWRCCGKWTXX00,2027,0.252
GLOBAL,PWRCCGKWTXX00,2028,0.252
GLOBAL,PWRCCGKWTXX00,2029,0.252
GLOBAL,PWRCCGKWTXX00,2030,0.252
GLOBAL,PWRCCGKWTXX00,2031,0.252
GLOBAL,PWRCCGKWTXX00,2032,0.252
GLOBAL,PWRCCGKWTXX00,2033,0.252
GLOBAL,PWRCCGKWTXX00,2034,0.252
GLOBAL,PWRCCGKWTXX00,2035,0.252
GLOBAL,PWRCCGKWTXX00,2036,0.252
GLOBAL,PWRCCGKWTXX00,2037,0.252
GLOBAL,PWRCCGKWTXX00,2038,0.0
GLOBAL,PWRCCGKWTXX00,2039,0.0
GLOBAL,PWRCCGKWTXX00,2040,0.0
GLOBAL,PWRCCGKWTXX00,2041,0.0
GLOBAL,PWRCCGKWTXX00,2042,0.0
GLOBAL,PWRCCGKWTXX00,2043,0.0
GLOBAL,PWRCCGKWTXX00,2044,0.0
GLOBAL,PWRCCGKWTXX00,2045,0.0
GLOBAL,PWRCCGKWTXX00,2046,0.0
GLOBAL,PWRCCGKWTXX00,2047,0.0
GLOBAL,PWRCCGKWTXX00,2048,0.0
GLOBAL,PWRCCGKWTXX00,2049,0.0
GLOBAL,PWRCCGKWTXX00,2050,0.0
GLOBAL,PWROILKWTXX01,2021,9.071
GLOBAL,PWROILKWTXX01,2022,9.071
GLOBAL,PWROILKWTXX01,2023,9.071
GLOBAL,PWROILKWTXX01,2024,9.071
GLOBAL,PWROILKWTXX01,2025,9.071
GLOBAL,PWROILKWTXX01,2026,9.071
GLOBAL,PWROILKWTXX01,2027,0.0
GLOBAL,PWROILKWTXX01,2028,0.0
GLOBAL,PWROILKWTXX01,2029,0.0
GLOBAL,PWROILKWTXX01,2030,0.0
GLOBAL,PWROILKWTXX01,2031,0.0
GLOBAL,PWROILKWTXX01,2032,0.0
GLOBAL,PWROILKWTXX01,2033,0.0
GLOBAL,PWROILKWTXX01,2034,0.0
GLOBAL,PWROILKWTXX01,2035,0.0
GLOBAL,PWROILKWTXX01,2036,0.0
GLOBAL,PWROILKWTXX01,2037,0.0
GLOBAL,PWROILKWTXX01,2038,0.0
GLOBAL,PWROILKWTXX01,2039,0.0
GLOBAL,PWROILKWTXX01,2040,0.0
GLOBAL,PWROILKWTXX01,2041,0.0
GLOBAL,PWROILKWTXX01,2042,0.0
GLOBAL,PWROILKWTXX01,2043,0.0
GLOBAL,PWROILKWTXX01,2044,0.0
GLOBAL,PWROILKWTXX01,2045,0.0
GLOBAL,PWROILKWTXX01,2046,0.0
GLOBAL,PWROILKWTXX01,2047,0.0
GLOBAL,PWROILKWTXX01,2048,0.0
GLOBAL,PWROILKWTXX01,2049,0.0
GLOBAL,PWROILKWTXX01,2050,0.0
GLOBAL,PWRBIOLAOXX01,2021,0.03
GLOBAL,PWRBIOLAOXX01,2022,0.03
GLOBAL,PWRBIOLAOXX01,2023,0.03
GLOBAL,PWRBIOLAOXX01,2024,0.03
GLOBAL,PWRBIOLAOXX01,2025,0.03
GLOBAL,PWRBIOLAOXX01,2026,0.03
GLOBAL,PWRBIOLAOXX01,2027,0.03
GLOBAL,PWRBIOLAOXX01,2028,0.03
GLOBAL,PWRBIOLAOXX01,2029,0.03
GLOBAL,PWRBIOLAOXX01,2030,0.03
GLOBAL,PWRBIOLAOXX01,2031,0.03
GLOBAL,PWRBIOLAOXX01,2032,0.0
GLOBAL,PWRBIOLAOXX01,2033,0.0
GLOBAL,PWRBIOLAOXX01,2034,0.0
GLOBAL,PWRBIOLAOXX01,2035,0.0
GLOBAL,PWRBIOLAOXX01,2036,0.0
GLOBAL,PWRBIOLAOXX01,2037,0.0
GLOBAL,PWRBIOLAOXX01,2038,0.0
GLOBAL,PWRBIOLAOXX01,2039,0.0
GLOBAL,PWRBIOLAOXX01,2040,0.0
GLOBAL,PWRBIOLAOXX01,2041,0.0
GLOBAL,PWRBIOLAOXX01,2042,0.0
GLOBAL,PWRBIOLAOXX01,2043,0.0
GLOBAL,PWRBIOLAOXX01,2044,0.0
GLOBAL,PWRBIOLAOXX01,2045,0.0
GLOBAL,PWRBIOLAOXX01,2046,0.0
GLOBAL,PWRBIOLAOXX01,2047,0.0
GLOBAL,PWRBIOLAOXX01,2048,0.0
GLOBAL,PWRBIOLAOXX01,2049,0.0
GLOBAL,PWRBIOLAOXX01,2050,0.0
GLOBAL,PWRCOALAOXX01,2021,1.876
GLOBAL,PWRCOALAOXX01,2022,1.876
GLOBAL,PWRCOALAOXX01,2023,1.876
GLOBAL,PWRCOALAOXX01,2024,1.876
GLOBAL,PWRCOALAOXX01,2025,1.876
GLOBAL,PWRCOALAOXX01,2026,1.876
GLOBAL,PWRCOALAOXX01,2027,1.876
GLOBAL,PWRCOALAOXX01,2028,1.876
GLOBAL,PWRCOALAOXX01,2029,1.876
GLOBAL,PWRCOALAOXX01,2030,1.876
GLOBAL,PWRCOALAOXX01,2031,1.876
GLOBAL,PWRCOALAOXX01,2032,1.876
GLOBAL,PWRCOALAOXX01,2033,1.876
GLOBAL,PWRCOALAOXX01,2034,1.876
GLOBAL,PWRCOALAOXX01,2035,1.876
GLOBAL,PWRCOALAOXX01,2036,1.876
GLOBAL,PWRCOALAOXX01,2037,1.876
GLOBAL,PWRCOALAOXX01,2038,1.876
GLOBAL,PWRCOALAOXX01,2039,1.876
GLOBAL,PWRCOALAOXX01,2040,1.876
GLOBAL,PWRCOALAOXX01,2041,1.876
GLOBAL,PWRCOALAOXX01,2042,1.876
GLOBAL,PWRCOALAOXX01,2043,1.876
GLOBAL,PWRCOALAOXX01,2044,1.876
GLOBAL,PWRCOALAOXX01,2045,1.876
GLOBAL,PWRCOALAOXX01,2046,1.876
GLOBAL,PWRCOALAOXX01,2047,0.0
GLOBAL,PWRCOALAOXX01,2048,0.0
GLOBAL,PWRCOALAOXX01,2049,0.0
GLOBAL,PWRCOALAOXX01,2050,0.0
GLOBAL,PWRHYDLAOXX01,2021,4.4621
GLOBAL,PWRHYDLAOXX01,2022,4.4621
GLOBAL,PWRHYDLAOXX01,2023,4.4621
GLOBAL,PWRHYDLAOXX01,2024,4.4621
GLOBAL,PWRHYDLAOXX01,2025,4.4621
GLOBAL,PWRHYDLAOXX01,2026,4.4621
GLOBAL,PWRHYDLAOXX01,2027,4.4621
GLOBAL,PWRHYDLAOXX01,2028,4.4621
GLOBAL,PWRHYDLAOXX01,2029,4.4621
GLOBAL,PWRHYDLAOXX01,2030,4.4621
GLOBAL,PWRHYDLAOXX01,2031,4.4621
GLOBAL,PWRHYDLAOXX01,2032,4.4621
GLOBAL,PWRHYDLAOXX01,2033,4.4621
GLOBAL,PWRHYDLAOXX01,2034,4.4621
GLOBAL,PWRHYDLAOXX01,2035,4.4621
GLOBAL,PWRHYDLAOXX01,2036,4.4621
GLOBAL,PWRHYDLAOXX01,2037,4.4621
GLOBAL,PWRHYDLAOXX01,2038,4.4621
GLOBAL,PWRHYDLAOXX01,2039,4.4621
GLOBAL,PWRHYDLAOXX01,2040,4.4621
GLOBAL,PWRHYDLAOXX01,2041,4.4621
GLOBAL,PWRHYDLAOXX01,2042,4.4621
GLOBAL,PWRHYDLAOXX01,2043,4.4621
GLOBAL,PWRHYDLAOXX01,2044,4.4621
GLOBAL,PWRHYDLAOXX01,2045,4.4621
GLOBAL,PWRHYDLAOXX01,2046,4.4621
GLOBAL,PWRHYDLAOXX01,2047,4.4621
GLOBAL,PWRHYDLAOXX01,2048,4.4621
GLOBAL,PWRHYDLAOXX01,2049,4.4621
GLOBAL,PWRHYDLAOXX01,2050,4.4621
GLOBAL,PWRCCGLBNXX00,2021,0.94
GLOBAL,PWRCCGLBNXX00,2022,0.94
GLOBAL,PWRCCGLBNXX00,2023,0.94
GLOBAL,PWRCCGLBNXX00,2024,0.94
GLOBAL,PWRCCGLBNXX00,2025,0.94
GLOBAL,PWRCCGLBNXX00,2026,0.94
GLOBAL,PWRCCGLBNXX00,2027,0.94
GLOBAL,PWRCCGLBNXX00,2028,0.94
GLOBAL,PWRCCGLBNXX00,2029,0.0
GLOBAL,PWRCCGLBNXX00,2030,0.0
GLOBAL,PWRCCGLBNXX00,2031,0.0
GLOBAL,PWRCCGLBNXX00,2032,0.0
GLOBAL,PWRCCGLBNXX00,2033,0.0
GLOBAL,PWRCCGLBNXX00,2034,0.0
GLOBAL,PWRCCGLBNXX00,2035,0.0
GLOBAL,PWRCCGLBNXX00,2036,0.0
GLOBAL,PWRCCGLBNXX00,2037,0.0
GLOBAL,PWRCCGLBNXX00,2038,0.0
GLOBAL,PWRCCGLBNXX00,2039,0.0
GLOBAL,PWRCCGLBNXX00,2040,0.0
GLOBAL,PWRCCGLBNXX00,2041,0.0
GLOBAL,PWRCCGLBNXX00,2042,0.0
GLOBAL,PWRCCGLBNXX00,2043,0.0
GLOBAL,PWRCCGLBNXX00,2044,0.0
GLOBAL,PWRCCGLBNXX00,2045,0.0
GLOBAL,PWRCCGLBNXX00,2046,0.0
GLOBAL,PWRCCGLBNXX00,2047,0.0
GLOBAL,PWRCCGLBNXX00,2048,0.0
GLOBAL,PWRCCGLBNXX00,2049,0.0
GLOBAL,PWRCCGLBNXX00,2050,0.0
GLOBAL,PWRHYDLBNXX01,2021,0.285
GLOBAL,PWRHYDLBNXX01,2022,0.285
GLOBAL,PWRHYDLBNXX01,2023,0.285
GLOBAL,PWRHYDLBNXX01,2024,0.285
GLOBAL,PWRHYDLBNXX01,2025,0.285
GLOBAL,PWRHYDLBNXX01,2026,0.285
GLOBAL,PWRHYDLBNXX01,2027,0.285
GLOBAL,PWRHYDLBNXX01,2028,0.285
GLOBAL,PWRHYDLBNXX01,2029,0.285
GLOBAL,PWRHYDLBNXX01,2030,0.285
GLOBAL,PWRHYDLBNXX01,2031,0.285
GLOBAL,PWRHYDLBNXX01,2032,0.285
GLOBAL,PWRHYDLBNXX01,2033,0.285
GLOBAL,PWRHYDLBNXX01,2034,0.285
GLOBAL,PWRHYDLBNXX01,2035,0.285
GLOBAL,PWRHYDLBNXX01,2036,0.285
GLOBAL,PWRHYDLBNXX01,2037,0.285
GLOBAL,PWRHYDLBNXX01,2038,0.285
GLOBAL,PWRHYDLBNXX01,2039,0.285
GLOBAL,PWRHYDLBNXX01,2040,0.285
GLOBAL,PWRHYDLBNXX01,2041,0.285
GLOBAL,PWRHYDLBNXX01,2042,0.285
GLOBAL,PWRHYDLBNXX01,2043,0.285
GLOBAL,PWRHYDLBNXX01,2044,0.285
GLOBAL,PWRHYDLBNXX01,2045,0.285
GLOBAL,PWRHYDLBNXX01,2046,0.285
GLOBAL,PWRHYDLBNXX01,2047,0.285
GLOBAL,PWRHYDLBNXX01,2048,0.285
GLOBAL,PWRHYDLBNXX01,2049,0.285
GLOBAL,PWRHYDLBNXX01,2050,0.285
GLOBAL,PWROILLBNXX01,2021,1.13
GLOBAL,PWROILLBNXX01,2022,1.13
GLOBAL,PWROILLBNXX01,2023,1.13
GLOBAL,PWROILLBNXX01,2024,1.13
GLOBAL,PWROILLBNXX01,2025,1.13
GLOBAL,PWROILLBNXX01,2026,1.13
GLOBAL,PWROILLBNXX01,2027,1.06
GLOBAL,PWROILLBNXX01,2028,1.06
GLOBAL,PWROILLBNXX01,2029,0.712
GLOBAL,PWROILLBNXX01,2030,0.712
GLOBAL,PWROILLBNXX01,2031,0.712
GLOBAL,PWROILLBNXX01,2032,0.712
GLOBAL,PWROILLBNXX01,2033,0.712
GLOBAL,PWROILLBNXX01,2034,0.0
GLOBAL,PWROILLBNXX01,2035,0.0
GLOBAL,PWROILLBNXX01,2036,0.0
GLOBAL,PWROILLBNXX01,2037,0.0
GLOBAL,PWROILLBNXX01,2038,0.0
GLOBAL,PWROILLBNXX01,2039,0.0
GLOBAL,PWROILLBNXX01,2040,0.0
GLOBAL,PWROILLBNXX01,2041,0.0
GLOBAL,PWROILLBNXX01,2042,0.0
GLOBAL,PWROILLBNXX01,2043,0.0
GLOBAL,PWROILLBNXX01,2044,0.0
GLOBAL,PWROILLBNXX01,2045,0.0
GLOBAL,PWROILLBNXX01,2046,0.0
GLOBAL,PWROILLBNXX01,2047,0.0
GLOBAL,PWROILLBNXX01,2048,0.0
GLOBAL,PWROILLBNXX01,2049,0.0
GLOBAL,PWROILLBNXX01,2050,0.0
GLOBAL,PWRHYDLBRXX01,2021,0.06
GLOBAL,PWRHYDLBRXX01,2022,0.06
GLOBAL,PWRHYDLBRXX01,2023,0.06
GLOBAL,PWRHYDLBRXX01,2024,0.06
GLOBAL,PWRHYDLBRXX01,2025,0.06
GLOBAL,PWRHYDLBRXX01,2026,0.06
GLOBAL,PWRHYDLBRXX01,2027,0.06
GLOBAL,PWRHYDLBRXX01,2028,0.06
GLOBAL,PWRHYDLBRXX01,2029,0.06
GLOBAL,PWRHYDLBRXX01,2030,0.06
GLOBAL,PWRHYDLBRXX01,2031,0.06
GLOBAL,PWRHYDLBRXX01,2032,0.06
GLOBAL,PWRHYDLBRXX01,2033,0.06
GLOBAL,PWRHYDLBRXX01,2034,0.06
GLOBAL,PWRHYDLBRXX01,2035,0.06
GLOBAL,PWRHYDLBRXX01,2036,0.06
GLOBAL,PWRHYDLBRXX01,2037,0.06
GLOBAL,PWRHYDLBRXX01,2038,0.06
GLOBAL,PWRHYDLBRXX01,2039,0.06
GLOBAL,PWRHYDLBRXX01,2040,0.06
GLOBAL,PWRHYDLBRXX01,2041,0.06
GLOBAL,PWRHYDLBRXX01,2042,0.06
GLOBAL,PWRHYDLBRXX01,2043,0.06
GLOBAL,PWRHYDLBRXX01,2044,0.06
GLOBAL,PWRHYDLBRXX01,2045,0.06
GLOBAL,PWRHYDLBRXX01,2046,0.06
GLOBAL,PWRHYDLBRXX01,2047,0.06
GLOBAL,PWRHYDLBRXX01,2048,0.06
GLOBAL,PWRHYDLBRXX01,2049,0.06
GLOBAL,PWRHYDLBRXX01,2050,0.06
GLOBAL,PWROILLBRXX01,2021,0.1207
GLOBAL,PWROILLBRXX01,2022,0.1207
GLOBAL,PWROILLBRXX01,2023,0.1207
GLOBAL,PWROILLBRXX01,2024,0.1207
GLOBAL,PWROILLBRXX01,2025,0.1207
GLOBAL,PWROILLBRXX01,2026,0.1207
GLOBAL,PWROILLBRXX01,2027,0.0
GLOBAL,PWROILLBRXX01,2028,0.0
GLOBAL,PWROILLBRXX01,2029,0.0
GLOBAL,PWROILLBRXX01,2030,0.0
GLOBAL,PWROILLBRXX01,2031,0.0
GLOBAL,PWROILLBRXX01,2032,0.0
GLOBAL,PWROILLBRXX01,2033,0.0
GLOBAL,PWROILLBRXX01,2034,0.0
GLOBAL,PWROILLBRXX01,2035,0.0
GLOBAL,PWROILLBRXX01,2036,0.0
GLOBAL,PWROILLBRXX01,2037,0.0
GLOBAL,PWROILLBRXX01,2038,0.0
GLOBAL,PWROILLBRXX01,2039,0.0
GLOBAL,PWROILLBRXX01,2040,0.0
GLOBAL,PWROILLBRXX01,2041,0.0
GLOBAL,PWROILLBRXX01,2042,0.0
GLOBAL,PWROILLBRXX01,2043,0.0
GLOBAL,PWROILLBRXX01,2044,0.0
GLOBAL,PWROILLBRXX01,2045,0.0
GLOBAL,PWROILLBRXX01,2046,0.0
GLOBAL,PWROILLBRXX01,2047,0.0
GLOBAL,PWROILLBRXX01,2048,0.0
GLOBAL,PWROILLBRXX01,2049,0.0
GLOBAL,PWROILLBRXX01,2050,0.0
GLOBAL,PWRCCGLBYXX00,2021,9.2986
GLOBAL,PWRCCGLBYXX00,2022,9.2986
GLOBAL,PWRCCGLBYXX00,2023,9.2986
GLOBAL,PWRCCGLBYXX00,2024,9.2986
GLOBAL,PWRCCGLBYXX00,2025,5.434
GLOBAL,PWRCCGLBYXX00,2026,4.435
GLOBAL,PWRCCGLBYXX00,2027,4.435
GLOBAL,PWRCCGLBYXX00,2028,4.435
GLOBAL,PWRCCGLBYXX00,2029,4.435
GLOBAL,PWRCCGLBYXX00,2030,4.435
GLOBAL,PWRCCGLBYXX00,2031,3.955
GLOBAL,PWRCCGLBYXX00,2032,3.955
GLOBAL,PWRCCGLBYXX00,2033,3.955
GLOBAL,PWRCCGLBYXX00,2034,1.474
GLOBAL,PWRCCGLBYXX00,2035,1.474
GLOBAL,PWRCCGLBYXX00,2036,0.85
GLOBAL,PWRCCGLBYXX00,2037,0.85
GLOBAL,PWRCCGLBYXX00,2038,0.85
GLOBAL,PWRCCGLBYXX00,2039,0.85
GLOBAL,PWRCCGLBYXX00,2040,0.85
GLOBAL,PWRCCGLBYXX00,2041,0.35
GLOBAL,PWRCCGLBYXX00,2042,0.35
GLOBAL,PWRCCGLBYXX00,2043,0.35
GLOBAL,PWRCCGLBYXX00,2044,0.35
GLOBAL,PWRCCGLBYXX00,2045,0.35
GLOBAL,PWRCCGLBYXX00,2046,0.35
GLOBAL,PWRCCGLBYXX00,2047,0.0
GLOBAL,PWRCCGLBYXX00,2048,0.0
GLOBAL,PWRCCGLBYXX00,2049,0.0
GLOBAL,PWRCCGLBYXX00,2050,0.0
GLOBAL,PWROILLBYXX01,2021,0.5064
GLOBAL,PWROILLBYXX01,2022,0.5064
GLOBAL,PWROILLBYXX01,2023,0.5064
GLOBAL,PWROILLBYXX01,2024,0.5064
GLOBAL,PWROILLBYXX01,2025,0.5064
GLOBAL,PWROILLBYXX01,2026,0.5064
GLOBAL,PWROILLBYXX01,2027,0.315
GLOBAL,PWROILLBYXX01,2028,0.315
GLOBAL,PWROILLBYXX01,2029,0.13
GLOBAL,PWROILLBYXX01,2030,0.13
GLOBAL,PWROILLBYXX01,2031,0.13
GLOBAL,PWROILLBYXX01,2032,0.13
GLOBAL,PWROILLBYXX01,2033,0.13
GLOBAL,PWROILLBYXX01,2034,0.0
GLOBAL,PWROILLBYXX01,2035,0.0
GLOBAL,PWROILLBYXX01,2036,0.0
GLOBAL,PWROILLBYXX01,2037,0.0
GLOBAL,PWROILLBYXX01,2038,0.0
GLOBAL,PWROILLBYXX01,2039,0.0
GLOBAL,PWROILLBYXX01,2040,0.0
GLOBAL,PWROILLBYXX01,2041,0.0
GLOBAL,PWROILLBYXX01,2042,0.0
GLOBAL,PWROILLBYXX01,2043,0.0
GLOBAL,PWROILLBYXX01,2044,0.0
GLOBAL,PWROILLBYXX01,2045,0.0
GLOBAL,PWROILLBYXX01,2046,0.0
GLOBAL,PWROILLBYXX01,2047,0.0
GLOBAL,PWROILLBYXX01,2048,0.0
GLOBAL,PWROILLBYXX01,2049,0.0
GLOBAL,PWROILLBYXX01,2050,0.0
GLOBAL,PWRBIOLKAXX01,2021,0.021
GLOBAL,PWRBIOLKAXX01,2022,0.021
GLOBAL,PWRBIOLKAXX01,2023,0.021
GLOBAL,PWRBIOLKAXX01,2024,0.021
GLOBAL,PWRBIOLKAXX01,2025,0.021
GLOBAL,PWRBIOLKAXX01,2026,0.021
GLOBAL,PWRBIOLKAXX01,2027,0.021
GLOBAL,PWRBIOLKAXX01,2028,0.021
GLOBAL,PWRBIOLKAXX01,2029,0.021
GLOBAL,PWRBIOLKAXX01,2030,0.021
GLOBAL,PWRBIOLKAXX01,2031,0.021
GLOBAL,PWRBIOLKAXX01,2032,0.0
GLOBAL,PWRBIOLKAXX01,2033,0.0
GLOBAL,PWRBIOLKAXX01,2034,0.0
GLOBAL,PWRBIOLKAXX01,2035,0.0
GLOBAL,PWRBIOLKAXX01,2036,0.0
GLOBAL,PWRBIOLKAXX01,2037,0.0
GLOBAL,PWRBIOLKAXX01,2038,0.0
GLOBAL,PWRBIOLKAXX01,2039,0.0
GLOBAL,PWRBIOLKAXX01,2040,0.0
GLOBAL,PWRBIOLKAXX01,2041,0.0
GLOBAL,PWRBIOLKAXX01,2042,0.0
GLOBAL,PWRBIOLKAXX01,2043,0.0
GLOBAL,PWRBIOLKAXX01,2044,0.0
GLOBAL,PWRBIOLKAXX01,2045,0.0
GLOBAL,PWRBIOLKAXX01,2046,0.0
GLOBAL,PWRBIOLKAXX01,2047,0.0
GLOBAL,PWRBIOLKAXX01,2048,0.0
GLOBAL,PWRBIOLKAXX01,2049,0.0
GLOBAL,PWRBIOLKAXX01,2050,0.0
GLOBAL,PWRCOALKAXX01,2021,0.959
GLOBAL,PWRCOALKAXX01,2022,0.959
GLOBAL,PWRCOALKAXX01,2023,0.959
GLOBAL,PWRCOALKAXX01,2024,0.959
GLOBAL,PWRCOALKAXX01,2025,0.959
GLOBAL,PWRCOALKAXX01,2026,0.959
GLOBAL,PWRCOALKAXX01,2027,0.959
GLOBAL,PWRCOALKAXX01,2028,0.9
GLOBAL,PWRCOALKAXX01,2029,0.9
GLOBAL,PWRCOALKAXX01,2030,0.9
GLOBAL,PWRCOALKAXX01,2031,0.9
GLOBAL,PWRCOALKAXX01,2032,0.9
GLOBAL,PWRCOALKAXX01,2033,0.9
GLOBAL,PWRCOALKAXX01,2034,0.9
GLOBAL,PWRCOALKAXX01,2035,0.9
GLOBAL,PWRCOALKAXX01,2036,0.9
GLOBAL,PWRCOALKAXX01,2037,0.9
GLOBAL,PWRCOALKAXX01,2038,0.9
GLOBAL,PWRCOALKAXX01,2039,0.9
GLOBAL,PWRCOALKAXX01,2040,0.9
GLOBAL,PWRCOALKAXX01,2041,0.9
GLOBAL,PWRCOALKAXX01,2042,0.9
GLOBAL,PWRCOALKAXX01,2043,0.9
GLOBAL,PWRCOALKAXX01,2044,0.0
GLOBAL,PWRCOALKAXX01,2045,0.0
GLOBAL,PWRCOALKAXX01,2046,0.0
GLOBAL,PWRCOALKAXX01,2047,0.0
GLOBAL,PWRCOALKAXX01,2048,0.0
GLOBAL,PWRCOALKAXX01,2049,0.0
GLOBAL,PWRCOALKAXX01,2050,0.0
GLOBAL,PWRHYDLKAXX01,2021,1.7003
GLOBAL,PWRHYDLKAXX01,2022,1.7003
GLOBAL,PWRHYDLKAXX01,2023,1.7003
GLOBAL,PWRHYDLKAXX01,2024,1.7003
GLOBAL,PWRHYDLKAXX01,2025,1.7003
GLOBAL,PWRHYDLKAXX01,2026,1.7003
GLOBAL,PWRHYDLKAXX01,2027,1.7003
GLOBAL,PWRHYDLKAXX01,2028,1.7003
GLOBAL,PWRHYDLKAXX01,2029,1.7003
GLOBAL,PWRHYDLKAXX01,2030,1.7003
GLOBAL,PWRHYDLKAXX01,2031,1.7003
GLOBAL,PWRHYDLKAXX01,2032,1.7003
GLOBAL,PWRHYDLKAXX01,2033,1.7003
GLOBAL,PWRHYDLKAXX01,2034,1.7003
GLOBAL,PWRHYDLKAXX01,2035,1.7003
GLOBAL,PWRHYDLKAXX01,2036,1.7003
GLOBAL,PWRHYDLKAXX01,2037,1.7003
GLOBAL,PWRHYDLKAXX01,2038,1.7003
GLOBAL,PWRHYDLKAXX01,2039,1.7003
GLOBAL,PWRHYDLKAXX01,2040,1.7003
GLOBAL,PWRHYDLKAXX01,2041,1.7003
GLOBAL,PWRHYDLKAXX01,2042,1.7003
GLOBAL,PWRHYDLKAXX01,2043,1.7003
GLOBAL,PWRHYDLKAXX01,2044,1.7003
GLOBAL,PWRHYDLKAXX01,2045,1.7003
GLOBAL,PWRHYDLKAXX01,2046,1.7003
GLOBAL,PWRHYDLKAXX01,2047,1.7003
GLOBAL,PWRHYDLKAXX01,2048,1.7003
GLOBAL,PWRHYDLKAXX01,2049,1.7003
GLOBAL,PWRHYDLKAXX01,2050,1.7003
GLOBAL,PWROILLKAXX01,2021,1.284
GLOBAL,PWROILLKAXX01,2022,1.284
GLOBAL,PWROILLKAXX01,2023,1.284
GLOBAL,PWROILLKAXX01,2024,1.284
GLOBAL,PWROILLKAXX01,2025,1.284
GLOBAL,PWROILLKAXX01,2026,1.284
GLOBAL,PWROILLKAXX01,2027,1.01
GLOBAL,PWROILLKAXX01,2028,1.01
GLOBAL,PWROILLKAXX01,2029,1.01
GLOBAL,PWROILLKAXX01,2030,1.01
GLOBAL,PWROILLKAXX01,2031,1.01
GLOBAL,PWROILLKAXX01,2032,1.01
GLOBAL,PWROILLKAXX01,2033,1.01
GLOBAL,PWROILLKAXX01,2034,0.468
GLOBAL,PWROILLKAXX01,2035,0.468
GLOBAL,PWROILLKAXX01,2036,0.3
GLOBAL,PWROILLKAXX01,2037,0.3
GLOBAL,PWROILLKAXX01,2038,0.0
GLOBAL,PWROILLKAXX01,2039,0.0
GLOBAL,PWROILLKAXX01,2040,0.0
GLOBAL,PWROILLKAXX01,2041,0.0
GLOBAL,PWROILLKAXX01,2042,0.0
GLOBAL,PWROILLKAXX01,2043,0.0
GLOBAL,PWROILLKAXX01,2044,0.0
GLOBAL,PWROILLKAXX01,2045,0.0
GLOBAL,PWROILLKAXX01,2046,0.0
GLOBAL,PWROILLKAXX01,2047,0.0
GLOBAL,PWROILLKAXX01,2048,0.0
GLOBAL,PWROILLKAXX01,2049,0.0
GLOBAL,PWROILLKAXX01,2050,0.0
GLOBAL,PWRSPVLKAXX01,2021,0.02
GLOBAL,PWRSPVLKAXX01,2022,0.02
GLOBAL,PWRSPVLKAXX01,2023,0.02
GLOBAL,PWRSPVLKAXX01,2024,0.02
GLOBAL,PWRSPVLKAXX01,2025,0.02
GLOBAL,PWRSPVLKAXX01,2026,0.02
GLOBAL,PWRSPVLKAXX01,2027,0.02
GLOBAL,PWRSPVLKAXX01,2028,0.02
GLOBAL,PWRSPVLKAXX01,2029,0.02
GLOBAL,PWRSPVLKAXX01,2030,0.02
GLOBAL,PWRSPVLKAXX01,2031,0.02
GLOBAL,PWRSPVLKAXX01,2032,0.02
GLOBAL,PWRSPVLKAXX01,2033,0.02
GLOBAL,PWRSPVLKAXX01,2034,0.02
GLOBAL,PWRSPVLKAXX01,2035,0.02
GLOBAL,PWRSPVLKAXX01,2036,0.02
GLOBAL,PWRSPVLKAXX01,2037,0.02
GLOBAL,PWRSPVLKAXX01,2038,0.02
GLOBAL,PWRSPVLKAXX01,2039,0.02
GLOBAL,PWRSPVLKAXX01,2040,0.02
GLOBAL,PWRSPVLKAXX01,2041,0.02
GLOBAL,PWRSPVLKAXX01,2042,0.02
GLOBAL,PWRSPVLKAXX01,2043,0.02
GLOBAL,PWRSPVLKAXX01,2044,0.02
GLOBAL,PWRSPVLKAXX01,2045,0.0
GLOBAL,PWRSPVLKAXX01,2046,0.0
GLOBAL,PWRSPVLKAXX01,2047,0.0
GLOBAL,PWRSPVLKAXX01,2048,0.0
GLOBAL,PWRSPVLKAXX01,2049,0.0
GLOBAL,PWRSPVLKAXX01,2050,0.0
GLOBAL,PWRWONLKAXX01,2021,0.131
GLOBAL,PWRWONLKAXX01,2022,0.131
GLOBAL,PWRWONLKAXX01,2023,0.131
GLOBAL,PWRWONLKAXX01,2024,0.131
GLOBAL,PWRWONLKAXX01,2025,0.131
GLOBAL,PWRWONLKAXX01,2026,0.131
GLOBAL,PWRWONLKAXX01,2027,0.131
GLOBAL,PWRWONLKAXX01,2028,0.131
GLOBAL,PWRWONLKAXX01,2029,0.131
GLOBAL,PWRWONLKAXX01,2030,0.131
GLOBAL,PWRWONLKAXX01,2031,0.131
GLOBAL,PWRWONLKAXX01,2032,0.131
GLOBAL,PWRWONLKAXX01,2033,0.131
GLOBAL,PWRWONLKAXX01,2034,0.131
GLOBAL,PWRWONLKAXX01,2035,0.131
GLOBAL,PWRWONLKAXX01,2036,0.131
GLOBAL,PWRWONLKAXX01,2037,0.131
GLOBAL,PWRWONLKAXX01,2038,0.131
GLOBAL,PWRWONLKAXX01,2039,0.131
GLOBAL,PWRWONLKAXX01,2040,0.0
GLOBAL,PWRWONLKAXX01,2041,0.0
GLOBAL,PWRWONLKAXX01,2042,0.0
GLOBAL,PWRWONLKAXX01,2043,0.0
GLOBAL,PWRWONLKAXX01,2044,0.0
GLOBAL,PWRWONLKAXX01,2045,0.0
GLOBAL,PWRWONLKAXX01,2046,0.0
GLOBAL,PWRWONLKAXX01,2047,0.0
GLOBAL,PWRWONLKAXX01,2048,0.0
GLOBAL,PWRWONLKAXX01,2049,0.0
GLOBAL,PWRWONLKAXX01,2050,0.0
GLOBAL,PWRHYDLSOXX01,2021,0.072
GLOBAL,PWRHYDLSOXX01,2022,0.072
GLOBAL,PWRHYDLSOXX01,2023,0.072
GLOBAL,PWRHYDLSOXX01,2024,0.072
GLOBAL,PWRHYDLSOXX01,2025,0.072
GLOBAL,PWRHYDLSOXX01,2026,0.072
GLOBAL,PWRHYDLSOXX01,2027,0.072
GLOBAL,PWRHYDLSOXX01,2028,0.072
GLOBAL,PWRHYDLSOXX01,2029,0.072
GLOBAL,PWRHYDLSOXX01,2030,0.072
GLOBAL,PWRHYDLSOXX01,2031,0.072
GLOBAL,PWRHYDLSOXX01,2032,0.072
GLOBAL,PWRHYDLSOXX01,2033,0.072
GLOBAL,PWRHYDLSOXX01,2034,0.072
GLOBAL,PWRHYDLSOXX01,2035,0.072
GLOBAL,PWRHYDLSOXX01,2036,0.072
GLOBAL,PWRHYDLSOXX01,2037,0.072
GLOBAL,PWRHYDLSOXX01,2038,0.072
GLOBAL,PWRHYDLSOXX01,2039,0.072
GLOBAL,PWRHYDLSOXX01,2040,0.072
GLOBAL,PWRHYDLSOXX01,2041,0.072
GLOBAL,PWRHYDLSOXX01,2042,0.072
GLOBAL,PWRHYDLSOXX01,2043,0.072
GLOBAL,PWRHYDLSOXX01,2044,0.072
GLOBAL,PWRHYDLSOXX01,2045,0.072
GLOBAL,PWRHYDLSOXX01,2046,0.072
GLOBAL,PWRHYDLSOXX01,2047,0.072
GLOBAL,PWRHYDLSOXX01,2048,0.072
GLOBAL,PWRHYDLSOXX01,2049,0.072
GLOBAL,PWRHYDLSOXX01,2050,0.072
GLOBAL,PWRBIOLTUXX01,2021,0.076
GLOBAL,PWRBIOLTUXX01,2022,0.076
GLOBAL,PWRBIOLTUXX01,2023,0.076
GLOBAL,PWRBIOLTUXX01,2024,0.076
GLOBAL,PWRBIOLTUXX01,2025,0.076
GLOBAL,PWRBIOLTUXX01,2026,0.076
GLOBAL,PWRBIOLTUXX01,2027,0.076
GLOBAL,PWRBIOLTUXX01,2028,0.076
GLOBAL,PWRBIOLTUXX01,2029,0.076
GLOBAL,PWRBIOLTUXX01,2030,0.076
GLOBAL,PWRBIOLTUXX01,2031,0.076
GLOBAL,PWRBIOLTUXX01,2032,0.0
GLOBAL,PWRBIOLTUXX01,2033,0.0
GLOBAL,PWRBIOLTUXX01,2034,0.0
GLOBAL,PWRBIOLTUXX01,2035,0.0
GLOBAL,PWRBIOLTUXX01,2036,0.0
GLOBAL,PWRBIOLTUXX01,2037,0.0
GLOBAL,PWRBIOLTUXX01,2038,0.0
GLOBAL,PWRBIOLTUXX01,2039,0.0
GLOBAL,PWRBIOLTUXX01,2040,0.0
GLOBAL,PWRBIOLTUXX01,2041,0.0
GLOBAL,PWRBIOLTUXX01,2042,0.0
GLOBAL,PWRBIOLTUXX01,2043,0.0
GLOBAL,PWRBIOLTUXX01,2044,0.0
GLOBAL,PWRBIOLTUXX01,2045,0.0
GLOBAL,PWRBIOLTUXX01,2046,0.0
GLOBAL,PWRBIOLTUXX01,2047,0.0
GLOBAL,PWRBIOLTUXX01,2048,0.0
GLOBAL,PWRBIOLTUXX01,2049,0.0
GLOBAL,PWRBIOLTUXX01,2050,0.0
GLOBAL,PWRCCGLTUXX00,2021,2.651
GLOBAL,PWRCCGLTUXX00,2022,2.651
GLOBAL,PWRCCGLTUXX00,2023,2.651
GLOBAL,PWRCCGLTUXX00,2024,2.651
GLOBAL,PWRCCGLTUXX00,2025,0.0
GLOBAL,PWRCCGLTUXX00,2026,0.0
GLOBAL,PWRCCGLTUXX00,2027,0.0
GLOBAL,PWRCCGLTUXX00,2028,0.0
GLOBAL,PWRCCGLTUXX00,2029,0.0
GLOBAL,PWRCCGLTUXX00,2030,0.0
GLOBAL,PWRCCGLTUXX00,2031,0.0
GLOBAL,PWRCCGLTUXX00,2032,0.0
GLOBAL,PWRCCGLTUXX00,2033,0.0
GLOBAL,PWRCCGLTUXX00,2034,0.0
GLOBAL,PWRCCGLTUXX00,2035,0.0
GLOBAL,PWRCCGLTUXX00,2036,0.0
GLOBAL,PWRCCGLTUXX00,2037,0.0
GLOBAL,PWRCCGLTUXX00,2038,0.0
GLOBAL,PWRCCGLTUXX00,2039,0.0
GLOBAL,PWRCCGLTUXX00,2040,0.0
GLOBAL,PWRCCGLTUXX00,2041,0.0
GLOBAL,PWRCCGLTUXX00,2042,0.0
GLOBAL,PWRCCGLTUXX00,2043,0.0
GLOBAL,PWRCCGLTUXX00,2044,0.0
GLOBAL,PWRCCGLTUXX00,2045,0.0
GLOBAL,PWRCCGLTUXX00,2046,0.0
GLOBAL,PWRCCGLTUXX00,2047,0.0
GLOBAL,PWRCCGLTUXX00,2048,0.0
GLOBAL,PWRCCGLTUXX00,2049,0.0
GLOBAL,PWRCCGLTUXX00,2050,0.0
GLOBAL,PWRHYDLTUXX01,2021,1.001
GLOBAL,PWRHYDLTUXX01,2022,1.001
GLOBAL,PWRHYDLTUXX01,2023,1.001
GLOBAL,PWRHYDLTUXX01,2024,1.001
GLOBAL,PWRHYDLTUXX01,2025,1.001
GLOBAL,PWRHYDLTUXX01,2026,1.001
GLOBAL,PWRHYDLTUXX01,2027,1.001
GLOBAL,PWRHYDLTUXX01,2028,1.001
GLOBAL,PWRHYDLTUXX01,2029,1.001
GLOBAL,PWRHYDLTUXX01,2030,1.001
GLOBAL,PWRHYDLTUXX01,2031,1.001
GLOBAL,PWRHYDLTUXX01,2032,1.001
GLOBAL,PWRHYDLTUXX01,2033,1.001
GLOBAL,PWRHYDLTUXX01,2034,1.001
GLOBAL,PWRHYDLTUXX01,2035,1.001
GLOBAL,PWRHYDLTUXX01,2036,1.001
GLOBAL,PWRHYDLTUXX01,2037,1.001
GLOBAL,PWRHYDLTUXX01,2038,1.001
GLOBAL,PWRHYDLTUXX01,2039,1.001
GLOBAL,PWRHYDLTUXX01,2040,1.001
GLOBAL,PWRHYDLTUXX01,2041,1.001
GLOBAL,PWRHYDLTUXX01,2042,1.001
GLOBAL,PWRHYDLTUXX01,2043,1.001
GLOBAL,PWRHYDLTUXX01,2044,1.001
GLOBAL,PWRHYDLTUXX01,2045,1.001
GLOBAL,PWRHYDLTUXX01,2046,1.001
GLOBAL,PWRHYDLTUXX01,2047,1.001
GLOBAL,PWRHYDLTUXX01,2048,1.001
GLOBAL,PWRHYDLTUXX01,2049,1.001
GLOBAL,PWRHYDLTUXX01,2050,1.001
GLOBAL,PWROILLTUXX01,2021,0.16
GLOBAL,PWROILLTUXX01,2022,0.16
GLOBAL,PWROILLTUXX01,2023,0.16
GLOBAL,PWROILLTUXX01,2024,0.16
GLOBAL,PWROILLTUXX01,2025,0.16
GLOBAL,PWROILLTUXX01,2026,0.16
GLOBAL,PWROILLTUXX01,2027,0.0
GLOBAL,PWROILLTUXX01,2028,0.0
GLOBAL,PWROILLTUXX01,2029,0.0
GLOBAL,PWROILLTUXX01,2030,0.0
GLOBAL,PWROILLTUXX01,2031,0.0
GLOBAL,PWROILLTUXX01,2032,0.0
GLOBAL,PWROILLTUXX01,2033,0.0
GLOBAL,PWROILLTUXX01,2034,0.0
GLOBAL,PWROILLTUXX01,2035,0.0
GLOBAL,PWROILLTUXX01,2036,0.0
GLOBAL,PWROILLTUXX01,2037,0.0
GLOBAL,PWROILLTUXX01,2038,0.0
GLOBAL,PWROILLTUXX01,2039,0.0
GLOBAL,PWROILLTUXX01,2040,0.0
GLOBAL,PWROILLTUXX01,2041,0.0
GLOBAL,PWROILLTUXX01,2042,0.0
GLOBAL,PWROILLTUXX01,2043,0.0
GLOBAL,PWROILLTUXX01,2044,0.0
GLOBAL,PWROILLTUXX01,2045,0.0
GLOBAL,PWROILLTUXX01,2046,0.0
GLOBAL,PWROILLTUXX01,2047,0.0
GLOBAL,PWROILLTUXX01,2048,0.0
GLOBAL,PWROILLTUXX01,2049,0.0
GLOBAL,PWROILLTUXX01,2050,0.0
GLOBAL,PWRSPVLTUXX01,2021,0.07
GLOBAL,PWRSPVLTUXX01,2022,0.07
GLOBAL,PWRSPVLTUXX01,2023,0.07
GLOBAL,PWRSPVLTUXX01,2024,0.07
GLOBAL,PWRSPVLTUXX01,2025,0.07
GLOBAL,PWRSPVLTUXX01,2026,0.07
GLOBAL,PWRSPVLTUXX01,2027,0.07
GLOBAL,PWRSPVLTUXX01,2028,0.07
GLOBAL,PWRSPVLTUXX01,2029,0.07
GLOBAL,PWRSPVLTUXX01,2030,0.07
GLOBAL,PWRSPVLTUXX01,2031,0.07
GLOBAL,PWRSPVLTUXX01,2032,0.07
GLOBAL,PWRSPVLTUXX01,2033,0.07
GLOBAL,PWRSPVLTUXX01,2034,0.07
GLOBAL,PWRSPVLTUXX01,2035,0.07
GLOBAL,PWRSPVLTUXX01,2036,0.07
GLOBAL,PWRSPVLTUXX01,2037,0.07
GLOBAL,PWRSPVLTUXX01,2038,0.07
GLOBAL,PWRSPVLTUXX01,2039,0.07
GLOBAL,PWRSPVLTUXX01,2040,0.07
GLOBAL,PWRSPVLTUXX01,2041,0.07
GLOBAL,PWRSPVLTUXX01,2042,0.07
GLOBAL,PWRSPVLTUXX01,2043,0.07
GLOBAL,PWRSPVLTUXX01,2044,0.07
GLOBAL,PWRSPVLTUXX01,2045,0.0
GLOBAL,PWRSPVLTUXX01,2046,0.0
GLOBAL,PWRSPVLTUXX01,2047,0.0
GLOBAL,PWRSPVLTUXX01,2048,0.0
GLOBAL,PWRSPVLTUXX01,2049,0.0
GLOBAL,PWRSPVLTUXX01,2050,0.0
GLOBAL,PWRWONLTUXX01,2021,0.438
GLOBAL,PWRWONLTUXX01,2022,0.438
GLOBAL,PWRWONLTUXX01,2023,0.438
GLOBAL,PWRWONLTUXX01,2024,0.438
GLOBAL,PWRWONLTUXX01,2025,0.438
GLOBAL,PWRWONLTUXX01,2026,0.438
GLOBAL,PWRWONLTUXX01,2027,0.438
GLOBAL,PWRWONLTUXX01,2028,0.438
GLOBAL,PWRWONLTUXX01,2029,0.438
GLOBAL,PWRWONLTUXX01,2030,0.438
GLOBAL,PWRWONLTUXX01,2031,0.438
GLOBAL,PWRWONLTUXX01,2032,0.438
GLOBAL,PWRWONLTUXX01,2033,0.438
GLOBAL,PWRWONLTUXX01,2034,0.438
GLOBAL,PWRWONLTUXX01,2035,0.438
GLOBAL,PWRWONLTUXX01,2036,0.438
GLOBAL,PWRWONLTUXX01,2037,0.438
GLOBAL,PWRWONLTUXX01,2038,0.438
GLOBAL,PWRWONLTUXX01,2039,0.438
GLOBAL,PWRWONLTUXX01,2040,0.0
GLOBAL,PWRWONLTUXX01,2041,0.0
GLOBAL,PWRWONLTUXX01,2042,0.0
GLOBAL,PWRWONLTUXX01,2043,0.0
GLOBAL,PWRWONLTUXX01,2044,0.0
GLOBAL,PWRWONLTUXX01,2045,0.0
GLOBAL,PWRWONLTUXX01,2046,0.0
GLOBAL,PWRWONLTUXX01,2047,0.0
GLOBAL,PWRWONLTUXX01,2048,0.0
GLOBAL,PWRWONLTUXX01,2049,0.0
GLOBAL,PWRWONLTUXX01,2050,0.0
GLOBAL,PWRBIOLUXXX01,2021,0.033
GLOBAL,PWRBIOLUXXX01,2022,0.033
GLOBAL,PWRBIOLUXXX01,2023,0.033
GLOBAL,PWRBIOLUXXX01,2024,0.033
GLOBAL,PWRBIOLUXXX01,2025,0.033
GLOBAL,PWRBIOLUXXX01,2026,0.033
GLOBAL,PWRBIOLUXXX01,2027,0.033
GLOBAL,PWRBIOLUXXX01,2028,0.033
GLOBAL,PWRBIOLUXXX01,2029,0.033
GLOBAL,PWRBIOLUXXX01,2030,0.033
GLOBAL,PWRBIOLUXXX01,2031,0.033
GLOBAL,PWRBIOLUXXX01,2032,0.0
GLOBAL,PWRBIOLUXXX01,2033,0.0
GLOBAL,PWRBIOLUXXX01,2034,0.0
GLOBAL,PWRBIOLUXXX01,2035,0.0
GLOBAL,PWRBIOLUXXX01,2036,0.0
GLOBAL,PWRBIOLUXXX01,2037,0.0
GLOBAL,PWRBIOLUXXX01,2038,0.0
GLOBAL,PWRBIOLUXXX01,2039,0.0
GLOBAL,PWRBIOLUXXX01,2040,0.0
GLOBAL,PWRBIOLUXXX01,2041,0.0
GLOBAL,PWRBIOLUXXX01,2042,0.0
GLOBAL,PWRBIOLUXXX01,2043,0.0
GLOBAL,PWRBIOLUXXX01,2044,0.0
GLOBAL,PWRBIOLUXXX01,2045,0.0
GLOBAL,PWRBIOLUXXX01,2046,0.0
GLOBAL,PWRBIOLUXXX01,2047,0.0
GLOBAL,PWRBIOLUXXX01,2048,0.0
GLOBAL,PWRBIOLUXXX01,2049,0.0
GLOBAL,PWRBIOLUXXX01,2050,0.0
GLOBAL,PWRCCGLUXXX00,2021,0.385
GLOBAL,PWRCCGLUXXX00,2022,0.385
GLOBAL,PWRCCGLUXXX00,2023,0.385
GLOBAL,PWRCCGLUXXX00,2024,0.385
GLOBAL,PWRCCGLUXXX00,2025,0.0
GLOBAL,PWRCCGLUXXX00,2026,0.0
GLOBAL,PWRCCGLUXXX00,2027,0.0
GLOBAL,PWRCCGLUXXX00,2028,0.0
GLOBAL,PWRCCGLUXXX00,2029,0.0
GLOBAL,PWRCCGLUXXX00,2030,0.0
GLOBAL,PWRCCGLUXXX00,2031,0.0
GLOBAL,PWRCCGLUXXX00,2032,0.0
GLOBAL,PWRCCGLUXXX00,2033,0.0
GLOBAL,PWRCCGLUXXX00,2034,0.0
GLOBAL,PWRCCGLUXXX00,2035,0.0
GLOBAL,PWRCCGLUXXX00,2036,0.0
GLOBAL,PWRCCGLUXXX00,2037,0.0
GLOBAL,PWRCCGLUXXX00,2038,0.0
GLOBAL,PWRCCGLUXXX00,2039,0.0
GLOBAL,PWRCCGLUXXX00,2040,0.0
GLOBAL,PWRCCGLUXXX00,2041,0.0
GLOBAL,PWRCCGLUXXX00,2042,0.0
GLOBAL,PWRCCGLUXXX00,2043,0.0
GLOBAL,PWRCCGLUXXX00,2044,0.0
GLOBAL,PWRCCGLUXXX00,2045,0.0
GLOBAL,PWRCCGLUXXX00,2046,0.0
GLOBAL,PWRCCGLUXXX00,2047,0.0
GLOBAL,PWRCCGLUXXX00,2048,0.0
GLOBAL,PWRCCGLUXXX00,2049,0.0
GLOBAL,PWRCCGLUXXX00,2050,0.0
GLOBAL,PWRHYDLUXXX01,2021,1.296
GLOBAL,PWRHYDLUXXX01,2022,1.296
GLOBAL,PWRHYDLUXXX01,2023,1.296
GLOBAL,PWRHYDLUXXX01,2024,1.296
GLOBAL,PWRHYDLUXXX01,2025,1.296
GLOBAL,PWRHYDLUXXX01,2026,1.296
GLOBAL,PWRHYDLUXXX01,2027,1.296
GLOBAL,PWRHYDLUXXX01,2028,1.296
GLOBAL,PWRHYDLUXXX01,2029,1.296
GLOBAL,PWRHYDLUXXX01,2030,1.296
GLOBAL,PWRHYDLUXXX01,2031,1.296
GLOBAL,PWRHYDLUXXX01,2032,1.296
GLOBAL,PWRHYDLUXXX01,2033,1.296
GLOBAL,PWRHYDLUXXX01,2034,1.296
GLOBAL,PWRHYDLUXXX01,2035,1.296
GLOBAL,PWRHYDLUXXX01,2036,1.296
GLOBAL,PWRHYDLUXXX01,2037,1.296
GLOBAL,PWRHYDLUXXX01,2038,1.296
GLOBAL,PWRHYDLUXXX01,2039,1.296
GLOBAL,PWRHYDLUXXX01,2040,1.296
GLOBAL,PWRHYDLUXXX01,2041,1.296
GLOBAL,PWRHYDLUXXX01,2042,1.296
GLOBAL,PWRHYDLUXXX01,2043,1.296
GLOBAL,PWRHYDLUXXX01,2044,1.296
GLOBAL,PWRHYDLUXXX01,2045,1.296
GLOBAL,PWRHYDLUXXX01,2046,1.296
GLOBAL,PWRHYDLUXXX01,2047,1.296
GLOBAL,PWRHYDLUXXX01,2048,1.296
GLOBAL,PWRHYDLUXXX01,2049,1.296
GLOBAL,PWRHYDLUXXX01,2050,1.296
GLOBAL,PWRSPVLUXXX01,2021,0.116
GLOBAL,PWRSPVLUXXX01,2022,0.116
GLOBAL,PWRSPVLUXXX01,2023,0.116
GLOBAL,PWRSPVLUXXX01,2024,0.116
GLOBAL,PWRSPVLUXXX01,2025,0.116
GLOBAL,PWRSPVLUXXX01,2026,0.116
GLOBAL,PWRSPVLUXXX01,2027,0.116
GLOBAL,PWRSPVLUXXX01,2028,0.116
GLOBAL,PWRSPVLUXXX01,2029,0.116
GLOBAL,PWRSPVLUXXX01,2030,0.116
GLOBAL,PWRSPVLUXXX01,2031,0.116
GLOBAL,PWRSPVLUXXX01,2032,0.116
GLOBAL,PWRSPVLUXXX01,2033,0.116
GLOBAL,PWRSPVLUXXX01,2034,0.116
GLOBAL,PWRSPVLUXXX01,2035,0.116
GLOBAL,PWRSPVLUXXX01,2036,0.116
GLOBAL,PWRSPVLUXXX01,2037,0.116
GLOBAL,PWRSPVLUXXX01,2038,0.116
GLOBAL,PWRSPVLUXXX01,2039,0.116
GLOBAL,PWRSPVLUXXX01,2040,0.116
GLOBAL,PWRSPVLUXXX01,2041,0.116
GLOBAL,PWRSPVLUXXX01,2042,0.116
GLOBAL,PWRSPVLUXXX01,2043,0.116
GLOBAL,PWRSPVLUXXX01,2044,0.116
GLOBAL,PWRSPVLUXXX01,2045,0.0
GLOBAL,PWRSPVLUXXX01,2046,0.0
GLOBAL,PWRSPVLUXXX01,2047,0.0
GLOBAL,PWRSPVLUXXX01,2048,0.0
GLOBAL,PWRSPVLUXXX01,2049,0.0
GLOBAL,PWRSPVLUXXX01,2050,0.0
GLOBAL,PWRWONLUXXX01,2021,0.064
GLOBAL,PWRWONLUXXX01,2022,0.064
GLOBAL,PWRWONLUXXX01,2023,0.064
GLOBAL,PWRWONLUXXX01,2024,0.064
GLOBAL,PWRWONLUXXX01,2025,0.064
GLOBAL,PWRWONLUXXX01,2026,0.064
GLOBAL,PWRWONLUXXX01,2027,0.064
GLOBAL,PWRWONLUXXX01,2028,0.064
GLOBAL,PWRWONLUXXX01,2029,0.064
GLOBAL,PWRWONLUXXX01,2030,0.064
GLOBAL,PWRWONLUXXX01,2031,0.064
GLOBAL,PWRWONLUXXX01,2032,0.064
GLOBAL,PWRWONLUXXX01,2033,0.064
GLOBAL,PWRWONLUXXX01,2034,0.064
GLOBAL,PWRWONLUXXX01,2035,0.064
GLOBAL,PWRWONLUXXX01,2036,0.064
GLOBAL,PWRWONLUXXX01,2037,0.064
GLOBAL,PWRWONLUXXX01,2038,0.064
GLOBAL,PWRWONLUXXX01,2039,0.064
GLOBAL,PWRWONLUXXX01,2040,0.0
GLOBAL,PWRWONLUXXX01,2041,0.0
GLOBAL,PWRWONLUXXX01,2042,0.0
GLOBAL,PWRWONLUXXX01,2043,0.0
GLOBAL,PWRWONLUXXX01,2044,0.0
GLOBAL,PWRWONLUXXX01,2045,0.0
GLOBAL,PWRWONLUXXX01,2046,0.0
GLOBAL,PWRWONLUXXX01,2047,0.0
GLOBAL,PWRWONLUXXX01,2048,0.0
GLOBAL,PWRWONLUXXX01,2049,0.0
GLOBAL,PWRWONLUXXX01,2050,0.0
GLOBAL,PWRBIOLVAXX01,2021,0.126
GLOBAL,PWRBIOLVAXX01,2022,0.126
GLOBAL,PWRBIOLVAXX01,2023,0.126
GLOBAL,PWRBIOLVAXX01,2024,0.126
GLOBAL,PWRBIOLVAXX01,2025,0.126
GLOBAL,PWRBIOLVAXX01,2026,0.126
GLOBAL,PWRBIOLVAXX01,2027,0.126
GLOBAL,PWRBIOLVAXX01,2028,0.126
GLOBAL,PWRBIOLVAXX01,2029,0.126
GLOBAL,PWRBIOLVAXX01,2030,0.126
GLOBAL,PWRBIOLVAXX01,2031,0.126
GLOBAL,PWRBIOLVAXX01,2032,0.0
GLOBAL,PWRBIOLVAXX01,2033,0.0
GLOBAL,PWRBIOLVAXX01,2034,0.0
GLOBAL,PWRBIOLVAXX01,2035,0.0
GLOBAL,PWRBIOLVAXX01,2036,0.0
GLOBAL,PWRBIOLVAXX01,2037,0.0
GLOBAL,PWRBIOLVAXX01,2038,0.0
GLOBAL,PWRBIOLVAXX01,2039,0.0
GLOBAL,PWRBIOLVAXX01,2040,0.0
GLOBAL,PWRBIOLVAXX01,2041,0.0
GLOBAL,PWRBIOLVAXX01,2042,0.0
GLOBAL,PWRBIOLVAXX01,2043,0.0
GLOBAL,PWRBIOLVAXX01,2044,0.0
GLOBAL,PWRBIOLVAXX01,2045,0.0
GLOBAL,PWRBIOLVAXX01,2046,0.0
GLOBAL,PWRBIOLVAXX01,2047,0.0
GLOBAL,PWRBIOLVAXX01,2048,0.0
GLOBAL,PWRBIOLVAXX01,2049,0.0
GLOBAL,PWRBIOLVAXX01,2050,0.0
GLOBAL,PWRCCGLVAXX00,2021,1.137
GLOBAL,PWRCCGLVAXX00,2022,1.137
GLOBAL,PWRCCGLVAXX00,2023,1.137
GLOBAL,PWRCCGLVAXX00,2024,1.137
GLOBAL,PWRCCGLVAXX00,2025,0.0
GLOBAL,PWRCCGLVAXX00,2026,0.0
GLOBAL,PWRCCGLVAXX00,2027,0.0
GLOBAL,PWRCCGLVAXX00,2028,0.0
GLOBAL,PWRCCGLVAXX00,2029,0.0
GLOBAL,PWRCCGLVAXX00,2030,0.0
GLOBAL,PWRCCGLVAXX00,2031,0.0
GLOBAL,PWRCCGLVAXX00,2032,0.0
GLOBAL,PWRCCGLVAXX00,2033,0.0
GLOBAL,PWRCCGLVAXX00,2034,0.0
GLOBAL,PWRCCGLVAXX00,2035,0.0
GLOBAL,PWRCCGLVAXX00,2036,0.0
GLOBAL,PWRCCGLVAXX00,2037,0.0
GLOBAL,PWRCCGLVAXX00,2038,0.0
GLOBAL,PWRCCGLVAXX00,2039,0.0
GLOBAL,PWRCCGLVAXX00,2040,0.0
GLOBAL,PWRCCGLVAXX00,2041,0.0
GLOBAL,PWRCCGLVAXX00,2042,0.0
GLOBAL,PWRCCGLVAXX00,2043,0.0
GLOBAL,PWRCCGLVAXX00,2044,0.0
GLOBAL,PWRCCGLVAXX00,2045,0.0
GLOBAL,PWRCCGLVAXX00,2046,0.0
GLOBAL,PWRCCGLVAXX00,2047,0.0
GLOBAL,PWRCCGLVAXX00,2048,0.0
GLOBAL,PWRCCGLVAXX00,2049,0.0
GLOBAL,PWRCCGLVAXX00,2050,0.0
GLOBAL,PWRHYDLVAXX01,2021,1.589
GLOBAL,PWRHYDLVAXX01,2022,1.589
GLOBAL,PWRHYDLVAXX01,2023,1.589
GLOBAL,PWRHYDLVAXX01,2024,1.589
GLOBAL,PWRHYDLVAXX01,2025,1.589
GLOBAL,PWRHYDLVAXX01,2026,1.589
GLOBAL,PWRHYDLVAXX01,2027,1.589
GLOBAL,PWRHYDLVAXX01,2028,1.589
GLOBAL,PWRHYDLVAXX01,2029,1.589
GLOBAL,PWRHYDLVAXX01,2030,1.589
GLOBAL,PWRHYDLVAXX01,2031,1.589
GLOBAL,PWRHYDLVAXX01,2032,1.589
GLOBAL,PWRHYDLVAXX01,2033,1.589
GLOBAL,PWRHYDLVAXX01,2034,1.589
GLOBAL,PWRHYDLVAXX01,2035,1.589
GLOBAL,PWRHYDLVAXX01,2036,1.589
GLOBAL,PWRHYDLVAXX01,2037,1.589
GLOBAL,PWRHYDLVAXX01,2038,1.589
GLOBAL,PWRHYDLVAXX01,2039,1.589
GLOBAL,PWRHYDLVAXX01,2040,1.589
GLOBAL,PWRHYDLVAXX01,2041,1.589
GLOBAL,PWRHYDLVAXX01,2042,1.589
GLOBAL,PWRHYDLVAXX01,2043,1.589
GLOBAL,PWRHYDLVAXX01,2044,1.589
GLOBAL,PWRHYDLVAXX01,2045,1.589
GLOBAL,PWRHYDLVAXX01,2046,1.589
GLOBAL,PWRHYDLVAXX01,2047,1.589
GLOBAL,PWRHYDLVAXX01,2048,1.589
GLOBAL,PWRHYDLVAXX01,2049,1.589
GLOBAL,PWRHYDLVAXX01,2050,1.589
GLOBAL,PWRWONLVAXX01,2021,0.069
GLOBAL,PWRWONLVAXX01,2022,0.069
GLOBAL,PWRWONLVAXX01,2023,0.069
GLOBAL,PWRWONLVAXX01,2024,0.069
GLOBAL,PWRWONLVAXX01,2025,0.069
GLOBAL,PWRWONLVAXX01,2026,0.069
GLOBAL,PWRWONLVAXX01,2027,0.069
GLOBAL,PWRWONLVAXX01,2028,0.069
GLOBAL,PWRWONLVAXX01,2029,0.069
GLOBAL,PWRWONLVAXX01,2030,0.069
GLOBAL,PWRWONLVAXX01,2031,0.069
GLOBAL,PWRWONLVAXX01,2032,0.069
GLOBAL,PWRWONLVAXX01,2033,0.069
GLOBAL,PWRWONLVAXX01,2034,0.069
GLOBAL,PWRWONLVAXX01,2035,0.069
GLOBAL,PWRWONLVAXX01,2036,0.069
GLOBAL,PWRWONLVAXX01,2037,0.069
GLOBAL,PWRWONLVAXX01,2038,0.069
GLOBAL,PWRWONLVAXX01,2039,0.069
GLOBAL,PWRWONLVAXX01,2040,0.0
GLOBAL,PWRWONLVAXX01,2041,0.0
GLOBAL,PWRWONLVAXX01,2042,0.0
GLOBAL,PWRWONLVAXX01,2043,0.0
GLOBAL,PWRWONLVAXX01,2044,0.0
GLOBAL,PWRWONLVAXX01,2045,0.0
GLOBAL,PWRWONLVAXX01,2046,0.0
GLOBAL,PWRWONLVAXX01,2047,0.0
GLOBAL,PWRWONLVAXX01,2048,0.0
GLOBAL,PWRWONLVAXX01,2049,0.0
GLOBAL,PWRWONLVAXX01,2050,0.0
GLOBAL,PWRCCGMARXX00,2021,1.666
GLOBAL,PWRCCGMARXX00,2022,1.666
GLOBAL,PWRCCGMARXX00,2023,1.666
GLOBAL,PWRCCGMARXX00,2024,1.666
GLOBAL,PWRCCGMARXX00,2025,1.666
GLOBAL,PWRCCGMARXX00,2026,1.666
GLOBAL,PWRCCGMARXX00,2027,1.666
GLOBAL,PWRCCGMARXX00,2028,1.666
GLOBAL,PWRCCGMARXX00,2029,1.666
GLOBAL,PWRCCGMARXX00,2030,1.666
GLOBAL,PWRCCGMARXX00,2031,1.666
GLOBAL,PWRCCGMARXX00,2032,1.666
GLOBAL,PWRCCGMARXX00,2033,1.666
GLOBAL,PWRCCGMARXX00,2034,1.666
GLOBAL,PWRCCGMARXX00,2035,1.666
GLOBAL,PWRCCGMARXX00,2036,1.272
GLOBAL,PWRCCGMARXX00,2037,1.272
GLOBAL,PWRCCGMARXX00,2038,1.272
GLOBAL,PWRCCGMARXX00,2039,1.272
GLOBAL,PWRCCGMARXX00,2040,0.8
GLOBAL,PWRCCGMARXX00,2041,0.0
GLOBAL,PWRCCGMARXX00,2042,0.0
GLOBAL,PWRCCGMARXX00,2043,0.0
GLOBAL,PWRCCGMARXX00,2044,0.0
GLOBAL,PWRCCGMARXX00,2045,0.0
GLOBAL,PWRCCGMARXX00,2046,0.0
GLOBAL,PWRCCGMARXX00,2047,0.0
GLOBAL,PWRCCGMARXX00,2048,0.0
GLOBAL,PWRCCGMARXX00,2049,0.0
GLOBAL,PWRCCGMARXX00,2050,0.0
GLOBAL,PWRCOAMARXX01,2021,2.921
GLOBAL,PWRCOAMARXX01,2022,2.921
GLOBAL,PWRCOAMARXX01,2023,2.921
GLOBAL,PWRCOAMARXX01,2024,2.921
GLOBAL,PWRCOAMARXX01,2025,0.898
GLOBAL,PWRCOAMARXX01,2026,0.898
GLOBAL,PWRCOAMARXX01,2027,0.898
GLOBAL,PWRCOAMARXX01,2028,0.816
GLOBAL,PWRCOAMARXX01,2029,0.816
GLOBAL,PWRCOAMARXX01,2030,0.816
GLOBAL,PWRCOAMARXX01,2031,0.816
GLOBAL,PWRCOAMARXX01,2032,0.816
GLOBAL,PWRCOAMARXX01,2033,0.3
GLOBAL,PWRCOAMARXX01,2034,0.0
GLOBAL,PWRCOAMARXX01,2035,0.0
GLOBAL,PWRCOAMARXX01,2036,0.0
GLOBAL,PWRCOAMARXX01,2037,0.0
GLOBAL,PWRCOAMARXX01,2038,0.0
GLOBAL,PWRCOAMARXX01,2039,0.0
GLOBAL,PWRCOAMARXX01,2040,0.0
GLOBAL,PWRCOAMARXX01,2041,0.0
GLOBAL,PWRCOAMARXX01,2042,0.0
GLOBAL,PWRCOAMARXX01,2043,0.0
GLOBAL,PWRCOAMARXX01,2044,0.0
GLOBAL,PWRCOAMARXX01,2045,0.0
GLOBAL,PWRCOAMARXX01,2046,0.0
GLOBAL,PWRCOAMARXX01,2047,0.0
GLOBAL,PWRCOAMARXX01,2048,0.0
GLOBAL,PWRCOAMARXX01,2049,0.0
GLOBAL,PWRCOAMARXX01,2050,0.0
GLOBAL,PWRCSPMARXX01,2021,0.69
GLOBAL,PWRCSPMARXX01,2022,0.69
GLOBAL,PWRCSPMARXX01,2023,0.69
GLOBAL,PWRCSPMARXX01,2024,0.69
GLOBAL,PWRCSPMARXX01,2025,0.69
GLOBAL,PWRCSPMARXX01,2026,0.69
GLOBAL,PWRCSPMARXX01,2027,0.69
GLOBAL,PWRCSPMARXX01,2028,0.69
GLOBAL,PWRCSPMARXX01,2029,0.69
GLOBAL,PWRCSPMARXX01,2030,0.69
GLOBAL,PWRCSPMARXX01,2031,0.69
GLOBAL,PWRCSPMARXX01,2032,0.69
GLOBAL,PWRCSPMARXX01,2033,0.69
GLOBAL,PWRCSPMARXX01,2034,0.69
GLOBAL,PWRCSPMARXX01,2035,0.69
GLOBAL,PWRCSPMARXX01,2036,0.69
GLOBAL,PWRCSPMARXX01,2037,0.69
GLOBAL,PWRCSPMARXX01,2038,0.69
GLOBAL,PWRCSPMARXX01,2039,0.69
GLOBAL,PWRCSPMARXX01,2040,0.51
GLOBAL,PWRCSPMARXX01,2041,0.51
GLOBAL,PWRCSPMARXX01,2042,0.51
GLOBAL,PWRCSPMARXX01,2043,0.51
GLOBAL,PWRCSPMARXX01,2044,0.51
GLOBAL,PWRCSPMARXX01,2045,0.51
GLOBAL,PWRCSPMARXX01,2046,0.51
GLOBAL,PWRCSPMARXX01,2047,0.35
GLOBAL,PWRCSPMARXX01,2048,0.2
GLOBAL,PWRCSPMARXX01,2049,0.0
GLOBAL,PWRCSPMARXX01,2050,0.0
GLOBAL,PWRHYDMARXX01,2021,1.677
GLOBAL,PWRHYDMARXX01,2022,1.677
GLOBAL,PWRHYDMARXX01,2023,1.677
GLOBAL,PWRHYDMARXX01,2024,1.677
GLOBAL,PWRHYDMARXX01,2025,1.677
GLOBAL,PWRHYDMARXX01,2026,1.677
GLOBAL,PWRHYDMARXX01,2027,1.677
GLOBAL,PWRHYDMARXX01,2028,1.677
GLOBAL,PWRHYDMARXX01,2029,1.677
GLOBAL,PWRHYDMARXX01,2030,1.677
GLOBAL,PWRHYDMARXX01,2031,1.677
GLOBAL,PWRHYDMARXX01,2032,1.677
GLOBAL,PWRHYDMARXX01,2033,1.677
GLOBAL,PWRHYDMARXX01,2034,1.677
GLOBAL,PWRHYDMARXX01,2035,1.677
GLOBAL,PWRHYDMARXX01,2036,1.677
GLOBAL,PWRHYDMARXX01,2037,1.677
GLOBAL,PWRHYDMARXX01,2038,1.677
GLOBAL,PWRHYDMARXX01,2039,1.668
GLOBAL,PWRHYDMARXX01,2040,1.668
GLOBAL,PWRHYDMARXX01,2041,1.668
GLOBAL,PWRHYDMARXX01,2042,1.668
GLOBAL,PWRHYDMARXX01,2043,1.668
GLOBAL,PWRHYDMARXX01,2044,1.668
GLOBAL,PWRHYDMARXX01,2045,1.668
GLOBAL,PWRHYDMARXX01,2046,1.668
GLOBAL,PWRHYDMARXX01,2047,1.66
GLOBAL,PWRHYDMARXX01,2048,1.628
GLOBAL,PWRHYDMARXX01,2049,1.628
GLOBAL,PWRHYDMARXX01,2050,1.628
GLOBAL,PWROILMARXX01,2021,0.777
GLOBAL,PWROILMARXX01,2022,0.777
GLOBAL,PWROILMARXX01,2023,0.777
GLOBAL,PWROILMARXX01,2024,0.777
GLOBAL,PWROILMARXX01,2025,0.579
GLOBAL,PWROILMARXX01,2026,0.579
GLOBAL,PWROILMARXX01,2027,0.579
GLOBAL,PWROILMARXX01,2028,0.579
GLOBAL,PWROILMARXX01,2029,0.44
GLOBAL,PWROILMARXX01,2030,0.44
GLOBAL,PWROILMARXX01,2031,0.44
GLOBAL,PWROILMARXX01,2032,0.44
GLOBAL,PWROILMARXX01,2033,0.417
GLOBAL,PWROILMARXX01,2034,0.117
GLOBAL,PWROILMARXX01,2035,0.117
GLOBAL,PWROILMARXX01,2036,0.117
GLOBAL,PWROILMARXX01,2037,0.117
GLOBAL,PWROILMARXX01,2038,0.117
GLOBAL,PWROILMARXX01,2039,0.117
GLOBAL,PWROILMARXX01,2040,0.0
GLOBAL,PWROILMARXX01,2041,0.0
GLOBAL,PWROILMARXX01,2042,0.0
GLOBAL,PWROILMARXX01,2043,0.0
GLOBAL,PWROILMARXX01,2044,0.0
GLOBAL,PWROILMARXX01,2045,0.0
GLOBAL,PWROILMARXX01,2046,0.0
GLOBAL,PWROILMARXX01,2047,0.0
GLOBAL,PWROILMARXX01,2048,0.0
GLOBAL,PWROILMARXX01,2049,0.0
GLOBAL,PWROILMARXX01,2050,0.0
GLOBAL,PWRWONMARXX01,2021,1.2663
GLOBAL,PWRWONMARXX01,2022,1.2663
GLOBAL,PWRWONMARXX01,2023,1.2663
GLOBAL,PWRWONMARXX01,2024,1.2663
GLOBAL,PWRWONMARXX01,2025,1.2663
GLOBAL,PWRWONMARXX01,2026,1.2663
GLOBAL,PWRWONMARXX01,2027,1.2663
GLOBAL,PWRWONMARXX01,2028,1.2663
GLOBAL,PWRWONMARXX01,2029,1.2663
GLOBAL,PWRWONMARXX01,2030,1.2663
GLOBAL,PWRWONMARXX01,2031,1.2163
GLOBAL,PWRWONMARXX01,2032,1.2163
GLOBAL,PWRWONMARXX01,2033,1.2163
GLOBAL,PWRWONMARXX01,2034,1.2163
GLOBAL,PWRWONMARXX01,2035,1.2163
GLOBAL,PWRWONMARXX01,2036,1.2163
GLOBAL,PWRWONMARXX01,2037,1.2163
GLOBAL,PWRWONMARXX01,2038,1.1564
GLOBAL,PWRWONMARXX01,2039,1.1564
GLOBAL,PWRWONMARXX01,2040,0.873
GLOBAL,PWRWONMARXX01,2041,0.873
GLOBAL,PWRWONMARXX01,2042,0.873
GLOBAL,PWRWONMARXX01,2043,0.873
GLOBAL,PWRWONMARXX01,2044,0.773
GLOBAL,PWRWONMARXX01,2045,0.472
GLOBAL,PWRWONMARXX01,2046,0.472
GLOBAL,PWRWONMARXX01,2047,0.15
GLOBAL,PWRWONMARXX01,2048,0.0
GLOBAL,PWRWONMARXX01,2049,0.0
GLOBAL,PWRWONMARXX01,2050,0.0
GLOBAL,PWRCCGMDAXX00,2021,0.24
GLOBAL,PWRCCGMDAXX00,2022,0.24
GLOBAL,PWRCCGMDAXX00,2023,0.24
GLOBAL,PWRCCGMDAXX00,2024,0.24
GLOBAL,PWRCCGMDAXX00,2025,0.0
GLOBAL,PWRCCGMDAXX00,2026,0.0
GLOBAL,PWRCCGMDAXX00,2027,0.0
GLOBAL,PWRCCGMDAXX00,2028,0.0
GLOBAL,PWRCCGMDAXX00,2029,0.0
GLOBAL,PWRCCGMDAXX00,2030,0.0
GLOBAL,PWRCCGMDAXX00,2031,0.0
GLOBAL,PWRCCGMDAXX00,2032,0.0
GLOBAL,PWRCCGMDAXX00,2033,0.0
GLOBAL,PWRCCGMDAXX00,2034,0.0
GLOBAL,PWRCCGMDAXX00,2035,0.0
GLOBAL,PWRCCGMDAXX00,2036,0.0
GLOBAL,PWRCCGMDAXX00,2037,0.0
GLOBAL,PWRCCGMDAXX00,2038,0.0
GLOBAL,PWRCCGMDAXX00,2039,0.0
GLOBAL,PWRCCGMDAXX00,2040,0.0
GLOBAL,PWRCCGMDAXX00,2041,0.0
GLOBAL,PWRCCGMDAXX00,2042,0.0
GLOBAL,PWRCCGMDAXX00,2043,0.0
GLOBAL,PWRCCGMDAXX00,2044,0.0
GLOBAL,PWRCCGMDAXX00,2045,0.0
GLOBAL,PWRCCGMDAXX00,2046,0.0
GLOBAL,PWRCCGMDAXX00,2047,0.0
GLOBAL,PWRCCGMDAXX00,2048,0.0
GLOBAL,PWRCCGMDAXX00,2049,0.0
GLOBAL,PWRCCGMDAXX00,2050,0.0
GLOBAL,PWRCOAMDAXX01,2021,2.52
GLOBAL,PWRCOAMDAXX01,2022,2.52
GLOBAL,PWRCOAMDAXX01,2023,2.52
GLOBAL,PWRCOAMDAXX01,2024,2.52
GLOBAL,PWRCOAMDAXX01,2025,2.52
GLOBAL,PWRCOAMDAXX01,2026,2.52
GLOBAL,PWRCOAMDAXX01,2027,2.52
GLOBAL,PWRCOAMDAXX01,2028,0.0
GLOBAL,PWRCOAMDAXX01,2029,0.0
GLOBAL,PWRCOAMDAXX01,2030,0.0
GLOBAL,PWRCOAMDAXX01,2031,0.0
GLOBAL,PWRCOAMDAXX01,2032,0.0
GLOBAL,PWRCOAMDAXX01,2033,0.0
GLOBAL,PWRCOAMDAXX01,2034,0.0
GLOBAL,PWRCOAMDAXX01,2035,0.0
GLOBAL,PWRCOAMDAXX01,2036,0.0
GLOBAL,PWRCOAMDAXX01,2037,0.0
GLOBAL,PWRCOAMDAXX01,2038,0.0
GLOBAL,PWRCOAMDAXX01,2039,0.0
GLOBAL,PWRCOAMDAXX01,2040,0.0
GLOBAL,PWRCOAMDAXX01,2041,0.0
GLOBAL,PWRCOAMDAXX01,2042,0.0
GLOBAL,PWRCOAMDAXX01,2043,0.0
GLOBAL,PWRCOAMDAXX01,2044,0.0
GLOBAL,PWRCOAMDAXX01,2045,0.0
GLOBAL,PWRCOAMDAXX01,2046,0.0
GLOBAL,PWRCOAMDAXX01,2047,0.0
GLOBAL,PWRCOAMDAXX01,2048,0.0
GLOBAL,PWRCOAMDAXX01,2049,0.0
GLOBAL,PWRCOAMDAXX01,2050,0.0
GLOBAL,PWRHYDMDAXX01,2021,0.064
GLOBAL,PWRHYDMDAXX01,2022,0.064
GLOBAL,PWRHYDMDAXX01,2023,0.064
GLOBAL,PWRHYDMDAXX01,2024,0.064
GLOBAL,PWRHYDMDAXX01,2025,0.064
GLOBAL,PWRHYDMDAXX01,2026,0.064
GLOBAL,PWRHYDMDAXX01,2027,0.064
GLOBAL,PWRHYDMDAXX01,2028,0.064
GLOBAL,PWRHYDMDAXX01,2029,0.064
GLOBAL,PWRHYDMDAXX01,2030,0.064
GLOBAL,PWRHYDMDAXX01,2031,0.064
GLOBAL,PWRHYDMDAXX01,2032,0.064
GLOBAL,PWRHYDMDAXX01,2033,0.064
GLOBAL,PWRHYDMDAXX01,2034,0.064
GLOBAL,PWRHYDMDAXX01,2035,0.064
GLOBAL,PWRHYDMDAXX01,2036,0.064
GLOBAL,PWRHYDMDAXX01,2037,0.064
GLOBAL,PWRHYDMDAXX01,2038,0.064
GLOBAL,PWRHYDMDAXX01,2039,0.064
GLOBAL,PWRHYDMDAXX01,2040,0.064
GLOBAL,PWRHYDMDAXX01,2041,0.064
GLOBAL,PWRHYDMDAXX01,2042,0.064
GLOBAL,PWRHYDMDAXX01,2043,0.064
GLOBAL,PWRHYDMDAXX01,2044,0.064
GLOBAL,PWRHYDMDAXX01,2045,0.064
GLOBAL,PWRHYDMDAXX01,2046,0.064
GLOBAL,PWRHYDMDAXX01,2047,0.064
GLOBAL,PWRHYDMDAXX01,2048,0.064
GLOBAL,PWRHYDMDAXX01,2049,0.064
GLOBAL,PWRHYDMDAXX01,2050,0.064
GLOBAL,PWROCGMDAXX00,2021,0.09
GLOBAL,PWROCGMDAXX00,2022,0.09
GLOBAL,PWROCGMDAXX00,2023,0.09
GLOBAL,PWROCGMDAXX00,2024,0.09
GLOBAL,PWROCGMDAXX00,2025,0.0
GLOBAL,PWROCGMDAXX00,2026,0.0
GLOBAL,PWROCGMDAXX00,2027,0.0
GLOBAL,PWROCGMDAXX00,2028,0.0
GLOBAL,PWROCGMDAXX00,2029,0.0
GLOBAL,PWROCGMDAXX00,2030,0.0
GLOBAL,PWROCGMDAXX00,2031,0.0
GLOBAL,PWROCGMDAXX00,2032,0.0
GLOBAL,PWROCGMDAXX00,2033,0.0
GLOBAL,PWROCGMDAXX00,2034,0.0
GLOBAL,PWROCGMDAXX00,2035,0.0
GLOBAL,PWROCGMDAXX00,2036,0.0
GLOBAL,PWROCGMDAXX00,2037,0.0
GLOBAL,PWROCGMDAXX00,2038,0.0
GLOBAL,PWROCGMDAXX00,2039,0.0
GLOBAL,PWROCGMDAXX00,2040,0.0
GLOBAL,PWROCGMDAXX00,2041,0.0
GLOBAL,PWROCGMDAXX00,2042,0.0
GLOBAL,PWROCGMDAXX00,2043,0.0
GLOBAL,PWROCGMDAXX00,2044,0.0
GLOBAL,PWROCGMDAXX00,2045,0.0
GLOBAL,PWROCGMDAXX00,2046,0.0
GLOBAL,PWROCGMDAXX00,2047,0.0
GLOBAL,PWROCGMDAXX00,2048,0.0
GLOBAL,PWROCGMDAXX00,2049,0.0
GLOBAL,PWROCGMDAXX00,2050,0.0
GLOBAL,PWRCOAMDGXX01,2021,0.2667
GLOBAL,PWRCOAMDGXX01,2022,0.2667
GLOBAL,PWRCOAMDGXX01,2023,0.2667
GLOBAL,PWRCOAMDGXX01,2024,0.2667
GLOBAL,PWRCOAMDGXX01,2025,0.2667
GLOBAL,PWRCOAMDGXX01,2026,0.2667
GLOBAL,PWRCOAMDGXX01,2027,0.2667
GLOBAL,PWRCOAMDGXX01,2028,0.0
GLOBAL,PWRCOAMDGXX01,2029,0.0
GLOBAL,PWRCOAMDGXX01,2030,0.0
GLOBAL,PWRCOAMDGXX01,2031,0.0
GLOBAL,PWRCOAMDGXX01,2032,0.0
GLOBAL,PWRCOAMDGXX01,2033,0.0
GLOBAL,PWRCOAMDGXX01,2034,0.0
GLOBAL,PWRCOAMDGXX01,2035,0.0
GLOBAL,PWRCOAMDGXX01,2036,0.0
GLOBAL,PWRCOAMDGXX01,2037,0.0
GLOBAL,PWRCOAMDGXX01,2038,0.0
GLOBAL,PWRCOAMDGXX01,2039,0.0
GLOBAL,PWRCOAMDGXX01,2040,0.0
GLOBAL,PWRCOAMDGXX01,2041,0.0
GLOBAL,PWRCOAMDGXX01,2042,0.0
GLOBAL,PWRCOAMDGXX01,2043,0.0
GLOBAL,PWRCOAMDGXX01,2044,0.0
GLOBAL,PWRCOAMDGXX01,2045,0.0
GLOBAL,PWRCOAMDGXX01,2046,0.0
GLOBAL,PWRCOAMDGXX01,2047,0.0
GLOBAL,PWRCOAMDGXX01,2048,0.0
GLOBAL,PWRCOAMDGXX01,2049,0.0
GLOBAL,PWRCOAMDGXX01,2050,0.0
GLOBAL,PWRHYDMDGXX01,2021,0.1644
GLOBAL,PWRHYDMDGXX01,2022,0.1644
GLOBAL,PWRHYDMDGXX01,2023,0.1644
GLOBAL,PWRHYDMDGXX01,2024,0.1644
GLOBAL,PWRHYDMDGXX01,2025,0.1644
GLOBAL,PWRHYDMDGXX01,2026,0.1644
GLOBAL,PWRHYDMDGXX01,2027,0.1644
GLOBAL,PWRHYDMDGXX01,2028,0.1644
GLOBAL,PWRHYDMDGXX01,2029,0.1644
GLOBAL,PWRHYDMDGXX01,2030,0.1644
GLOBAL,PWRHYDMDGXX01,2031,0.1644
GLOBAL,PWRHYDMDGXX01,2032,0.1644
GLOBAL,PWRHYDMDGXX01,2033,0.1644
GLOBAL,PWRHYDMDGXX01,2034,0.1644
GLOBAL,PWRHYDMDGXX01,2035,0.1644
GLOBAL,PWRHYDMDGXX01,2036,0.1644
GLOBAL,PWRHYDMDGXX01,2037,0.1644
GLOBAL,PWRHYDMDGXX01,2038,0.1644
GLOBAL,PWRHYDMDGXX01,2039,0.1644
GLOBAL,PWRHYDMDGXX01,2040,0.1644
GLOBAL,PWRHYDMDGXX01,2041,0.1644
GLOBAL,PWRHYDMDGXX01,2042,0.1644
GLOBAL,PWRHYDMDGXX01,2043,0.1644
GLOBAL,PWRHYDMDGXX01,2044,0.1644
GLOBAL,PWRHYDMDGXX01,2045,0.1644
GLOBAL,PWRHYDMDGXX01,2046,0.1644
GLOBAL,PWRHYDMDGXX01,2047,0.1644
GLOBAL,PWRHYDMDGXX01,2048,0.1644
GLOBAL,PWRHYDMDGXX01,2049,0.1644
GLOBAL,PWRHYDMDGXX01,2050,0.1644
GLOBAL,PWROCGMDGXX00,2021,0.03
GLOBAL,PWROCGMDGXX00,2022,0.03
GLOBAL,PWROCGMDGXX00,2023,0.03
GLOBAL,PWROCGMDGXX00,2024,0.03
GLOBAL,PWROCGMDGXX00,2025,0.0
GLOBAL,PWROCGMDGXX00,2026,0.0
GLOBAL,PWROCGMDGXX00,2027,0.0
GLOBAL,PWROCGMDGXX00,2028,0.0
GLOBAL,PWROCGMDGXX00,2029,0.0
GLOBAL,PWROCGMDGXX00,2030,0.0
GLOBAL,PWROCGMDGXX00,2031,0.0
GLOBAL,PWROCGMDGXX00,2032,0.0
GLOBAL,PWROCGMDGXX00,2033,0.0
GLOBAL,PWROCGMDGXX00,2034,0.0
GLOBAL,PWROCGMDGXX00,2035,0.0
GLOBAL,PWROCGMDGXX00,2036,0.0
GLOBAL,PWROCGMDGXX00,2037,0.0
GLOBAL,PWROCGMDGXX00,2038,0.0
GLOBAL,PWROCGMDGXX00,2039,0.0
GLOBAL,PWROCGMDGXX00,2040,0.0
GLOBAL,PWROCGMDGXX00,2041,0.0
GLOBAL,PWROCGMDGXX00,2042,0.0
GLOBAL,PWROCGMDGXX00,2043,0.0
GLOBAL,PWROCGMDGXX00,2044,0.0
GLOBAL,PWROCGMDGXX00,2045,0.0
GLOBAL,PWROCGMDGXX00,2046,0.0
GLOBAL,PWROCGMDGXX00,2047,0.0
GLOBAL,PWROCGMDGXX00,2048,0.0
GLOBAL,PWROCGMDGXX00,2049,0.0
GLOBAL,PWROCGMDGXX00,2050,0.0
GLOBAL,PWROILMDGXX01,2021,0.1619
GLOBAL,PWROILMDGXX01,2022,0.1619
GLOBAL,PWROILMDGXX01,2023,0.1619
GLOBAL,PWROILMDGXX01,2024,0.1619
GLOBAL,PWROILMDGXX01,2025,0.1619
GLOBAL,PWROILMDGXX01,2026,0.1619
GLOBAL,PWROILMDGXX01,2027,0.0
GLOBAL,PWROILMDGXX01,2028,0.0
GLOBAL,PWROILMDGXX01,2029,0.0
GLOBAL,PWROILMDGXX01,2030,0.0
GLOBAL,PWROILMDGXX01,2031,0.0
GLOBAL,PWROILMDGXX01,2032,0.0
GLOBAL,PWROILMDGXX01,2033,0.0
GLOBAL,PWROILMDGXX01,2034,0.0
GLOBAL,PWROILMDGXX01,2035,0.0
GLOBAL,PWROILMDGXX01,2036,0.0
GLOBAL,PWROILMDGXX01,2037,0.0
GLOBAL,PWROILMDGXX01,2038,0.0
GLOBAL,PWROILMDGXX01,2039,0.0
GLOBAL,PWROILMDGXX01,2040,0.0
GLOBAL,PWROILMDGXX01,2041,0.0
GLOBAL,PWROILMDGXX01,2042,0.0
GLOBAL,PWROILMDGXX01,2043,0.0
GLOBAL,PWROILMDGXX01,2044,0.0
GLOBAL,PWROILMDGXX01,2045,0.0
GLOBAL,PWROILMDGXX01,2046,0.0
GLOBAL,PWROILMDGXX01,2047,0.0
GLOBAL,PWROILMDGXX01,2048,0.0
GLOBAL,PWROILMDGXX01,2049,0.0
GLOBAL,PWROILMDGXX01,2050,0.0
GLOBAL,PWRBIOMEXXX01,2021,0.7566
GLOBAL,PWRBIOMEXXX01,2022,0.7566
GLOBAL,PWRBIOMEXXX01,2023,0.7566
GLOBAL,PWRBIOMEXXX01,2024,0.7566
GLOBAL,PWRBIOMEXXX01,2025,0.7566
GLOBAL,PWRBIOMEXXX01,2026,0.7566
GLOBAL,PWRBIOMEXXX01,2027,0.7566
GLOBAL,PWRBIOMEXXX01,2028,0.7566
GLOBAL,PWRBIOMEXXX01,2029,0.7566
GLOBAL,PWRBIOMEXXX01,2030,0.7566
GLOBAL,PWRBIOMEXXX01,2031,0.7566
GLOBAL,PWRBIOMEXXX01,2032,0.0
GLOBAL,PWRBIOMEXXX01,2033,0.0
GLOBAL,PWRBIOMEXXX01,2034,0.0
GLOBAL,PWRBIOMEXXX01,2035,0.0
GLOBAL,PWRBIOMEXXX01,2036,0.0
GLOBAL,PWRBIOMEXXX01,2037,0.0
GLOBAL,PWRBIOMEXXX01,2038,0.0
GLOBAL,PWRBIOMEXXX01,2039,0.0
GLOBAL,PWRBIOMEXXX01,2040,0.0
GLOBAL,PWRBIOMEXXX01,2041,0.0
GLOBAL,PWRBIOMEXXX01,2042,0.0
GLOBAL,PWRBIOMEXXX01,2043,0.0
GLOBAL,PWRBIOMEXXX01,2044,0.0
GLOBAL,PWRBIOMEXXX01,2045,0.0
GLOBAL,PWRBIOMEXXX01,2046,0.0
GLOBAL,PWRBIOMEXXX01,2047,0.0
GLOBAL,PWRBIOMEXXX01,2048,0.0
GLOBAL,PWRBIOMEXXX01,2049,0.0
GLOBAL,PWRBIOMEXXX01,2050,0.0
GLOBAL,PWRCCGMEXXX00,2021,32.6308
GLOBAL,PWRCCGMEXXX00,2022,32.6308
GLOBAL,PWRCCGMEXXX00,2023,32.6308
GLOBAL,PWRCCGMEXXX00,2024,32.6308
GLOBAL,PWRCCGMEXXX00,2025,0.0
GLOBAL,PWRCCGMEXXX00,2026,0.0
GLOBAL,PWRCCGMEXXX00,2027,0.0
GLOBAL,PWRCCGMEXXX00,2028,0.0
GLOBAL,PWRCCGMEXXX00,2029,0.0
GLOBAL,PWRCCGMEXXX00,2030,0.0
GLOBAL,PWRCCGMEXXX00,2031,0.0
GLOBAL,PWRCCGMEXXX00,2032,0.0
GLOBAL,PWRCCGMEXXX00,2033,0.0
GLOBAL,PWRCCGMEXXX00,2034,0.0
GLOBAL,PWRCCGMEXXX00,2035,0.0
GLOBAL,PWRCCGMEXXX00,2036,0.0
GLOBAL,PWRCCGMEXXX00,2037,0.0
GLOBAL,PWRCCGMEXXX00,2038,0.0
GLOBAL,PWRCCGMEXXX00,2039,0.0
GLOBAL,PWRCCGMEXXX00,2040,0.0
GLOBAL,PWRCCGMEXXX00,2041,0.0
GLOBAL,PWRCCGMEXXX00,2042,0.0
GLOBAL,PWRCCGMEXXX00,2043,0.0
GLOBAL,PWRCCGMEXXX00,2044,0.0
GLOBAL,PWRCCGMEXXX00,2045,0.0
GLOBAL,PWRCCGMEXXX00,2046,0.0
GLOBAL,PWRCCGMEXXX00,2047,0.0
GLOBAL,PWRCCGMEXXX00,2048,0.0
GLOBAL,PWRCCGMEXXX00,2049,0.0
GLOBAL,PWRCCGMEXXX00,2050,0.0
GLOBAL,PWRCOAMEXXX01,2021,6.0516
GLOBAL,PWRCOAMEXXX01,2022,6.0516
GLOBAL,PWRCOAMEXXX01,2023,6.0516
GLOBAL,PWRCOAMEXXX01,2024,6.0516
GLOBAL,PWRCOAMEXXX01,2025,6.0516
GLOBAL,PWRCOAMEXXX01,2026,6.0516
GLOBAL,PWRCOAMEXXX01,2027,6.0516
GLOBAL,PWRCOAMEXXX01,2028,0.0
GLOBAL,PWRCOAMEXXX01,2029,0.0
GLOBAL,PWRCOAMEXXX01,2030,0.0
GLOBAL,PWRCOAMEXXX01,2031,0.0
GLOBAL,PWRCOAMEXXX01,2032,0.0
GLOBAL,PWRCOAMEXXX01,2033,0.0
GLOBAL,PWRCOAMEXXX01,2034,0.0
GLOBAL,PWRCOAMEXXX01,2035,0.0
GLOBAL,PWRCOAMEXXX01,2036,0.0
GLOBAL,PWRCOAMEXXX01,2037,0.0
GLOBAL,PWRCOAMEXXX01,2038,0.0
GLOBAL,PWRCOAMEXXX01,2039,0.0
GLOBAL,PWRCOAMEXXX01,2040,0.0
GLOBAL,PWRCOAMEXXX01,2041,0.0
GLOBAL,PWRCOAMEXXX01,2042,0.0
GLOBAL,PWRCOAMEXXX01,2043,0.0
GLOBAL,PWRCOAMEXXX01,2044,0.0
GLOBAL,PWRCOAMEXXX01,2045,0.0
GLOBAL,PWRCOAMEXXX01,2046,0.0
GLOBAL,PWRCOAMEXXX01,2047,0.0
GLOBAL,PWRCOAMEXXX01,2048,0.0
GLOBAL,PWRCOAMEXXX01,2049,0.0
GLOBAL,PWRCOAMEXXX01,2050,0.0
GLOBAL,PWRGEOMEXXX01,2021,0.904
GLOBAL,PWRGEOMEXXX01,2022,0.904
GLOBAL,PWRGEOMEXXX01,2023,0.904
GLOBAL,PWRGEOMEXXX01,2024,0.904
GLOBAL,PWRGEOMEXXX01,2025,0.904
GLOBAL,PWRGEOMEXXX01,2026,0.0
GLOBAL,PWRGEOMEXXX01,2027,0.0
GLOBAL,PWRGEOMEXXX01,2028,0.0
GLOBAL,PWRGEOMEXXX01,2029,0.0
GLOBAL,PWRGEOMEXXX01,2030,0.0
GLOBAL,PWRGEOMEXXX01,2031,0.0
GLOBAL,PWRGEOMEXXX01,2032,0.0
GLOBAL,PWRGEOMEXXX01,2033,0.0
GLOBAL,PWRGEOMEXXX01,2034,0.0
GLOBAL,PWRGEOMEXXX01,2035,0.0
GLOBAL,PWRGEOMEXXX01,2036,0.0
GLOBAL,PWRGEOMEXXX01,2037,0.0
GLOBAL,PWRGEOMEXXX01,2038,0.0
GLOBAL,PWRGEOMEXXX01,2039,0.0
GLOBAL,PWRGEOMEXXX01,2040,0.0
GLOBAL,PWRGEOMEXXX01,2041,0.0
GLOBAL,PWRGEOMEXXX01,2042,0.0
GLOBAL,PWRGEOMEXXX01,2043,0.0
GLOBAL,PWRGEOMEXXX01,2044,0.0
GLOBAL,PWRGEOMEXXX01,2045,0.0
GLOBAL,PWRGEOMEXXX01,2046,0.0
GLOBAL,PWRGEOMEXXX01,2047,0.0
GLOBAL,PWRGEOMEXXX01,2048,0.0
GLOBAL,PWRGEOMEXXX01,2049,0.0
GLOBAL,PWRGEOMEXXX01,2050,0.0
GLOBAL,PWRHYDMEXXX01,2021,12.443
GLOBAL,PWRHYDMEXXX01,2022,12.443
GLOBAL,PWRHYDMEXXX01,2023,12.443
GLOBAL,PWRHYDMEXXX01,2024,12.443
GLOBAL,PWRHYDMEXXX01,2025,12.443
GLOBAL,PWRHYDMEXXX01,2026,12.443
GLOBAL,PWRHYDMEXXX01,2027,12.443
GLOBAL,PWRHYDMEXXX01,2028,12.443
GLOBAL,PWRHYDMEXXX01,2029,12.443
GLOBAL,PWRHYDMEXXX01,2030,12.443
GLOBAL,PWRHYDMEXXX01,2031,12.443
GLOBAL,PWRHYDMEXXX01,2032,12.443
GLOBAL,PWRHYDMEXXX01,2033,12.443
GLOBAL,PWRHYDMEXXX01,2034,12.443
GLOBAL,PWRHYDMEXXX01,2035,12.443
GLOBAL,PWRHYDMEXXX01,2036,12.443
GLOBAL,PWRHYDMEXXX01,2037,12.443
GLOBAL,PWRHYDMEXXX01,2038,12.443
GLOBAL,PWRHYDMEXXX01,2039,12.443
GLOBAL,PWRHYDMEXXX01,2040,12.443
GLOBAL,PWRHYDMEXXX01,2041,12.443
GLOBAL,PWRHYDMEXXX01,2042,12.443
GLOBAL,PWRHYDMEXXX01,2043,12.443
GLOBAL,PWRHYDMEXXX01,2044,12.443
GLOBAL,PWRHYDMEXXX01,2045,12.443
GLOBAL,PWRHYDMEXXX01,2046,12.443
GLOBAL,PWRHYDMEXXX01,2047,12.443
GLOBAL,PWRHYDMEXXX01,2048,12.443
GLOBAL,PWRHYDMEXXX01,2049,12.443
GLOBAL,PWRHYDMEXXX01,2050,12.443
GLOBAL,PWROCGMEXXX00,2021,0.599
GLOBAL,PWROCGMEXXX00,2022,0.599
GLOBAL,PWROCGMEXXX00,2023,0.599
GLOBAL,PWROCGMEXXX00,2024,0.599
GLOBAL,PWROCGMEXXX00,2025,0.0
GLOBAL,PWROCGMEXXX00,2026,0.0
GLOBAL,PWROCGMEXXX00,2027,0.0
GLOBAL,PWROCGMEXXX00,2028,0.0
GLOBAL,PWROCGMEXXX00,2029,0.0
GLOBAL,PWROCGMEXXX00,2030,0.0
GLOBAL,PWROCGMEXXX00,2031,0.0
GLOBAL,PWROCGMEXXX00,2032,0.0
GLOBAL,PWROCGMEXXX00,2033,0.0
GLOBAL,PWROCGMEXXX00,2034,0.0
GLOBAL,PWROCGMEXXX00,2035,0.0
GLOBAL,PWROCGMEXXX00,2036,0.0
GLOBAL,PWROCGMEXXX00,2037,0.0
GLOBAL,PWROCGMEXXX00,2038,0.0
GLOBAL,PWROCGMEXXX00,2039,0.0
GLOBAL,PWROCGMEXXX00,2040,0.0
GLOBAL,PWROCGMEXXX00,2041,0.0
GLOBAL,PWROCGMEXXX00,2042,0.0
GLOBAL,PWROCGMEXXX00,2043,0.0
GLOBAL,PWROCGMEXXX00,2044,0.0
GLOBAL,PWROCGMEXXX00,2045,0.0
GLOBAL,PWROCGMEXXX00,2046,0.0
GLOBAL,PWROCGMEXXX00,2047,0.0
GLOBAL,PWROCGMEXXX00,2048,0.0
GLOBAL,PWROCGMEXXX00,2049,0.0
GLOBAL,PWROCGMEXXX00,2050,0.0
GLOBAL,PWROILMEXXX01,2021,11.525
GLOBAL,PWROILMEXXX01,2022,11.525
GLOBAL,PWROILMEXXX01,2023,11.525
GLOBAL,PWROILMEXXX01,2024,11.525
GLOBAL,PWROILMEXXX01,2025,11.525
GLOBAL,PWROILMEXXX01,2026,11.525
GLOBAL,PWROILMEXXX01,2027,0.0
GLOBAL,PWROILMEXXX01,2028,0.0
GLOBAL,PWROILMEXXX01,2029,0.0
GLOBAL,PWROILMEXXX01,2030,0.0
GLOBAL,PWROILMEXXX01,2031,0.0
GLOBAL,PWROILMEXXX01,2032,0.0
GLOBAL,PWROILMEXXX01,2033,0.0
GLOBAL,PWROILMEXXX01,2034,0.0
GLOBAL,PWROILMEXXX01,2035,0.0
GLOBAL,PWROILMEXXX01,2036,0.0
GLOBAL,PWROILMEXXX01,2037,0.0
GLOBAL,PWROILMEXXX01,2038,0.0
GLOBAL,PWROILMEXXX01,2039,0.0
GLOBAL,PWROILMEXXX01,2040,0.0
GLOBAL,PWROILMEXXX01,2041,0.0
GLOBAL,PWROILMEXXX01,2042,0.0
GLOBAL,PWROILMEXXX01,2043,0.0
GLOBAL,PWROILMEXXX01,2044,0.0
GLOBAL,PWROILMEXXX01,2045,0.0
GLOBAL,PWROILMEXXX01,2046,0.0
GLOBAL,PWROILMEXXX01,2047,0.0
GLOBAL,PWROILMEXXX01,2048,0.0
GLOBAL,PWROILMEXXX01,2049,0.0
GLOBAL,PWROILMEXXX01,2050,0.0
GLOBAL,PWRSPVMEXXX01,2021,0.1732
GLOBAL,PWRSPVMEXXX01,2022,0.1732
GLOBAL,PWRSPVMEXXX01,2023,0.1732
GLOBAL,PWRSPVMEXXX01,2024,0.1732
GLOBAL,PWRSPVMEXXX01,2025,0.1732
GLOBAL,PWRSPVMEXXX01,2026,0.1732
GLOBAL,PWRSPVMEXXX01,2027,0.1732
GLOBAL,PWRSPVMEXXX01,2028,0.1732
GLOBAL,PWRSPVMEXXX01,2029,0.1732
GLOBAL,PWRSPVMEXXX01,2030,0.1732
GLOBAL,PWRSPVMEXXX01,2031,0.1732
GLOBAL,PWRSPVMEXXX01,2032,0.1732
GLOBAL,PWRSPVMEXXX01,2033,0.1732
GLOBAL,PWRSPVMEXXX01,2034,0.1732
GLOBAL,PWRSPVMEXXX01,2035,0.1732
GLOBAL,PWRSPVMEXXX01,2036,0.1732
GLOBAL,PWRSPVMEXXX01,2037,0.1732
GLOBAL,PWRSPVMEXXX01,2038,0.1732
GLOBAL,PWRSPVMEXXX01,2039,0.1732
GLOBAL,PWRSPVMEXXX01,2040,0.1732
GLOBAL,PWRSPVMEXXX01,2041,0.1732
GLOBAL,PWRSPVMEXXX01,2042,0.1732
GLOBAL,PWRSPVMEXXX01,2043,0.1732
GLOBAL,PWRSPVMEXXX01,2044,0.1732
GLOBAL,PWRSPVMEXXX01,2045,0.0
GLOBAL,PWRSPVMEXXX01,2046,0.0
GLOBAL,PWRSPVMEXXX01,2047,0.0
GLOBAL,PWRSPVMEXXX01,2048,0.0
GLOBAL,PWRSPVMEXXX01,2049,0.0
GLOBAL,PWRSPVMEXXX01,2050,0.0
GLOBAL,PWRURNMEXXX01,2021,1.509
GLOBAL,PWRURNMEXXX01,2022,1.509
GLOBAL,PWRURNMEXXX01,2023,1.509
GLOBAL,PWRURNMEXXX01,2024,1.509
GLOBAL,PWRURNMEXXX01,2025,1.509
GLOBAL,PWRURNMEXXX01,2026,1.509
GLOBAL,PWRURNMEXXX01,2027,1.509
GLOBAL,PWRURNMEXXX01,2028,1.509
GLOBAL,PWRURNMEXXX01,2029,1.509
GLOBAL,PWRURNMEXXX01,2030,1.509
GLOBAL,PWRURNMEXXX01,2031,1.509
GLOBAL,PWRURNMEXXX01,2032,1.509
GLOBAL,PWRURNMEXXX01,2033,1.509
GLOBAL,PWRURNMEXXX01,2034,1.509
GLOBAL,PWRURNMEXXX01,2035,1.509
GLOBAL,PWRURNMEXXX01,2036,1.509
GLOBAL,PWRURNMEXXX01,2037,1.509
GLOBAL,PWRURNMEXXX01,2038,1.509
GLOBAL,PWRURNMEXXX01,2039,1.509
GLOBAL,PWRURNMEXXX01,2040,1.509
GLOBAL,PWRURNMEXXX01,2041,1.509
GLOBAL,PWRURNMEXXX01,2042,1.509
GLOBAL,PWRURNMEXXX01,2043,1.509
GLOBAL,PWRURNMEXXX01,2044,1.509
GLOBAL,PWRURNMEXXX01,2045,0.0
GLOBAL,PWRURNMEXXX01,2046,0.0
GLOBAL,PWRURNMEXXX01,2047,0.0
GLOBAL,PWRURNMEXXX01,2048,0.0
GLOBAL,PWRURNMEXXX01,2049,0.0
GLOBAL,PWRURNMEXXX01,2050,0.0
GLOBAL,PWRWONMEXXX01,2021,3.2722
GLOBAL,PWRWONMEXXX01,2022,3.2722
GLOBAL,PWRWONMEXXX01,2023,3.2722
GLOBAL,PWRWONMEXXX01,2024,3.2722
GLOBAL,PWRWONMEXXX01,2025,3.2722
GLOBAL,PWRWONMEXXX01,2026,3.2722
GLOBAL,PWRWONMEXXX01,2027,3.2722
GLOBAL,PWRWONMEXXX01,2028,3.2722
GLOBAL,PWRWONMEXXX01,2029,3.2722
GLOBAL,PWRWONMEXXX01,2030,3.2722
GLOBAL,PWRWONMEXXX01,2031,3.2722
GLOBAL,PWRWONMEXXX01,2032,3.2722
GLOBAL,PWRWONMEXXX01,2033,3.2722
GLOBAL,PWRWONMEXXX01,2034,3.2722
GLOBAL,PWRWONMEXXX01,2035,3.2722
GLOBAL,PWRWONMEXXX01,2036,3.2722
GLOBAL,PWRWONMEXXX01,2037,3.2722
GLOBAL,PWRWONMEXXX01,2038,3.2722
GLOBAL,PWRWONMEXXX01,2039,3.2722
GLOBAL,PWRWONMEXXX01,2040,0.0
GLOBAL,PWRWONMEXXX01,2041,0.0
GLOBAL,PWRWONMEXXX01,2042,0.0
GLOBAL,PWRWONMEXXX01,2043,0.0
GLOBAL,PWRWONMEXXX01,2044,0.0
GLOBAL,PWRWONMEXXX01,2045,0.0
GLOBAL,PWRWONMEXXX01,2046,0.0
GLOBAL,PWRWONMEXXX01,2047,0.0
GLOBAL,PWRWONMEXXX01,2048,0.0
GLOBAL,PWRWONMEXXX01,2049,0.0
GLOBAL,PWRWONMEXXX01,2050,0.0
GLOBAL,PWRCOAMKDXX01,2021,1.076
GLOBAL,PWRCOAMKDXX01,2022,1.076
GLOBAL,PWRCOAMKDXX01,2023,1.076
GLOBAL,PWRCOAMKDXX01,2024,1.076
GLOBAL,PWRCOAMKDXX01,2025,1.076
GLOBAL,PWRCOAMKDXX01,2026,1.076
GLOBAL,PWRCOAMKDXX01,2027,1.076
GLOBAL,PWRCOAMKDXX01,2028,0.0
GLOBAL,PWRCOAMKDXX01,2029,0.0
GLOBAL,PWRCOAMKDXX01,2030,0.0
GLOBAL,PWRCOAMKDXX01,2031,0.0
GLOBAL,PWRCOAMKDXX01,2032,0.0
GLOBAL,PWRCOAMKDXX01,2033,0.0
GLOBAL,PWRCOAMKDXX01,2034,0.0
GLOBAL,PWRCOAMKDXX01,2035,0.0
GLOBAL,PWRCOAMKDXX01,2036,0.0
GLOBAL,PWRCOAMKDXX01,2037,0.0
GLOBAL,PWRCOAMKDXX01,2038,0.0
GLOBAL,PWRCOAMKDXX01,2039,0.0
GLOBAL,PWRCOAMKDXX01,2040,0.0
GLOBAL,PWRCOAMKDXX01,2041,0.0
GLOBAL,PWRCOAMKDXX01,2042,0.0
GLOBAL,PWRCOAMKDXX01,2043,0.0
GLOBAL,PWRCOAMKDXX01,2044,0.0
GLOBAL,PWRCOAMKDXX01,2045,0.0
GLOBAL,PWRCOAMKDXX01,2046,0.0
GLOBAL,PWRCOAMKDXX01,2047,0.0
GLOBAL,PWRCOAMKDXX01,2048,0.0
GLOBAL,PWRCOAMKDXX01,2049,0.0
GLOBAL,PWRCOAMKDXX01,2050,0.0
GLOBAL,PWRHYDMKDXX01,2021,0.6324
GLOBAL,PWRHYDMKDXX01,2022,0.6324
GLOBAL,PWRHYDMKDXX01,2023,0.6324
GLOBAL,PWRHYDMKDXX01,2024,0.6324
GLOBAL,PWRHYDMKDXX01,2025,0.6324
GLOBAL,PWRHYDMKDXX01,2026,0.6324
GLOBAL,PWRHYDMKDXX01,2027,0.6324
GLOBAL,PWRHYDMKDXX01,2028,0.6324
GLOBAL,PWRHYDMKDXX01,2029,0.6324
GLOBAL,PWRHYDMKDXX01,2030,0.6324
GLOBAL,PWRHYDMKDXX01,2031,0.6324
GLOBAL,PWRHYDMKDXX01,2032,0.6324
GLOBAL,PWRHYDMKDXX01,2033,0.6324
GLOBAL,PWRHYDMKDXX01,2034,0.6324
GLOBAL,PWRHYDMKDXX01,2035,0.6324
GLOBAL,PWRHYDMKDXX01,2036,0.6324
GLOBAL,PWRHYDMKDXX01,2037,0.6324
GLOBAL,PWRHYDMKDXX01,2038,0.6324
GLOBAL,PWRHYDMKDXX01,2039,0.6324
GLOBAL,PWRHYDMKDXX01,2040,0.6324
GLOBAL,PWRHYDMKDXX01,2041,0.6324
GLOBAL,PWRHYDMKDXX01,2042,0.6324
GLOBAL,PWRHYDMKDXX01,2043,0.6324
GLOBAL,PWRHYDMKDXX01,2044,0.6324
GLOBAL,PWRHYDMKDXX01,2045,0.6324
GLOBAL,PWRHYDMKDXX01,2046,0.6324
GLOBAL,PWRHYDMKDXX01,2047,0.6324
GLOBAL,PWRHYDMKDXX01,2048,0.6324
GLOBAL,PWRHYDMKDXX01,2049,0.6324
GLOBAL,PWRHYDMKDXX01,2050,0.6324
GLOBAL,PWRSPVMKDXX01,2021,0.017
GLOBAL,PWRSPVMKDXX01,2022,0.017
GLOBAL,PWRSPVMKDXX01,2023,0.017
GLOBAL,PWRSPVMKDXX01,2024,0.017
GLOBAL,PWRSPVMKDXX01,2025,0.017
GLOBAL,PWRSPVMKDXX01,2026,0.017
GLOBAL,PWRSPVMKDXX01,2027,0.017
GLOBAL,PWRSPVMKDXX01,2028,0.017
GLOBAL,PWRSPVMKDXX01,2029,0.017
GLOBAL,PWRSPVMKDXX01,2030,0.017
GLOBAL,PWRSPVMKDXX01,2031,0.017
GLOBAL,PWRSPVMKDXX01,2032,0.017
GLOBAL,PWRSPVMKDXX01,2033,0.017
GLOBAL,PWRSPVMKDXX01,2034,0.017
GLOBAL,PWRSPVMKDXX01,2035,0.017
GLOBAL,PWRSPVMKDXX01,2036,0.017
GLOBAL,PWRSPVMKDXX01,2037,0.017
GLOBAL,PWRSPVMKDXX01,2038,0.017
GLOBAL,PWRSPVMKDXX01,2039,0.017
GLOBAL,PWRSPVMKDXX01,2040,0.017
GLOBAL,PWRSPVMKDXX01,2041,0.017
GLOBAL,PWRSPVMKDXX01,2042,0.017
GLOBAL,PWRSPVMKDXX01,2043,0.017
GLOBAL,PWRSPVMKDXX01,2044,0.017
GLOBAL,PWRSPVMKDXX01,2045,0.0
GLOBAL,PWRSPVMKDXX01,2046,0.0
GLOBAL,PWRSPVMKDXX01,2047,0.0
GLOBAL,PWRSPVMKDXX01,2048,0.0
GLOBAL,PWRSPVMKDXX01,2049,0.0
GLOBAL,PWRSPVMKDXX01,2050,0.0
GLOBAL,PWRHYDMLIXX01,2021,0.311
GLOBAL,PWRHYDMLIXX01,2022,0.311
GLOBAL,PWRHYDMLIXX01,2023,0.311
GLOBAL,PWRHYDMLIXX01,2024,0.311
GLOBAL,PWRHYDMLIXX01,2025,0.311
GLOBAL,PWRHYDMLIXX01,2026,0.311
GLOBAL,PWRHYDMLIXX01,2027,0.311
GLOBAL,PWRHYDMLIXX01,2028,0.311
GLOBAL,PWRHYDMLIXX01,2029,0.311
GLOBAL,PWRHYDMLIXX01,2030,0.311
GLOBAL,PWRHYDMLIXX01,2031,0.311
GLOBAL,PWRHYDMLIXX01,2032,0.311
GLOBAL,PWRHYDMLIXX01,2033,0.311
GLOBAL,PWRHYDMLIXX01,2034,0.311
GLOBAL,PWRHYDMLIXX01,2035,0.311
GLOBAL,PWRHYDMLIXX01,2036,0.311
GLOBAL,PWRHYDMLIXX01,2037,0.311
GLOBAL,PWRHYDMLIXX01,2038,0.311
GLOBAL,PWRHYDMLIXX01,2039,0.311
GLOBAL,PWRHYDMLIXX01,2040,0.311
GLOBAL,PWRHYDMLIXX01,2041,0.311
GLOBAL,PWRHYDMLIXX01,2042,0.311
GLOBAL,PWRHYDMLIXX01,2043,0.311
GLOBAL,PWRHYDMLIXX01,2044,0.311
GLOBAL,PWRHYDMLIXX01,2045,0.311
GLOBAL,PWRHYDMLIXX01,2046,0.311
GLOBAL,PWRHYDMLIXX01,2047,0.311
GLOBAL,PWRHYDMLIXX01,2048,0.311
GLOBAL,PWRHYDMLIXX01,2049,0.311
GLOBAL,PWRHYDMLIXX01,2050,0.311
GLOBAL,PWRCCGMMRXX00,2021,1.1336
GLOBAL,PWRCCGMMRXX00,2022,1.1336
GLOBAL,PWRCCGMMRXX00,2023,1.1336
GLOBAL,PWRCCGMMRXX00,2024,1.1336
GLOBAL,PWRCCGMMRXX00,2025,0.23
GLOBAL,PWRCCGMMRXX00,2026,0.23
GLOBAL,PWRCCGMMRXX00,2027,0.23
GLOBAL,PWRCCGMMRXX00,2028,0.23
GLOBAL,PWRCCGMMRXX00,2029,0.23
GLOBAL,PWRCCGMMRXX00,2030,0.23
GLOBAL,PWRCCGMMRXX00,2031,0.23
GLOBAL,PWRCCGMMRXX00,2032,0.23
GLOBAL,PWRCCGMMRXX00,2033,0.23
GLOBAL,PWRCCGMMRXX00,2034,0.23
GLOBAL,PWRCCGMMRXX00,2035,0.23
GLOBAL,PWRCCGMMRXX00,2036,0.23
GLOBAL,PWRCCGMMRXX00,2037,0.23
GLOBAL,PWRCCGMMRXX00,2038,0.23
GLOBAL,PWRCCGMMRXX00,2039,0.23
GLOBAL,PWRCCGMMRXX00,2040,0.23
GLOBAL,PWRCCGMMRXX00,2041,0.23
GLOBAL,PWRCCGMMRXX00,2042,0.23
GLOBAL,PWRCCGMMRXX00,2043,0.23
GLOBAL,PWRCCGMMRXX00,2044,0.23
GLOBAL,PWRCCGMMRXX00,2045,0.23
GLOBAL,PWRCCGMMRXX00,2046,0.23
GLOBAL,PWRCCGMMRXX00,2047,0.23
GLOBAL,PWRCCGMMRXX00,2048,0.0
GLOBAL,PWRCCGMMRXX00,2049,0.0
GLOBAL,PWRCCGMMRXX00,2050,0.0
GLOBAL,PWRCOAMMRXX01,2021,0.2525
GLOBAL,PWRCOAMMRXX01,2022,0.2525
GLOBAL,PWRCOAMMRXX01,2023,0.2525
GLOBAL,PWRCOAMMRXX01,2024,0.2525
GLOBAL,PWRCOAMMRXX01,2025,0.2525
GLOBAL,PWRCOAMMRXX01,2026,0.2525
GLOBAL,PWRCOAMMRXX01,2027,0.2525
GLOBAL,PWRCOAMMRXX01,2028,0.165
GLOBAL,PWRCOAMMRXX01,2029,0.165
GLOBAL,PWRCOAMMRXX01,2030,0.165
GLOBAL,PWRCOAMMRXX01,2031,0.165
GLOBAL,PWRCOAMMRXX01,2032,0.165
GLOBAL,PWRCOAMMRXX01,2033,0.165
GLOBAL,PWRCOAMMRXX01,2034,0.165
GLOBAL,PWRCOAMMRXX01,2035,0.165
GLOBAL,PWRCOAMMRXX01,2036,0.045
GLOBAL,PWRCOAMMRXX01,2037,0.045
GLOBAL,PWRCOAMMRXX01,2038,0.045
GLOBAL,PWRCOAMMRXX01,2039,0.045
GLOBAL,PWRCOAMMRXX01,2040,0.045
GLOBAL,PWRCOAMMRXX01,2041,0.045
GLOBAL,PWRCOAMMRXX01,2042,0.045
GLOBAL,PWRCOAMMRXX01,2043,0.045
GLOBAL,PWRCOAMMRXX01,2044,0.045
GLOBAL,PWRCOAMMRXX01,2045,0.045
GLOBAL,PWRCOAMMRXX01,2046,0.045
GLOBAL,PWRCOAMMRXX01,2047,0.045
GLOBAL,PWRCOAMMRXX01,2048,0.0
GLOBAL,PWRCOAMMRXX01,2049,0.0
GLOBAL,PWRCOAMMRXX01,2050,0.0
GLOBAL,PWRHYDMMRXX01,2021,3.2158
GLOBAL,PWRHYDMMRXX01,2022,3.2158
GLOBAL,PWRHYDMMRXX01,2023,3.2158
GLOBAL,PWRHYDMMRXX01,2024,3.2158
GLOBAL,PWRHYDMMRXX01,2025,3.2158
GLOBAL,PWRHYDMMRXX01,2026,3.2158
GLOBAL,PWRHYDMMRXX01,2027,3.2158
GLOBAL,PWRHYDMMRXX01,2028,3.2158
GLOBAL,PWRHYDMMRXX01,2029,3.2158
GLOBAL,PWRHYDMMRXX01,2030,3.2158
GLOBAL,PWRHYDMMRXX01,2031,3.2158
GLOBAL,PWRHYDMMRXX01,2032,3.2158
GLOBAL,PWRHYDMMRXX01,2033,3.2158
GLOBAL,PWRHYDMMRXX01,2034,3.2158
GLOBAL,PWRHYDMMRXX01,2035,3.2158
GLOBAL,PWRHYDMMRXX01,2036,3.2158
GLOBAL,PWRHYDMMRXX01,2037,3.2158
GLOBAL,PWRHYDMMRXX01,2038,3.2158
GLOBAL,PWRHYDMMRXX01,2039,3.2158
GLOBAL,PWRHYDMMRXX01,2040,3.2158
GLOBAL,PWRHYDMMRXX01,2041,3.2158
GLOBAL,PWRHYDMMRXX01,2042,3.2158
GLOBAL,PWRHYDMMRXX01,2043,3.2158
GLOBAL,PWRHYDMMRXX01,2044,3.2158
GLOBAL,PWRHYDMMRXX01,2045,3.2158
GLOBAL,PWRHYDMMRXX01,2046,3.2158
GLOBAL,PWRHYDMMRXX01,2047,3.2158
GLOBAL,PWRHYDMMRXX01,2048,3.2158
GLOBAL,PWRHYDMMRXX01,2049,3.2158
GLOBAL,PWRHYDMMRXX01,2050,3.2158
GLOBAL,PWROCGMMRXX00,2021,0.508
GLOBAL,PWROCGMMRXX00,2022,0.508
GLOBAL,PWROCGMMRXX00,2023,0.508
GLOBAL,PWROCGMMRXX00,2024,0.508
GLOBAL,PWROCGMMRXX00,2025,0.352
GLOBAL,PWROCGMMRXX00,2026,0.352
GLOBAL,PWROCGMMRXX00,2027,0.352
GLOBAL,PWROCGMMRXX00,2028,0.352
GLOBAL,PWROCGMMRXX00,2029,0.298
GLOBAL,PWROCGMMRXX00,2030,0.298
GLOBAL,PWROCGMMRXX00,2031,0.298
GLOBAL,PWROCGMMRXX00,2032,0.298
GLOBAL,PWROCGMMRXX00,2033,0.298
GLOBAL,PWROCGMMRXX00,2034,0.102
GLOBAL,PWROCGMMRXX00,2035,0.102
GLOBAL,PWROCGMMRXX00,2036,0.102
GLOBAL,PWROCGMMRXX00,2037,0.102
GLOBAL,PWROCGMMRXX00,2038,0.102
GLOBAL,PWROCGMMRXX00,2039,0.102
GLOBAL,PWROCGMMRXX00,2040,0.102
GLOBAL,PWROCGMMRXX00,2041,0.102
GLOBAL,PWROCGMMRXX00,2042,0.102
GLOBAL,PWROCGMMRXX00,2043,0.102
GLOBAL,PWROCGMMRXX00,2044,0.102
GLOBAL,PWROCGMMRXX00,2045,0.102
GLOBAL,PWROCGMMRXX00,2046,0.0
GLOBAL,PWROCGMMRXX00,2047,0.0
GLOBAL,PWROCGMMRXX00,2048,0.0
GLOBAL,PWROCGMMRXX00,2049,0.0
GLOBAL,PWROCGMMRXX00,2050,0.0
GLOBAL,PWRSPVMMRXX01,2021,0.012
GLOBAL,PWRSPVMMRXX01,2022,0.012
GLOBAL,PWRSPVMMRXX01,2023,0.012
GLOBAL,PWRSPVMMRXX01,2024,0.012
GLOBAL,PWRSPVMMRXX01,2025,0.012
GLOBAL,PWRSPVMMRXX01,2026,0.012
GLOBAL,PWRSPVMMRXX01,2027,0.012
GLOBAL,PWRSPVMMRXX01,2028,0.012
GLOBAL,PWRSPVMMRXX01,2029,0.012
GLOBAL,PWRSPVMMRXX01,2030,0.012
GLOBAL,PWRSPVMMRXX01,2031,0.012
GLOBAL,PWRSPVMMRXX01,2032,0.012
GLOBAL,PWRSPVMMRXX01,2033,0.012
GLOBAL,PWRSPVMMRXX01,2034,0.012
GLOBAL,PWRSPVMMRXX01,2035,0.012
GLOBAL,PWRSPVMMRXX01,2036,0.012
GLOBAL,PWRSPVMMRXX01,2037,0.012
GLOBAL,PWRSPVMMRXX01,2038,0.012
GLOBAL,PWRSPVMMRXX01,2039,0.012
GLOBAL,PWRSPVMMRXX01,2040,0.012
GLOBAL,PWRSPVMMRXX01,2041,0.012
GLOBAL,PWRSPVMMRXX01,2042,0.012
GLOBAL,PWRSPVMMRXX01,2043,0.012
GLOBAL,PWRSPVMMRXX01,2044,0.012
GLOBAL,PWRSPVMMRXX01,2045,0.0
GLOBAL,PWRSPVMMRXX01,2046,0.0
GLOBAL,PWRSPVMMRXX01,2047,0.0
GLOBAL,PWRSPVMMRXX01,2048,0.0
GLOBAL,PWRSPVMMRXX01,2049,0.0
GLOBAL,PWRSPVMMRXX01,2050,0.0
GLOBAL,PWRCOAMNEXX01,2021,0.219
GLOBAL,PWRCOAMNEXX01,2022,0.219
GLOBAL,PWRCOAMNEXX01,2023,0.219
GLOBAL,PWRCOAMNEXX01,2024,0.219
GLOBAL,PWRCOAMNEXX01,2025,0.219
GLOBAL,PWRCOAMNEXX01,2026,0.219
GLOBAL,PWRCOAMNEXX01,2027,0.219
GLOBAL,PWRCOAMNEXX01,2028,0.0
GLOBAL,PWRCOAMNEXX01,2029,0.0
GLOBAL,PWRCOAMNEXX01,2030,0.0
GLOBAL,PWRCOAMNEXX01,2031,0.0
GLOBAL,PWRCOAMNEXX01,2032,0.0
GLOBAL,PWRCOAMNEXX01,2033,0.0
GLOBAL,PWRCOAMNEXX01,2034,0.0
GLOBAL,PWRCOAMNEXX01,2035,0.0
GLOBAL,PWRCOAMNEXX01,2036,0.0
GLOBAL,PWRCOAMNEXX01,2037,0.0
GLOBAL,PWRCOAMNEXX01,2038,0.0
GLOBAL,PWRCOAMNEXX01,2039,0.0
GLOBAL,PWRCOAMNEXX01,2040,0.0
GLOBAL,PWRCOAMNEXX01,2041,0.0
GLOBAL,PWRCOAMNEXX01,2042,0.0
GLOBAL,PWRCOAMNEXX01,2043,0.0
GLOBAL,PWRCOAMNEXX01,2044,0.0
GLOBAL,PWRCOAMNEXX01,2045,0.0
GLOBAL,PWRCOAMNEXX01,2046,0.0
GLOBAL,PWRCOAMNEXX01,2047,0.0
GLOBAL,PWRCOAMNEXX01,2048,0.0
GLOBAL,PWRCOAMNEXX01,2049,0.0
GLOBAL,PWRCOAMNEXX01,2050,0.0
GLOBAL,PWRHYDMNEXX01,2021,0.667
GLOBAL,PWRHYDMNEXX01,2022,0.667
GLOBAL,PWRHYDMNEXX01,2023,0.667
GLOBAL,PWRHYDMNEXX01,2024,0.667
GLOBAL,PWRHYDMNEXX01,2025,0.667
GLOBAL,PWRHYDMNEXX01,2026,0.667
GLOBAL,PWRHYDMNEXX01,2027,0.667
GLOBAL,PWRHYDMNEXX01,2028,0.667
GLOBAL,PWRHYDMNEXX01,2029,0.667
GLOBAL,PWRHYDMNEXX01,2030,0.667
GLOBAL,PWRHYDMNEXX01,2031,0.667
GLOBAL,PWRHYDMNEXX01,2032,0.667
GLOBAL,PWRHYDMNEXX01,2033,0.667
GLOBAL,PWRHYDMNEXX01,2034,0.667
GLOBAL,PWRHYDMNEXX01,2035,0.667
GLOBAL,PWRHYDMNEXX01,2036,0.667
GLOBAL,PWRHYDMNEXX01,2037,0.667
GLOBAL,PWRHYDMNEXX01,2038,0.667
GLOBAL,PWRHYDMNEXX01,2039,0.667
GLOBAL,PWRHYDMNEXX01,2040,0.667
GLOBAL,PWRHYDMNEXX01,2041,0.667
GLOBAL,PWRHYDMNEXX01,2042,0.667
GLOBAL,PWRHYDMNEXX01,2043,0.667
GLOBAL,PWRHYDMNEXX01,2044,0.667
GLOBAL,PWRHYDMNEXX01,2045,0.667
GLOBAL,PWRHYDMNEXX01,2046,0.667
GLOBAL,PWRHYDMNEXX01,2047,0.667
GLOBAL,PWRHYDMNEXX01,2048,0.667
GLOBAL,PWRHYDMNEXX01,2049,0.667
GLOBAL,PWRHYDMNEXX01,2050,0.667
GLOBAL,PWRCOAMNGXX01,2021,1.05
GLOBAL,PWRCOAMNGXX01,2022,1.05
GLOBAL,PWRCOAMNGXX01,2023,1.05
GLOBAL,PWRCOAMNGXX01,2024,1.05
GLOBAL,PWRCOAMNGXX01,2025,1.05
GLOBAL,PWRCOAMNGXX01,2026,1.05
GLOBAL,PWRCOAMNGXX01,2027,1.05
GLOBAL,PWRCOAMNGXX01,2028,0.804
GLOBAL,PWRCOAMNGXX01,2029,0.804
GLOBAL,PWRCOAMNGXX01,2030,0.804
GLOBAL,PWRCOAMNGXX01,2031,0.804
GLOBAL,PWRCOAMNGXX01,2032,0.804
GLOBAL,PWRCOAMNGXX01,2033,0.804
GLOBAL,PWRCOAMNGXX01,2034,0.198
GLOBAL,PWRCOAMNGXX01,2035,0.198
GLOBAL,PWRCOAMNGXX01,2036,0.198
GLOBAL,PWRCOAMNGXX01,2037,0.198
GLOBAL,PWRCOAMNGXX01,2038,0.198
GLOBAL,PWRCOAMNGXX01,2039,0.198
GLOBAL,PWRCOAMNGXX01,2040,0.198
GLOBAL,PWRCOAMNGXX01,2041,0.198
GLOBAL,PWRCOAMNGXX01,2042,0.198
GLOBAL,PWRCOAMNGXX01,2043,0.198
GLOBAL,PWRCOAMNGXX01,2044,0.198
GLOBAL,PWRCOAMNGXX01,2045,0.0
GLOBAL,PWRCOAMNGXX01,2046,0.0
GLOBAL,PWRCOAMNGXX01,2047,0.0
GLOBAL,PWRCOAMNGXX01,2048,0.0
GLOBAL,PWRCOAMNGXX01,2049,0.0
GLOBAL,PWRCOAMNGXX01,2050,0.0
GLOBAL,PWRWONMNGXX01,2021,0.05
GLOBAL,PWRWONMNGXX01,2022,0.05
GLOBAL,PWRWONMNGXX01,2023,0.05
GLOBAL,PWRWONMNGXX01,2024,0.05
GLOBAL,PWRWONMNGXX01,2025,0.05
GLOBAL,PWRWONMNGXX01,2026,0.05
GLOBAL,PWRWONMNGXX01,2027,0.05
GLOBAL,PWRWONMNGXX01,2028,0.05
GLOBAL,PWRWONMNGXX01,2029,0.05
GLOBAL,PWRWONMNGXX01,2030,0.05
GLOBAL,PWRWONMNGXX01,2031,0.05
GLOBAL,PWRWONMNGXX01,2032,0.05
GLOBAL,PWRWONMNGXX01,2033,0.05
GLOBAL,PWRWONMNGXX01,2034,0.05
GLOBAL,PWRWONMNGXX01,2035,0.05
GLOBAL,PWRWONMNGXX01,2036,0.05
GLOBAL,PWRWONMNGXX01,2037,0.05
GLOBAL,PWRWONMNGXX01,2038,0.05
GLOBAL,PWRWONMNGXX01,2039,0.05
GLOBAL,PWRWONMNGXX01,2040,0.05
GLOBAL,PWRWONMNGXX01,2041,0.05
GLOBAL,PWRWONMNGXX01,2042,0.05
GLOBAL,PWRWONMNGXX01,2043,0.05
GLOBAL,PWRWONMNGXX01,2044,0.0
GLOBAL,PWRWONMNGXX01,2045,0.0
GLOBAL,PWRWONMNGXX01,2046,0.0
GLOBAL,PWRWONMNGXX01,2047,0.0
GLOBAL,PWRWONMNGXX01,2048,0.0
GLOBAL,PWRWONMNGXX01,2049,0.0
GLOBAL,PWRWONMNGXX01,2050,0.0
GLOBAL,PWRHYDMOZXX01,2021,2.286
GLOBAL,PWRHYDMOZXX01,2022,2.286
GLOBAL,PWRHYDMOZXX01,2023,2.286
GLOBAL,PWRHYDMOZXX01,2024,2.286
GLOBAL,PWRHYDMOZXX01,2025,2.286
GLOBAL,PWRHYDMOZXX01,2026,2.286
GLOBAL,PWRHYDMOZXX01,2027,2.286
GLOBAL,PWRHYDMOZXX01,2028,2.286
GLOBAL,PWRHYDMOZXX01,2029,2.286
GLOBAL,PWRHYDMOZXX01,2030,2.286
GLOBAL,PWRHYDMOZXX01,2031,2.286
GLOBAL,PWRHYDMOZXX01,2032,2.286
GLOBAL,PWRHYDMOZXX01,2033,2.286
GLOBAL,PWRHYDMOZXX01,2034,2.286
GLOBAL,PWRHYDMOZXX01,2035,2.286
GLOBAL,PWRHYDMOZXX01,2036,2.286
GLOBAL,PWRHYDMOZXX01,2037,2.286
GLOBAL,PWRHYDMOZXX01,2038,2.286
GLOBAL,PWRHYDMOZXX01,2039,2.286
GLOBAL,PWRHYDMOZXX01,2040,2.286
GLOBAL,PWRHYDMOZXX01,2041,2.286
GLOBAL,PWRHYDMOZXX01,2042,2.286
GLOBAL,PWRHYDMOZXX01,2043,2.286
GLOBAL,PWRHYDMOZXX01,2044,2.286
GLOBAL,PWRHYDMOZXX01,2045,2.286
GLOBAL,PWRHYDMOZXX01,2046,2.286
GLOBAL,PWRHYDMOZXX01,2047,2.286
GLOBAL,PWRHYDMOZXX01,2048,2.286
GLOBAL,PWRHYDMOZXX01,2049,2.286
GLOBAL,PWRHYDMOZXX01,2050,2.286
GLOBAL,PWRHYDMRTXX01,2021,0.097
GLOBAL,PWRHYDMRTXX01,2022,0.097
GLOBAL,PWRHYDMRTXX01,2023,0.097
GLOBAL,PWRHYDMRTXX01,2024,0.097
GLOBAL,PWRHYDMRTXX01,2025,0.097
GLOBAL,PWRHYDMRTXX01,2026,0.097
GLOBAL,PWRHYDMRTXX01,2027,0.097
GLOBAL,PWRHYDMRTXX01,2028,0.097
GLOBAL,PWRHYDMRTXX01,2029,0.097
GLOBAL,PWRHYDMRTXX01,2030,0.097
GLOBAL,PWRHYDMRTXX01,2031,0.097
GLOBAL,PWRHYDMRTXX01,2032,0.097
GLOBAL,PWRHYDMRTXX01,2033,0.097
GLOBAL,PWRHYDMRTXX01,2034,0.097
GLOBAL,PWRHYDMRTXX01,2035,0.097
GLOBAL,PWRHYDMRTXX01,2036,0.097
GLOBAL,PWRHYDMRTXX01,2037,0.097
GLOBAL,PWRHYDMRTXX01,2038,0.097
GLOBAL,PWRHYDMRTXX01,2039,0.097
GLOBAL,PWRHYDMRTXX01,2040,0.097
GLOBAL,PWRHYDMRTXX01,2041,0.097
GLOBAL,PWRHYDMRTXX01,2042,0.097
GLOBAL,PWRHYDMRTXX01,2043,0.097
GLOBAL,PWRHYDMRTXX01,2044,0.097
GLOBAL,PWRHYDMRTXX01,2045,0.097
GLOBAL,PWRHYDMRTXX01,2046,0.097
GLOBAL,PWRHYDMRTXX01,2047,0.097
GLOBAL,PWRHYDMRTXX01,2048,0.097
GLOBAL,PWRHYDMRTXX01,2049,0.097
GLOBAL,PWRHYDMRTXX01,2050,0.097
GLOBAL,PWROCGMRTXX00,2021,0.12
GLOBAL,PWROCGMRTXX00,2022,0.12
GLOBAL,PWROCGMRTXX00,2023,0.12
GLOBAL,PWROCGMRTXX00,2024,0.12
GLOBAL,PWROCGMRTXX00,2025,0.0
GLOBAL,PWROCGMRTXX00,2026,0.0
GLOBAL,PWROCGMRTXX00,2027,0.0
GLOBAL,PWROCGMRTXX00,2028,0.0
GLOBAL,PWROCGMRTXX00,2029,0.0
GLOBAL,PWROCGMRTXX00,2030,0.0
GLOBAL,PWROCGMRTXX00,2031,0.0
GLOBAL,PWROCGMRTXX00,2032,0.0
GLOBAL,PWROCGMRTXX00,2033,0.0
GLOBAL,PWROCGMRTXX00,2034,0.0
GLOBAL,PWROCGMRTXX00,2035,0.0
GLOBAL,PWROCGMRTXX00,2036,0.0
GLOBAL,PWROCGMRTXX00,2037,0.0
GLOBAL,PWROCGMRTXX00,2038,0.0
GLOBAL,PWROCGMRTXX00,2039,0.0
GLOBAL,PWROCGMRTXX00,2040,0.0
GLOBAL,PWROCGMRTXX00,2041,0.0
GLOBAL,PWROCGMRTXX00,2042,0.0
GLOBAL,PWROCGMRTXX00,2043,0.0
GLOBAL,PWROCGMRTXX00,2044,0.0
GLOBAL,PWROCGMRTXX00,2045,0.0
GLOBAL,PWROCGMRTXX00,2046,0.0
GLOBAL,PWROCGMRTXX00,2047,0.0
GLOBAL,PWROCGMRTXX00,2048,0.0
GLOBAL,PWROCGMRTXX00,2049,0.0
GLOBAL,PWROCGMRTXX00,2050,0.0
GLOBAL,PWROILMRTXX01,2021,0.133
GLOBAL,PWROILMRTXX01,2022,0.133
GLOBAL,PWROILMRTXX01,2023,0.133
GLOBAL,PWROILMRTXX01,2024,0.133
GLOBAL,PWROILMRTXX01,2025,0.133
GLOBAL,PWROILMRTXX01,2026,0.133
GLOBAL,PWROILMRTXX01,2027,0.0
GLOBAL,PWROILMRTXX01,2028,0.0
GLOBAL,PWROILMRTXX01,2029,0.0
GLOBAL,PWROILMRTXX01,2030,0.0
GLOBAL,PWROILMRTXX01,2031,0.0
GLOBAL,PWROILMRTXX01,2032,0.0
GLOBAL,PWROILMRTXX01,2033,0.0
GLOBAL,PWROILMRTXX01,2034,0.0
GLOBAL,PWROILMRTXX01,2035,0.0
GLOBAL,PWROILMRTXX01,2036,0.0
GLOBAL,PWROILMRTXX01,2037,0.0
GLOBAL,PWROILMRTXX01,2038,0.0
GLOBAL,PWROILMRTXX01,2039,0.0
GLOBAL,PWROILMRTXX01,2040,0.0
GLOBAL,PWROILMRTXX01,2041,0.0
GLOBAL,PWROILMRTXX01,2042,0.0
GLOBAL,PWROILMRTXX01,2043,0.0
GLOBAL,PWROILMRTXX01,2044,0.0
GLOBAL,PWROILMRTXX01,2045,0.0
GLOBAL,PWROILMRTXX01,2046,0.0
GLOBAL,PWROILMRTXX01,2047,0.0
GLOBAL,PWROILMRTXX01,2048,0.0
GLOBAL,PWROILMRTXX01,2049,0.0
GLOBAL,PWROILMRTXX01,2050,0.0
GLOBAL,PWRSPVMRTXX01,2021,0.033
GLOBAL,PWRSPVMRTXX01,2022,0.033
GLOBAL,PWRSPVMRTXX01,2023,0.033
GLOBAL,PWRSPVMRTXX01,2024,0.033
GLOBAL,PWRSPVMRTXX01,2025,0.033
GLOBAL,PWRSPVMRTXX01,2026,0.033
GLOBAL,PWRSPVMRTXX01,2027,0.033
GLOBAL,PWRSPVMRTXX01,2028,0.033
GLOBAL,PWRSPVMRTXX01,2029,0.033
GLOBAL,PWRSPVMRTXX01,2030,0.033
GLOBAL,PWRSPVMRTXX01,2031,0.033
GLOBAL,PWRSPVMRTXX01,2032,0.033
GLOBAL,PWRSPVMRTXX01,2033,0.033
GLOBAL,PWRSPVMRTXX01,2034,0.033
GLOBAL,PWRSPVMRTXX01,2035,0.033
GLOBAL,PWRSPVMRTXX01,2036,0.033
GLOBAL,PWRSPVMRTXX01,2037,0.033
GLOBAL,PWRSPVMRTXX01,2038,0.033
GLOBAL,PWRSPVMRTXX01,2039,0.033
GLOBAL,PWRSPVMRTXX01,2040,0.033
GLOBAL,PWRSPVMRTXX01,2041,0.033
GLOBAL,PWRSPVMRTXX01,2042,0.033
GLOBAL,PWRSPVMRTXX01,2043,0.033
GLOBAL,PWRSPVMRTXX01,2044,0.033
GLOBAL,PWRSPVMRTXX01,2045,0.003
GLOBAL,PWRSPVMRTXX01,2046,0.003
GLOBAL,PWRSPVMRTXX01,2047,0.003
GLOBAL,PWRSPVMRTXX01,2048,0.003
GLOBAL,PWRSPVMRTXX01,2049,0.0
GLOBAL,PWRSPVMRTXX01,2050,0.0
GLOBAL,PWRWONMRTXX01,2021,0.03
GLOBAL,PWRWONMRTXX01,2022,0.03
GLOBAL,PWRWONMRTXX01,2023,0.03
GLOBAL,PWRWONMRTXX01,2024,0.03
GLOBAL,PWRWONMRTXX01,2025,0.03
GLOBAL,PWRWONMRTXX01,2026,0.03
GLOBAL,PWRWONMRTXX01,2027,0.03
GLOBAL,PWRWONMRTXX01,2028,0.03
GLOBAL,PWRWONMRTXX01,2029,0.03
GLOBAL,PWRWONMRTXX01,2030,0.03
GLOBAL,PWRWONMRTXX01,2031,0.03
GLOBAL,PWRWONMRTXX01,2032,0.03
GLOBAL,PWRWONMRTXX01,2033,0.03
GLOBAL,PWRWONMRTXX01,2034,0.03
GLOBAL,PWRWONMRTXX01,2035,0.03
GLOBAL,PWRWONMRTXX01,2036,0.03
GLOBAL,PWRWONMRTXX01,2037,0.03
GLOBAL,PWRWONMRTXX01,2038,0.03
GLOBAL,PWRWONMRTXX01,2039,0.03
GLOBAL,PWRWONMRTXX01,2040,0.0
GLOBAL,PWRWONMRTXX01,2041,0.0
GLOBAL,PWRWONMRTXX01,2042,0.0
GLOBAL,PWRWONMRTXX01,2043,0.0
GLOBAL,PWRWONMRTXX01,2044,0.0
GLOBAL,PWRWONMRTXX01,2045,0.0
GLOBAL,PWRWONMRTXX01,2046,0.0
GLOBAL,PWRWONMRTXX01,2047,0.0
GLOBAL,PWRWONMRTXX01,2048,0.0
GLOBAL,PWRWONMRTXX01,2049,0.0
GLOBAL,PWRWONMRTXX01,2050,0.0
GLOBAL,PWRBIOMUSXX01,2021,0.2761
GLOBAL,PWRBIOMUSXX01,2022,0.2761
GLOBAL,PWRBIOMUSXX01,2023,0.2761
GLOBAL,PWRBIOMUSXX01,2024,0.2761
GLOBAL,PWRBIOMUSXX01,2025,0.2761
GLOBAL,PWRBIOMUSXX01,2026,0.2761
GLOBAL,PWRBIOMUSXX01,2027,0.2761
GLOBAL,PWRBIOMUSXX01,2028,0.2761
GLOBAL,PWRBIOMUSXX01,2029,0.2761
GLOBAL,PWRBIOMUSXX01,2030,0.2761
GLOBAL,PWRBIOMUSXX01,2031,0.2761
GLOBAL,PWRBIOMUSXX01,2032,0.0
GLOBAL,PWRBIOMUSXX01,2033,0.0
GLOBAL,PWRBIOMUSXX01,2034,0.0
GLOBAL,PWRBIOMUSXX01,2035,0.0
GLOBAL,PWRBIOMUSXX01,2036,0.0
GLOBAL,PWRBIOMUSXX01,2037,0.0
GLOBAL,PWRBIOMUSXX01,2038,0.0
GLOBAL,PWRBIOMUSXX01,2039,0.0
GLOBAL,PWRBIOMUSXX01,2040,0.0
GLOBAL,PWRBIOMUSXX01,2041,0.0
GLOBAL,PWRBIOMUSXX01,2042,0.0
GLOBAL,PWRBIOMUSXX01,2043,0.0
GLOBAL,PWRBIOMUSXX01,2044,0.0
GLOBAL,PWRBIOMUSXX01,2045,0.0
GLOBAL,PWRBIOMUSXX01,2046,0.0
GLOBAL,PWRBIOMUSXX01,2047,0.0
GLOBAL,PWRBIOMUSXX01,2048,0.0
GLOBAL,PWRBIOMUSXX01,2049,0.0
GLOBAL,PWRBIOMUSXX01,2050,0.0
GLOBAL,PWRCOAMUSXX01,2021,0.225
GLOBAL,PWRCOAMUSXX01,2022,0.225
GLOBAL,PWRCOAMUSXX01,2023,0.225
GLOBAL,PWRCOAMUSXX01,2024,0.225
GLOBAL,PWRCOAMUSXX01,2025,0.225
GLOBAL,PWRCOAMUSXX01,2026,0.225
GLOBAL,PWRCOAMUSXX01,2027,0.225
GLOBAL,PWRCOAMUSXX01,2028,0.21
GLOBAL,PWRCOAMUSXX01,2029,0.21
GLOBAL,PWRCOAMUSXX01,2030,0.21
GLOBAL,PWRCOAMUSXX01,2031,0.14
GLOBAL,PWRCOAMUSXX01,2032,0.14
GLOBAL,PWRCOAMUSXX01,2033,0.14
GLOBAL,PWRCOAMUSXX01,2034,0.14
GLOBAL,PWRCOAMUSXX01,2035,0.14
GLOBAL,PWRCOAMUSXX01,2036,0.105
GLOBAL,PWRCOAMUSXX01,2037,0.105
GLOBAL,PWRCOAMUSXX01,2038,0.0
GLOBAL,PWRCOAMUSXX01,2039,0.0
GLOBAL,PWRCOAMUSXX01,2040,0.0
GLOBAL,PWRCOAMUSXX01,2041,0.0
GLOBAL,PWRCOAMUSXX01,2042,0.0
GLOBAL,PWRCOAMUSXX01,2043,0.0
GLOBAL,PWRCOAMUSXX01,2044,0.0
GLOBAL,PWRCOAMUSXX01,2045,0.0
GLOBAL,PWRCOAMUSXX01,2046,0.0
GLOBAL,PWRCOAMUSXX01,2047,0.0
GLOBAL,PWRCOAMUSXX01,2048,0.0
GLOBAL,PWRCOAMUSXX01,2049,0.0
GLOBAL,PWRCOAMUSXX01,2050,0.0
GLOBAL,PWRHYDMUSXX01,2021,0.051
GLOBAL,PWRHYDMUSXX01,2022,0.051
GLOBAL,PWRHYDMUSXX01,2023,0.051
GLOBAL,PWRHYDMUSXX01,2024,0.051
GLOBAL,PWRHYDMUSXX01,2025,0.051
GLOBAL,PWRHYDMUSXX01,2026,0.051
GLOBAL,PWRHYDMUSXX01,2027,0.051
GLOBAL,PWRHYDMUSXX01,2028,0.051
GLOBAL,PWRHYDMUSXX01,2029,0.051
GLOBAL,PWRHYDMUSXX01,2030,0.051
GLOBAL,PWRHYDMUSXX01,2031,0.051
GLOBAL,PWRHYDMUSXX01,2032,0.051
GLOBAL,PWRHYDMUSXX01,2033,0.051
GLOBAL,PWRHYDMUSXX01,2034,0.051
GLOBAL,PWRHYDMUSXX01,2035,0.051
GLOBAL,PWRHYDMUSXX01,2036,0.051
GLOBAL,PWRHYDMUSXX01,2037,0.051
GLOBAL,PWRHYDMUSXX01,2038,0.051
GLOBAL,PWRHYDMUSXX01,2039,0.051
GLOBAL,PWRHYDMUSXX01,2040,0.051
GLOBAL,PWRHYDMUSXX01,2041,0.051
GLOBAL,PWRHYDMUSXX01,2042,0.051
GLOBAL,PWRHYDMUSXX01,2043,0.051
GLOBAL,PWRHYDMUSXX01,2044,0.051
GLOBAL,PWRHYDMUSXX01,2045,0.051
GLOBAL,PWRHYDMUSXX01,2046,0.051
GLOBAL,PWRHYDMUSXX01,2047,0.051
GLOBAL,PWRHYDMUSXX01,2048,0.051
GLOBAL,PWRHYDMUSXX01,2049,0.051
GLOBAL,PWRHYDMUSXX01,2050,0.051
GLOBAL,PWROILMUSXX01,2021,0.499
GLOBAL,PWROILMUSXX01,2022,0.499
GLOBAL,PWROILMUSXX01,2023,0.499
GLOBAL,PWROILMUSXX01,2024,0.499
GLOBAL,PWROILMUSXX01,2025,0.499
GLOBAL,PWROILMUSXX01,2026,0.499
GLOBAL,PWROILMUSXX01,2027,0.0
GLOBAL,PWROILMUSXX01,2028,0.0
GLOBAL,PWROILMUSXX01,2029,0.0
GLOBAL,PWROILMUSXX01,2030,0.0
GLOBAL,PWROILMUSXX01,2031,0.0
GLOBAL,PWROILMUSXX01,2032,0.0
GLOBAL,PWROILMUSXX01,2033,0.0
GLOBAL,PWROILMUSXX01,2034,0.0
GLOBAL,PWROILMUSXX01,2035,0.0
GLOBAL,PWROILMUSXX01,2036,0.0
GLOBAL,PWROILMUSXX01,2037,0.0
GLOBAL,PWROILMUSXX01,2038,0.0
GLOBAL,PWROILMUSXX01,2039,0.0
GLOBAL,PWROILMUSXX01,2040,0.0
GLOBAL,PWROILMUSXX01,2041,0.0
GLOBAL,PWROILMUSXX01,2042,0.0
GLOBAL,PWROILMUSXX01,2043,0.0
GLOBAL,PWROILMUSXX01,2044,0.0
GLOBAL,PWROILMUSXX01,2045,0.0
GLOBAL,PWROILMUSXX01,2046,0.0
GLOBAL,PWROILMUSXX01,2047,0.0
GLOBAL,PWROILMUSXX01,2048,0.0
GLOBAL,PWROILMUSXX01,2049,0.0
GLOBAL,PWROILMUSXX01,2050,0.0
GLOBAL,PWRSPVMUSXX01,2021,0.015
GLOBAL,PWRSPVMUSXX01,2022,0.015
GLOBAL,PWRSPVMUSXX01,2023,0.015
GLOBAL,PWRSPVMUSXX01,2024,0.015
GLOBAL,PWRSPVMUSXX01,2025,0.015
GLOBAL,PWRSPVMUSXX01,2026,0.015
GLOBAL,PWRSPVMUSXX01,2027,0.015
GLOBAL,PWRSPVMUSXX01,2028,0.015
GLOBAL,PWRSPVMUSXX01,2029,0.015
GLOBAL,PWRSPVMUSXX01,2030,0.015
GLOBAL,PWRSPVMUSXX01,2031,0.015
GLOBAL,PWRSPVMUSXX01,2032,0.015
GLOBAL,PWRSPVMUSXX01,2033,0.015
GLOBAL,PWRSPVMUSXX01,2034,0.015
GLOBAL,PWRSPVMUSXX01,2035,0.015
GLOBAL,PWRSPVMUSXX01,2036,0.015
GLOBAL,PWRSPVMUSXX01,2037,0.015
GLOBAL,PWRSPVMUSXX01,2038,0.015
GLOBAL,PWRSPVMUSXX01,2039,0.015
GLOBAL,PWRSPVMUSXX01,2040,0.015
GLOBAL,PWRSPVMUSXX01,2041,0.015
GLOBAL,PWRSPVMUSXX01,2042,0.015
GLOBAL,PWRSPVMUSXX01,2043,0.015
GLOBAL,PWRSPVMUSXX01,2044,0.015
GLOBAL,PWRSPVMUSXX01,2045,0.0
GLOBAL,PWRSPVMUSXX01,2046,0.0
GLOBAL,PWRSPVMUSXX01,2047,0.0
GLOBAL,PWRSPVMUSXX01,2048,0.0
GLOBAL,PWRSPVMUSXX01,2049,0.0
GLOBAL,PWRSPVMUSXX01,2050,0.0
GLOBAL,PWRBIOMWIXX01,2021,0.01
GLOBAL,PWRBIOMWIXX01,2022,0.01
GLOBAL,PWRBIOMWIXX01,2023,0.01
GLOBAL,PWRBIOMWIXX01,2024,0.01
GLOBAL,PWRBIOMWIXX01,2025,0.01
GLOBAL,PWRBIOMWIXX01,2026,0.01
GLOBAL,PWRBIOMWIXX01,2027,0.01
GLOBAL,PWRBIOMWIXX01,2028,0.01
GLOBAL,PWRBIOMWIXX01,2029,0.01
GLOBAL,PWRBIOMWIXX01,2030,0.01
GLOBAL,PWRBIOMWIXX01,2031,0.01
GLOBAL,PWRBIOMWIXX01,2032,0.0
GLOBAL,PWRBIOMWIXX01,2033,0.0
GLOBAL,PWRBIOMWIXX01,2034,0.0
GLOBAL,PWRBIOMWIXX01,2035,0.0
GLOBAL,PWRBIOMWIXX01,2036,0.0
GLOBAL,PWRBIOMWIXX01,2037,0.0
GLOBAL,PWRBIOMWIXX01,2038,0.0
GLOBAL,PWRBIOMWIXX01,2039,0.0
GLOBAL,PWRBIOMWIXX01,2040,0.0
GLOBAL,PWRBIOMWIXX01,2041,0.0
GLOBAL,PWRBIOMWIXX01,2042,0.0
GLOBAL,PWRBIOMWIXX01,2043,0.0
GLOBAL,PWRBIOMWIXX01,2044,0.0
GLOBAL,PWRBIOMWIXX01,2045,0.0
GLOBAL,PWRBIOMWIXX01,2046,0.0
GLOBAL,PWRBIOMWIXX01,2047,0.0
GLOBAL,PWRBIOMWIXX01,2048,0.0
GLOBAL,PWRBIOMWIXX01,2049,0.0
GLOBAL,PWRBIOMWIXX01,2050,0.0
GLOBAL,PWRHYDMWIXX01,2021,0.344
GLOBAL,PWRHYDMWIXX01,2022,0.344
GLOBAL,PWRHYDMWIXX01,2023,0.344
GLOBAL,PWRHYDMWIXX01,2024,0.344
GLOBAL,PWRHYDMWIXX01,2025,0.344
GLOBAL,PWRHYDMWIXX01,2026,0.344
GLOBAL,PWRHYDMWIXX01,2027,0.344
GLOBAL,PWRHYDMWIXX01,2028,0.344
GLOBAL,PWRHYDMWIXX01,2029,0.344
GLOBAL,PWRHYDMWIXX01,2030,0.344
GLOBAL,PWRHYDMWIXX01,2031,0.344
GLOBAL,PWRHYDMWIXX01,2032,0.344
GLOBAL,PWRHYDMWIXX01,2033,0.344
GLOBAL,PWRHYDMWIXX01,2034,0.344
GLOBAL,PWRHYDMWIXX01,2035,0.344
GLOBAL,PWRHYDMWIXX01,2036,0.344
GLOBAL,PWRHYDMWIXX01,2037,0.344
GLOBAL,PWRHYDMWIXX01,2038,0.344
GLOBAL,PWRHYDMWIXX01,2039,0.344
GLOBAL,PWRHYDMWIXX01,2040,0.344
GLOBAL,PWRHYDMWIXX01,2041,0.344
GLOBAL,PWRHYDMWIXX01,2042,0.344
GLOBAL,PWRHYDMWIXX01,2043,0.344
GLOBAL,PWRHYDMWIXX01,2044,0.344
GLOBAL,PWRHYDMWIXX01,2045,0.344
GLOBAL,PWRHYDMWIXX01,2046,0.344
GLOBAL,PWRHYDMWIXX01,2047,0.344
GLOBAL,PWRHYDMWIXX01,2048,0.344
GLOBAL,PWRHYDMWIXX01,2049,0.344
GLOBAL,PWRHYDMWIXX01,2050,0.344
GLOBAL,PWROCGMWIXX00,2021,0.016
GLOBAL,PWROCGMWIXX00,2022,0.016
GLOBAL,PWROCGMWIXX00,2023,0.016
GLOBAL,PWROCGMWIXX00,2024,0.016
GLOBAL,PWROCGMWIXX00,2025,0.0
GLOBAL,PWROCGMWIXX00,2026,0.0
GLOBAL,PWROCGMWIXX00,2027,0.0
GLOBAL,PWROCGMWIXX00,2028,0.0
GLOBAL,PWROCGMWIXX00,2029,0.0
GLOBAL,PWROCGMWIXX00,2030,0.0
GLOBAL,PWROCGMWIXX00,2031,0.0
GLOBAL,PWROCGMWIXX00,2032,0.0
GLOBAL,PWROCGMWIXX00,2033,0.0
GLOBAL,PWROCGMWIXX00,2034,0.0
GLOBAL,PWROCGMWIXX00,2035,0.0
GLOBAL,PWROCGMWIXX00,2036,0.0
GLOBAL,PWROCGMWIXX00,2037,0.0
GLOBAL,PWROCGMWIXX00,2038,0.0
GLOBAL,PWROCGMWIXX00,2039,0.0
GLOBAL,PWROCGMWIXX00,2040,0.0
GLOBAL,PWROCGMWIXX00,2041,0.0
GLOBAL,PWROCGMWIXX00,2042,0.0
GLOBAL,PWROCGMWIXX00,2043,0.0
GLOBAL,PWROCGMWIXX00,2044,0.0
GLOBAL,PWROCGMWIXX00,2045,0.0
GLOBAL,PWROCGMWIXX00,2046,0.0
GLOBAL,PWROCGMWIXX00,2047,0.0
GLOBAL,PWROCGMWIXX00,2048,0.0
GLOBAL,PWROCGMWIXX00,2049,0.0
GLOBAL,PWROCGMWIXX00,2050,0.0
GLOBAL,PWRBIOMYSXX01,2021,1.04
GLOBAL,PWRBIOMYSXX01,2022,1.04
GLOBAL,PWRBIOMYSXX01,2023,1.04
GLOBAL,PWRBIOMYSXX01,2024,1.04
GLOBAL,PWRBIOMYSXX01,2025,1.04
GLOBAL,PWRBIOMYSXX01,2026,1.04
GLOBAL,PWRBIOMYSXX01,2027,1.04
GLOBAL,PWRBIOMYSXX01,2028,1.04
GLOBAL,PWRBIOMYSXX01,2029,1.04
GLOBAL,PWRBIOMYSXX01,2030,1.04
GLOBAL,PWRBIOMYSXX01,2031,1.04
GLOBAL,PWRBIOMYSXX01,2032,0.0
GLOBAL,PWRBIOMYSXX01,2033,0.0
GLOBAL,PWRBIOMYSXX01,2034,0.0
GLOBAL,PWRBIOMYSXX01,2035,0.0
GLOBAL,PWRBIOMYSXX01,2036,0.0
GLOBAL,PWRBIOMYSXX01,2037,0.0
GLOBAL,PWRBIOMYSXX01,2038,0.0
GLOBAL,PWRBIOMYSXX01,2039,0.0
GLOBAL,PWRBIOMYSXX01,2040,0.0
GLOBAL,PWRBIOMYSXX01,2041,0.0
GLOBAL,PWRBIOMYSXX01,2042,0.0
GLOBAL,PWRBIOMYSXX01,2043,0.0
GLOBAL,PWRBIOMYSXX01,2044,0.0
GLOBAL,PWRBIOMYSXX01,2045,0.0
GLOBAL,PWRBIOMYSXX01,2046,0.0
GLOBAL,PWRBIOMYSXX01,2047,0.0
GLOBAL,PWRBIOMYSXX01,2048,0.0
GLOBAL,PWRBIOMYSXX01,2049,0.0
GLOBAL,PWRBIOMYSXX01,2050,0.0
GLOBAL,PWRCCGMYSXX00,2021,14.6412
GLOBAL,PWRCCGMYSXX00,2022,14.6412
GLOBAL,PWRCCGMYSXX00,2023,14.6412
GLOBAL,PWRCCGMYSXX00,2024,14.6412
GLOBAL,PWRCCGMYSXX00,2025,0.0
GLOBAL,PWRCCGMYSXX00,2026,0.0
GLOBAL,PWRCCGMYSXX00,2027,0.0
GLOBAL,PWRCCGMYSXX00,2028,0.0
GLOBAL,PWRCCGMYSXX00,2029,0.0
GLOBAL,PWRCCGMYSXX00,2030,0.0
GLOBAL,PWRCCGMYSXX00,2031,0.0
GLOBAL,PWRCCGMYSXX00,2032,0.0
GLOBAL,PWRCCGMYSXX00,2033,0.0
GLOBAL,PWRCCGMYSXX00,2034,0.0
GLOBAL,PWRCCGMYSXX00,2035,0.0
GLOBAL,PWRCCGMYSXX00,2036,0.0
GLOBAL,PWRCCGMYSXX00,2037,0.0
GLOBAL,PWRCCGMYSXX00,2038,0.0
GLOBAL,PWRCCGMYSXX00,2039,0.0
GLOBAL,PWRCCGMYSXX00,2040,0.0
GLOBAL,PWRCCGMYSXX00,2041,0.0
GLOBAL,PWRCCGMYSXX00,2042,0.0
GLOBAL,PWRCCGMYSXX00,2043,0.0
GLOBAL,PWRCCGMYSXX00,2044,0.0
GLOBAL,PWRCCGMYSXX00,2045,0.0
GLOBAL,PWRCCGMYSXX00,2046,0.0
GLOBAL,PWRCCGMYSXX00,2047,0.0
GLOBAL,PWRCCGMYSXX00,2048,0.0
GLOBAL,PWRCCGMYSXX00,2049,0.0
GLOBAL,PWRCCGMYSXX00,2050,0.0
GLOBAL,PWRCOAMYSXX01,2021,14.3342
GLOBAL,PWRCOAMYSXX01,2022,14.3342
GLOBAL,PWRCOAMYSXX01,2023,14.3342
GLOBAL,PWRCOAMYSXX01,2024,14.3342
GLOBAL,PWRCOAMYSXX01,2025,14.3342
GLOBAL,PWRCOAMYSXX01,2026,14.3342
GLOBAL,PWRCOAMYSXX01,2027,12.7322
GLOBAL,PWRCOAMYSXX01,2028,11.411
GLOBAL,PWRCOAMYSXX01,2029,11.411
GLOBAL,PWRCOAMYSXX01,2030,11.411
GLOBAL,PWRCOAMYSXX01,2031,11.411
GLOBAL,PWRCOAMYSXX01,2032,11.201
GLOBAL,PWRCOAMYSXX01,2033,11.201
GLOBAL,PWRCOAMYSXX01,2034,11.201
GLOBAL,PWRCOAMYSXX01,2035,11.201
GLOBAL,PWRCOAMYSXX01,2036,11.201
GLOBAL,PWRCOAMYSXX01,2037,11.201
GLOBAL,PWRCOAMYSXX01,2038,11.201
GLOBAL,PWRCOAMYSXX01,2039,11.201
GLOBAL,PWRCOAMYSXX01,2040,5.345
GLOBAL,PWRCOAMYSXX01,2041,2.1
GLOBAL,PWRCOAMYSXX01,2042,2.1
GLOBAL,PWRCOAMYSXX01,2043,2.1
GLOBAL,PWRCOAMYSXX01,2044,2.1
GLOBAL,PWRCOAMYSXX01,2045,2.1
GLOBAL,PWRCOAMYSXX01,2046,2.1
GLOBAL,PWRCOAMYSXX01,2047,0.0
GLOBAL,PWRCOAMYSXX01,2048,0.0
GLOBAL,PWRCOAMYSXX01,2049,0.0
GLOBAL,PWRCOAMYSXX01,2050,0.0
GLOBAL,PWRHYDMYSXX01,2021,4.668
GLOBAL,PWRHYDMYSXX01,2022,4.668
GLOBAL,PWRHYDMYSXX01,2023,4.668
GLOBAL,PWRHYDMYSXX01,2024,4.668
GLOBAL,PWRHYDMYSXX01,2025,4.668
GLOBAL,PWRHYDMYSXX01,2026,4.668
GLOBAL,PWRHYDMYSXX01,2027,4.668
GLOBAL,PWRHYDMYSXX01,2028,4.668
GLOBAL,PWRHYDMYSXX01,2029,4.668
GLOBAL,PWRHYDMYSXX01,2030,4.668
GLOBAL,PWRHYDMYSXX01,2031,4.668
GLOBAL,PWRHYDMYSXX01,2032,4.668
GLOBAL,PWRHYDMYSXX01,2033,4.668
GLOBAL,PWRHYDMYSXX01,2034,4.668
GLOBAL,PWRHYDMYSXX01,2035,4.668
GLOBAL,PWRHYDMYSXX01,2036,4.668
GLOBAL,PWRHYDMYSXX01,2037,4.668
GLOBAL,PWRHYDMYSXX01,2038,4.668
GLOBAL,PWRHYDMYSXX01,2039,4.668
GLOBAL,PWRHYDMYSXX01,2040,4.668
GLOBAL,PWRHYDMYSXX01,2041,4.668
GLOBAL,PWRHYDMYSXX01,2042,4.668
GLOBAL,PWRHYDMYSXX01,2043,4.668
GLOBAL,PWRHYDMYSXX01,2044,4.668
GLOBAL,PWRHYDMYSXX01,2045,4.668
GLOBAL,PWRHYDMYSXX01,2046,4.668
GLOBAL,PWRHYDMYSXX01,2047,4.668
GLOBAL,PWRHYDMYSXX01,2048,4.668
GLOBAL,PWRHYDMYSXX01,2049,4.668
GLOBAL,PWRHYDMYSXX01,2050,4.668
GLOBAL,PWROCGMYSXX00,2021,0.309
GLOBAL,PWROCGMYSXX00,2022,0.309
GLOBAL,PWROCGMYSXX00,2023,0.309
GLOBAL,PWROCGMYSXX00,2024,0.309
GLOBAL,PWROCGMYSXX00,2025,0.0
GLOBAL,PWROCGMYSXX00,2026,0.0
GLOBAL,PWROCGMYSXX00,2027,0.0
GLOBAL,PWROCGMYSXX00,2028,0.0
GLOBAL,PWROCGMYSXX00,2029,0.0
GLOBAL,PWROCGMYSXX00,2030,0.0
GLOBAL,PWROCGMYSXX00,2031,0.0
GLOBAL,PWROCGMYSXX00,2032,0.0
GLOBAL,PWROCGMYSXX00,2033,0.0
GLOBAL,PWROCGMYSXX00,2034,0.0
GLOBAL,PWROCGMYSXX00,2035,0.0
GLOBAL,PWROCGMYSXX00,2036,0.0
GLOBAL,PWROCGMYSXX00,2037,0.0
GLOBAL,PWROCGMYSXX00,2038,0.0
GLOBAL,PWROCGMYSXX00,2039,0.0
GLOBAL,PWROCGMYSXX00,2040,0.0
GLOBAL,PWROCGMYSXX00,2041,0.0
GLOBAL,PWROCGMYSXX00,2042,0.0
GLOBAL,PWROCGMYSXX00,2043,0.0
GLOBAL,PWROCGMYSXX00,2044,0.0
GLOBAL,PWROCGMYSXX00,2045,0.0
GLOBAL,PWROCGMYSXX00,2046,0.0
GLOBAL,PWROCGMYSXX00,2047,0.0
GLOBAL,PWROCGMYSXX00,2048,0.0
GLOBAL,PWROCGMYSXX00,2049,0.0
GLOBAL,PWROCGMYSXX00,2050,0.0
GLOBAL,PWROILMYSXX01,2021,0.178
GLOBAL,PWROILMYSXX01,2022,0.178
GLOBAL,PWROILMYSXX01,2023,0.178
GLOBAL,PWROILMYSXX01,2024,0.178
GLOBAL,PWROILMYSXX01,2025,0.178
GLOBAL,PWROILMYSXX01,2026,0.178
GLOBAL,PWROILMYSXX01,2027,0.0
GLOBAL,PWROILMYSXX01,2028,0.0
GLOBAL,PWROILMYSXX01,2029,0.0
GLOBAL,PWROILMYSXX01,2030,0.0
GLOBAL,PWROILMYSXX01,2031,0.0
GLOBAL,PWROILMYSXX01,2032,0.0
GLOBAL,PWROILMYSXX01,2033,0.0
GLOBAL,PWROILMYSXX01,2034,0.0
GLOBAL,PWROILMYSXX01,2035,0.0
GLOBAL,PWROILMYSXX01,2036,0.0
GLOBAL,PWROILMYSXX01,2037,0.0
GLOBAL,PWROILMYSXX01,2038,0.0
GLOBAL,PWROILMYSXX01,2039,0.0
GLOBAL,PWROILMYSXX01,2040,0.0
GLOBAL,PWROILMYSXX01,2041,0.0
GLOBAL,PWROILMYSXX01,2042,0.0
GLOBAL,PWROILMYSXX01,2043,0.0
GLOBAL,PWROILMYSXX01,2044,0.0
GLOBAL,PWROILMYSXX01,2045,0.0
GLOBAL,PWROILMYSXX01,2046,0.0
GLOBAL,PWROILMYSXX01,2047,0.0
GLOBAL,PWROILMYSXX01,2048,0.0
GLOBAL,PWROILMYSXX01,2049,0.0
GLOBAL,PWROILMYSXX01,2050,0.0
GLOBAL,PWRSPVMYSXX01,2021,0.2615
GLOBAL,PWRSPVMYSXX01,2022,0.2615
GLOBAL,PWRSPVMYSXX01,2023,0.2615
GLOBAL,PWRSPVMYSXX01,2024,0.2615
GLOBAL,PWRSPVMYSXX01,2025,0.2615
GLOBAL,PWRSPVMYSXX01,2026,0.2615
GLOBAL,PWRSPVMYSXX01,2027,0.2615
GLOBAL,PWRSPVMYSXX01,2028,0.2615
GLOBAL,PWRSPVMYSXX01,2029,0.2615
GLOBAL,PWRSPVMYSXX01,2030,0.2615
GLOBAL,PWRSPVMYSXX01,2031,0.2615
GLOBAL,PWRSPVMYSXX01,2032,0.2615
GLOBAL,PWRSPVMYSXX01,2033,0.2615
GLOBAL,PWRSPVMYSXX01,2034,0.2615
GLOBAL,PWRSPVMYSXX01,2035,0.2615
GLOBAL,PWRSPVMYSXX01,2036,0.2615
GLOBAL,PWRSPVMYSXX01,2037,0.2615
GLOBAL,PWRSPVMYSXX01,2038,0.2615
GLOBAL,PWRSPVMYSXX01,2039,0.2615
GLOBAL,PWRSPVMYSXX01,2040,0.2615
GLOBAL,PWRSPVMYSXX01,2041,0.2615
GLOBAL,PWRSPVMYSXX01,2042,0.2615
GLOBAL,PWRSPVMYSXX01,2043,0.2615
GLOBAL,PWRSPVMYSXX01,2044,0.2615
GLOBAL,PWRSPVMYSXX01,2045,0.0
GLOBAL,PWRSPVMYSXX01,2046,0.0
GLOBAL,PWRSPVMYSXX01,2047,0.0
GLOBAL,PWRSPVMYSXX01,2048,0.0
GLOBAL,PWRSPVMYSXX01,2049,0.0
GLOBAL,PWRSPVMYSXX01,2050,0.0
GLOBAL,PWRCOANAMXX01,2021,0.12
GLOBAL,PWRCOANAMXX01,2022,0.12
GLOBAL,PWRCOANAMXX01,2023,0.12
GLOBAL,PWRCOANAMXX01,2024,0.12
GLOBAL,PWRCOANAMXX01,2025,0.12
GLOBAL,PWRCOANAMXX01,2026,0.12
GLOBAL,PWRCOANAMXX01,2027,0.12
GLOBAL,PWRCOANAMXX01,2028,0.0
GLOBAL,PWRCOANAMXX01,2029,0.0
GLOBAL,PWRCOANAMXX01,2030,0.0
GLOBAL,PWRCOANAMXX01,2031,0.0
GLOBAL,PWRCOANAMXX01,2032,0.0
GLOBAL,PWRCOANAMXX01,2033,0.0
GLOBAL,PWRCOANAMXX01,2034,0.0
GLOBAL,PWRCOANAMXX01,2035,0.0
GLOBAL,PWRCOANAMXX01,2036,0.0
GLOBAL,PWRCOANAMXX01,2037,0.0
GLOBAL,PWRCOANAMXX01,2038,0.0
GLOBAL,PWRCOANAMXX01,2039,0.0
GLOBAL,PWRCOANAMXX01,2040,0.0
GLOBAL,PWRCOANAMXX01,2041,0.0
GLOBAL,PWRCOANAMXX01,2042,0.0
GLOBAL,PWRCOANAMXX01,2043,0.0
GLOBAL,PWRCOANAMXX01,2044,0.0
GLOBAL,PWRCOANAMXX01,2045,0.0
GLOBAL,PWRCOANAMXX01,2046,0.0
GLOBAL,PWRCOANAMXX01,2047,0.0
GLOBAL,PWRCOANAMXX01,2048,0.0
GLOBAL,PWRCOANAMXX01,2049,0.0
GLOBAL,PWRCOANAMXX01,2050,0.0
GLOBAL,PWRHYDNAMXX01,2021,0.332
GLOBAL,PWRHYDNAMXX01,2022,0.332
GLOBAL,PWRHYDNAMXX01,2023,0.332
GLOBAL,PWRHYDNAMXX01,2024,0.332
GLOBAL,PWRHYDNAMXX01,2025,0.332
GLOBAL,PWRHYDNAMXX01,2026,0.332
GLOBAL,PWRHYDNAMXX01,2027,0.332
GLOBAL,PWRHYDNAMXX01,2028,0.332
GLOBAL,PWRHYDNAMXX01,2029,0.332
GLOBAL,PWRHYDNAMXX01,2030,0.332
GLOBAL,PWRHYDNAMXX01,2031,0.332
GLOBAL,PWRHYDNAMXX01,2032,0.332
GLOBAL,PWRHYDNAMXX01,2033,0.332
GLOBAL,PWRHYDNAMXX01,2034,0.332
GLOBAL,PWRHYDNAMXX01,2035,0.332
GLOBAL,PWRHYDNAMXX01,2036,0.332
GLOBAL,PWRHYDNAMXX01,2037,0.332
GLOBAL,PWRHYDNAMXX01,2038,0.332
GLOBAL,PWRHYDNAMXX01,2039,0.332
GLOBAL,PWRHYDNAMXX01,2040,0.332
GLOBAL,PWRHYDNAMXX01,2041,0.332
GLOBAL,PWRHYDNAMXX01,2042,0.332
GLOBAL,PWRHYDNAMXX01,2043,0.332
GLOBAL,PWRHYDNAMXX01,2044,0.332
GLOBAL,PWRHYDNAMXX01,2045,0.332
GLOBAL,PWRHYDNAMXX01,2046,0.332
GLOBAL,PWRHYDNAMXX01,2047,0.332
GLOBAL,PWRHYDNAMXX01,2048,0.332
GLOBAL,PWRHYDNAMXX01,2049,0.332
GLOBAL,PWRHYDNAMXX01,2050,0.332
GLOBAL,PWROILNAMXX01,2021,0.06
GLOBAL,PWROILNAMXX01,2022,0.06
GLOBAL,PWROILNAMXX01,2023,0.06
GLOBAL,PWROILNAMXX01,2024,0.06
GLOBAL,PWROILNAMXX01,2025,0.06
GLOBAL,PWROILNAMXX01,2026,0.06
GLOBAL,PWROILNAMXX01,2027,0.0
GLOBAL,PWROILNAMXX01,2028,0.0
GLOBAL,PWROILNAMXX01,2029,0.0
GLOBAL,PWROILNAMXX01,2030,0.0
GLOBAL,PWROILNAMXX01,2031,0.0
GLOBAL,PWROILNAMXX01,2032,0.0
GLOBAL,PWROILNAMXX01,2033,0.0
GLOBAL,PWROILNAMXX01,2034,0.0
GLOBAL,PWROILNAMXX01,2035,0.0
GLOBAL,PWROILNAMXX01,2036,0.0
GLOBAL,PWROILNAMXX01,2037,0.0
GLOBAL,PWROILNAMXX01,2038,0.0
GLOBAL,PWROILNAMXX01,2039,0.0
GLOBAL,PWROILNAMXX01,2040,0.0
GLOBAL,PWROILNAMXX01,2041,0.0
GLOBAL,PWROILNAMXX01,2042,0.0
GLOBAL,PWROILNAMXX01,2043,0.0
GLOBAL,PWROILNAMXX01,2044,0.0
GLOBAL,PWROILNAMXX01,2045,0.0
GLOBAL,PWROILNAMXX01,2046,0.0
GLOBAL,PWROILNAMXX01,2047,0.0
GLOBAL,PWROILNAMXX01,2048,0.0
GLOBAL,PWROILNAMXX01,2049,0.0
GLOBAL,PWROILNAMXX01,2050,0.0
GLOBAL,PWRSPVNAMXX01,2021,0.0274
GLOBAL,PWRSPVNAMXX01,2022,0.0274
GLOBAL,PWRSPVNAMXX01,2023,0.0274
GLOBAL,PWRSPVNAMXX01,2024,0.0274
GLOBAL,PWRSPVNAMXX01,2025,0.0274
GLOBAL,PWRSPVNAMXX01,2026,0.0274
GLOBAL,PWRSPVNAMXX01,2027,0.0274
GLOBAL,PWRSPVNAMXX01,2028,0.0274
GLOBAL,PWRSPVNAMXX01,2029,0.0274
GLOBAL,PWRSPVNAMXX01,2030,0.0274
GLOBAL,PWRSPVNAMXX01,2031,0.0274
GLOBAL,PWRSPVNAMXX01,2032,0.0274
GLOBAL,PWRSPVNAMXX01,2033,0.0274
GLOBAL,PWRSPVNAMXX01,2034,0.0274
GLOBAL,PWRSPVNAMXX01,2035,0.0274
GLOBAL,PWRSPVNAMXX01,2036,0.0274
GLOBAL,PWRSPVNAMXX01,2037,0.0274
GLOBAL,PWRSPVNAMXX01,2038,0.0274
GLOBAL,PWRSPVNAMXX01,2039,0.0274
GLOBAL,PWRSPVNAMXX01,2040,0.0274
GLOBAL,PWRSPVNAMXX01,2041,0.0274
GLOBAL,PWRSPVNAMXX01,2042,0.0274
GLOBAL,PWRSPVNAMXX01,2043,0.0274
GLOBAL,PWRSPVNAMXX01,2044,0.0274
GLOBAL,PWRSPVNAMXX01,2045,0.0
GLOBAL,PWRSPVNAMXX01,2046,0.0
GLOBAL,PWRSPVNAMXX01,2047,0.0
GLOBAL,PWRSPVNAMXX01,2048,0.0
GLOBAL,PWRSPVNAMXX01,2049,0.0
GLOBAL,PWRSPVNAMXX01,2050,0.0
GLOBAL,PWRCOANERXX01,2021,0.038
GLOBAL,PWRCOANERXX01,2022,0.038
GLOBAL,PWRCOANERXX01,2023,0.038
GLOBAL,PWRCOANERXX01,2024,0.038
GLOBAL,PWRCOANERXX01,2025,0.038
GLOBAL,PWRCOANERXX01,2026,0.038
GLOBAL,PWRCOANERXX01,2027,0.038
GLOBAL,PWRCOANERXX01,2028,0.0
GLOBAL,PWRCOANERXX01,2029,0.0
GLOBAL,PWRCOANERXX01,2030,0.0
GLOBAL,PWRCOANERXX01,2031,0.0
GLOBAL,PWRCOANERXX01,2032,0.0
GLOBAL,PWRCOANERXX01,2033,0.0
GLOBAL,PWRCOANERXX01,2034,0.0
GLOBAL,PWRCOANERXX01,2035,0.0
GLOBAL,PWRCOANERXX01,2036,0.0
GLOBAL,PWRCOANERXX01,2037,0.0
GLOBAL,PWRCOANERXX01,2038,0.0
GLOBAL,PWRCOANERXX01,2039,0.0
GLOBAL,PWRCOANERXX01,2040,0.0
GLOBAL,PWRCOANERXX01,2041,0.0
GLOBAL,PWRCOANERXX01,2042,0.0
GLOBAL,PWRCOANERXX01,2043,0.0
GLOBAL,PWRCOANERXX01,2044,0.0
GLOBAL,PWRCOANERXX01,2045,0.0
GLOBAL,PWRCOANERXX01,2046,0.0
GLOBAL,PWRCOANERXX01,2047,0.0
GLOBAL,PWRCOANERXX01,2048,0.0
GLOBAL,PWRCOANERXX01,2049,0.0
GLOBAL,PWRCOANERXX01,2050,0.0
GLOBAL,PWROILNERXX01,2021,0.124
GLOBAL,PWROILNERXX01,2022,0.124
GLOBAL,PWROILNERXX01,2023,0.124
GLOBAL,PWROILNERXX01,2024,0.124
GLOBAL,PWROILNERXX01,2025,0.124
GLOBAL,PWROILNERXX01,2026,0.124
GLOBAL,PWROILNERXX01,2027,0.0
GLOBAL,PWROILNERXX01,2028,0.0
GLOBAL,PWROILNERXX01,2029,0.0
GLOBAL,PWROILNERXX01,2030,0.0
GLOBAL,PWROILNERXX01,2031,0.0
GLOBAL,PWROILNERXX01,2032,0.0
GLOBAL,PWROILNERXX01,2033,0.0
GLOBAL,PWROILNERXX01,2034,0.0
GLOBAL,PWROILNERXX01,2035,0.0
GLOBAL,PWROILNERXX01,2036,0.0
GLOBAL,PWROILNERXX01,2037,0.0
GLOBAL,PWROILNERXX01,2038,0.0
GLOBAL,PWROILNERXX01,2039,0.0
GLOBAL,PWROILNERXX01,2040,0.0
GLOBAL,PWROILNERXX01,2041,0.0
GLOBAL,PWROILNERXX01,2042,0.0
GLOBAL,PWROILNERXX01,2043,0.0
GLOBAL,PWROILNERXX01,2044,0.0
GLOBAL,PWROILNERXX01,2045,0.0
GLOBAL,PWROILNERXX01,2046,0.0
GLOBAL,PWROILNERXX01,2047,0.0
GLOBAL,PWROILNERXX01,2048,0.0
GLOBAL,PWROILNERXX01,2049,0.0
GLOBAL,PWROILNERXX01,2050,0.0
GLOBAL,PWRCCGNGAXX00,2021,8.419
GLOBAL,PWRCCGNGAXX00,2022,8.419
GLOBAL,PWRCCGNGAXX00,2023,8.419
GLOBAL,PWRCCGNGAXX00,2024,8.419
GLOBAL,PWRCCGNGAXX00,2025,0.0
GLOBAL,PWRCCGNGAXX00,2026,0.0
GLOBAL,PWRCCGNGAXX00,2027,0.0
GLOBAL,PWRCCGNGAXX00,2028,0.0
GLOBAL,PWRCCGNGAXX00,2029,0.0
GLOBAL,PWRCCGNGAXX00,2030,0.0
GLOBAL,PWRCCGNGAXX00,2031,0.0
GLOBAL,PWRCCGNGAXX00,2032,0.0
GLOBAL,PWRCCGNGAXX00,2033,0.0
GLOBAL,PWRCCGNGAXX00,2034,0.0
GLOBAL,PWRCCGNGAXX00,2035,0.0
GLOBAL,PWRCCGNGAXX00,2036,0.0
GLOBAL,PWRCCGNGAXX00,2037,0.0
GLOBAL,PWRCCGNGAXX00,2038,0.0
GLOBAL,PWRCCGNGAXX00,2039,0.0
GLOBAL,PWRCCGNGAXX00,2040,0.0
GLOBAL,PWRCCGNGAXX00,2041,0.0
GLOBAL,PWRCCGNGAXX00,2042,0.0
GLOBAL,PWRCCGNGAXX00,2043,0.0
GLOBAL,PWRCCGNGAXX00,2044,0.0
GLOBAL,PWRCCGNGAXX00,2045,0.0
GLOBAL,PWRCCGNGAXX00,2046,0.0
GLOBAL,PWRCCGNGAXX00,2047,0.0
GLOBAL,PWRCCGNGAXX00,2048,0.0
GLOBAL,PWRCCGNGAXX00,2049,0.0
GLOBAL,PWRCCGNGAXX00,2050,0.0
GLOBAL,PWRHYDNGAXX01,2021,2.04
GLOBAL,PWRHYDNGAXX01,2022,2.04
GLOBAL,PWRHYDNGAXX01,2023,2.04
GLOBAL,PWRHYDNGAXX01,2024,2.04
GLOBAL,PWRHYDNGAXX01,2025,2.04
GLOBAL,PWRHYDNGAXX01,2026,2.04
GLOBAL,PWRHYDNGAXX01,2027,2.04
GLOBAL,PWRHYDNGAXX01,2028,2.04
GLOBAL,PWRHYDNGAXX01,2029,2.04
GLOBAL,PWRHYDNGAXX01,2030,2.04
GLOBAL,PWRHYDNGAXX01,2031,2.04
GLOBAL,PWRHYDNGAXX01,2032,2.04
GLOBAL,PWRHYDNGAXX01,2033,2.04
GLOBAL,PWRHYDNGAXX01,2034,2.04
GLOBAL,PWRHYDNGAXX01,2035,2.04
GLOBAL,PWRHYDNGAXX01,2036,2.04
GLOBAL,PWRHYDNGAXX01,2037,2.04
GLOBAL,PWRHYDNGAXX01,2038,2.04
GLOBAL,PWRHYDNGAXX01,2039,2.04
GLOBAL,PWRHYDNGAXX01,2040,2.04
GLOBAL,PWRHYDNGAXX01,2041,2.04
GLOBAL,PWRHYDNGAXX01,2042,2.04
GLOBAL,PWRHYDNGAXX01,2043,2.04
GLOBAL,PWRHYDNGAXX01,2044,2.04
GLOBAL,PWRHYDNGAXX01,2045,2.04
GLOBAL,PWRHYDNGAXX01,2046,2.04
GLOBAL,PWRHYDNGAXX01,2047,2.04
GLOBAL,PWRHYDNGAXX01,2048,2.04
GLOBAL,PWRHYDNGAXX01,2049,2.04
GLOBAL,PWRHYDNGAXX01,2050,2.04
GLOBAL,PWRSPVNGAXX01,2021,0.017
GLOBAL,PWRSPVNGAXX01,2022,0.017
GLOBAL,PWRSPVNGAXX01,2023,0.017
GLOBAL,PWRSPVNGAXX01,2024,0.017
GLOBAL,PWRSPVNGAXX01,2025,0.017
GLOBAL,PWRSPVNGAXX01,2026,0.017
GLOBAL,PWRSPVNGAXX01,2027,0.017
GLOBAL,PWRSPVNGAXX01,2028,0.017
GLOBAL,PWRSPVNGAXX01,2029,0.017
GLOBAL,PWRSPVNGAXX01,2030,0.017
GLOBAL,PWRSPVNGAXX01,2031,0.017
GLOBAL,PWRSPVNGAXX01,2032,0.017
GLOBAL,PWRSPVNGAXX01,2033,0.017
GLOBAL,PWRSPVNGAXX01,2034,0.017
GLOBAL,PWRSPVNGAXX01,2035,0.017
GLOBAL,PWRSPVNGAXX01,2036,0.017
GLOBAL,PWRSPVNGAXX01,2037,0.017
GLOBAL,PWRSPVNGAXX01,2038,0.017
GLOBAL,PWRSPVNGAXX01,2039,0.017
GLOBAL,PWRSPVNGAXX01,2040,0.017
GLOBAL,PWRSPVNGAXX01,2041,0.017
GLOBAL,PWRSPVNGAXX01,2042,0.017
GLOBAL,PWRSPVNGAXX01,2043,0.017
GLOBAL,PWRSPVNGAXX01,2044,0.017
GLOBAL,PWRSPVNGAXX01,2045,0.0
GLOBAL,PWRSPVNGAXX01,2046,0.0
GLOBAL,PWRSPVNGAXX01,2047,0.0
GLOBAL,PWRSPVNGAXX01,2048,0.0
GLOBAL,PWRSPVNGAXX01,2049,0.0
GLOBAL,PWRSPVNGAXX01,2050,0.0
GLOBAL,PWRBIONICXX01,2021,0.0142
GLOBAL,PWRBIONICXX01,2022,0.0142
GLOBAL,PWRBIONICXX01,2023,0.0142
GLOBAL,PWRBIONICXX01,2024,0.0142
GLOBAL,PWRBIONICXX01,2025,0.0142
GLOBAL,PWRBIONICXX01,2026,0.0142
GLOBAL,PWRBIONICXX01,2027,0.0142
GLOBAL,PWRBIONICXX01,2028,0.0142
GLOBAL,PWRBIONICXX01,2029,0.0142
GLOBAL,PWRBIONICXX01,2030,0.0142
GLOBAL,PWRBIONICXX01,2031,0.0142
GLOBAL,PWRBIONICXX01,2032,0.0
GLOBAL,PWRBIONICXX01,2033,0.0
GLOBAL,PWRBIONICXX01,2034,0.0
GLOBAL,PWRBIONICXX01,2035,0.0
GLOBAL,PWRBIONICXX01,2036,0.0
GLOBAL,PWRBIONICXX01,2037,0.0
GLOBAL,PWRBIONICXX01,2038,0.0
GLOBAL,PWRBIONICXX01,2039,0.0
GLOBAL,PWRBIONICXX01,2040,0.0
GLOBAL,PWRBIONICXX01,2041,0.0
GLOBAL,PWRBIONICXX01,2042,0.0
GLOBAL,PWRBIONICXX01,2043,0.0
GLOBAL,PWRBIONICXX01,2044,0.0
GLOBAL,PWRBIONICXX01,2045,0.0
GLOBAL,PWRBIONICXX01,2046,0.0
GLOBAL,PWRBIONICXX01,2047,0.0
GLOBAL,PWRBIONICXX01,2048,0.0
GLOBAL,PWRBIONICXX01,2049,0.0
GLOBAL,PWRBIONICXX01,2050,0.0
GLOBAL,PWRGEONICXX01,2021,0.159
GLOBAL,PWRGEONICXX01,2022,0.159
GLOBAL,PWRGEONICXX01,2023,0.159
GLOBAL,PWRGEONICXX01,2024,0.159
GLOBAL,PWRGEONICXX01,2025,0.159
GLOBAL,PWRGEONICXX01,2026,0.0
GLOBAL,PWRGEONICXX01,2027,0.0
GLOBAL,PWRGEONICXX01,2028,0.0
GLOBAL,PWRGEONICXX01,2029,0.0
GLOBAL,PWRGEONICXX01,2030,0.0
GLOBAL,PWRGEONICXX01,2031,0.0
GLOBAL,PWRGEONICXX01,2032,0.0
GLOBAL,PWRGEONICXX01,2033,0.0
GLOBAL,PWRGEONICXX01,2034,0.0
GLOBAL,PWRGEONICXX01,2035,0.0
GLOBAL,PWRGEONICXX01,2036,0.0
GLOBAL,PWRGEONICXX01,2037,0.0
GLOBAL,PWRGEONICXX01,2038,0.0
GLOBAL,PWRGEONICXX01,2039,0.0
GLOBAL,PWRGEONICXX01,2040,0.0
GLOBAL,PWRGEONICXX01,2041,0.0
GLOBAL,PWRGEONICXX01,2042,0.0
GLOBAL,PWRGEONICXX01,2043,0.0
GLOBAL,PWRGEONICXX01,2044,0.0
GLOBAL,PWRGEONICXX01,2045,0.0
GLOBAL,PWRGEONICXX01,2046,0.0
GLOBAL,PWRGEONICXX01,2047,0.0
GLOBAL,PWRGEONICXX01,2048,0.0
GLOBAL,PWRGEONICXX01,2049,0.0
GLOBAL,PWRGEONICXX01,2050,0.0
GLOBAL,PWRHYDNICXX01,2021,0.1226
GLOBAL,PWRHYDNICXX01,2022,0.1226
GLOBAL,PWRHYDNICXX01,2023,0.1226
GLOBAL,PWRHYDNICXX01,2024,0.1226
GLOBAL,PWRHYDNICXX01,2025,0.1226
GLOBAL,PWRHYDNICXX01,2026,0.1226
GLOBAL,PWRHYDNICXX01,2027,0.1226
GLOBAL,PWRHYDNICXX01,2028,0.1226
GLOBAL,PWRHYDNICXX01,2029,0.1226
GLOBAL,PWRHYDNICXX01,2030,0.1226
GLOBAL,PWRHYDNICXX01,2031,0.1226
GLOBAL,PWRHYDNICXX01,2032,0.1226
GLOBAL,PWRHYDNICXX01,2033,0.1226
GLOBAL,PWRHYDNICXX01,2034,0.1226
GLOBAL,PWRHYDNICXX01,2035,0.1226
GLOBAL,PWRHYDNICXX01,2036,0.1226
GLOBAL,PWRHYDNICXX01,2037,0.1226
GLOBAL,PWRHYDNICXX01,2038,0.1226
GLOBAL,PWRHYDNICXX01,2039,0.1226
GLOBAL,PWRHYDNICXX01,2040,0.1226
GLOBAL,PWRHYDNICXX01,2041,0.1226
GLOBAL,PWRHYDNICXX01,2042,0.1226
GLOBAL,PWRHYDNICXX01,2043,0.1226
GLOBAL,PWRHYDNICXX01,2044,0.1226
GLOBAL,PWRHYDNICXX01,2045,0.1226
GLOBAL,PWRHYDNICXX01,2046,0.1226
GLOBAL,PWRHYDNICXX01,2047,0.1226
GLOBAL,PWRHYDNICXX01,2048,0.1226
GLOBAL,PWRHYDNICXX01,2049,0.1226
GLOBAL,PWRHYDNICXX01,2050,0.1226
GLOBAL,PWROCGNICXX00,2021,0.1195
GLOBAL,PWROCGNICXX00,2022,0.1195
GLOBAL,PWROCGNICXX00,2023,0.1195
GLOBAL,PWROCGNICXX00,2024,0.1195
GLOBAL,PWROCGNICXX00,2025,0.0
GLOBAL,PWROCGNICXX00,2026,0.0
GLOBAL,PWROCGNICXX00,2027,0.0
GLOBAL,PWROCGNICXX00,2028,0.0
GLOBAL,PWROCGNICXX00,2029,0.0
GLOBAL,PWROCGNICXX00,2030,0.0
GLOBAL,PWROCGNICXX00,2031,0.0
GLOBAL,PWROCGNICXX00,2032,0.0
GLOBAL,PWROCGNICXX00,2033,0.0
GLOBAL,PWROCGNICXX00,2034,0.0
GLOBAL,PWROCGNICXX00,2035,0.0
GLOBAL,PWROCGNICXX00,2036,0.0
GLOBAL,PWROCGNICXX00,2037,0.0
GLOBAL,PWROCGNICXX00,2038,0.0
GLOBAL,PWROCGNICXX00,2039,0.0
GLOBAL,PWROCGNICXX00,2040,0.0
GLOBAL,PWROCGNICXX00,2041,0.0
GLOBAL,PWROCGNICXX00,2042,0.0
GLOBAL,PWROCGNICXX00,2043,0.0
GLOBAL,PWROCGNICXX00,2044,0.0
GLOBAL,PWROCGNICXX00,2045,0.0
GLOBAL,PWROCGNICXX00,2046,0.0
GLOBAL,PWROCGNICXX00,2047,0.0
GLOBAL,PWROCGNICXX00,2048,0.0
GLOBAL,PWROCGNICXX00,2049,0.0
GLOBAL,PWROCGNICXX00,2050,0.0
GLOBAL,PWROILNICXX01,2021,0.7459
GLOBAL,PWROILNICXX01,2022,0.7459
GLOBAL,PWROILNICXX01,2023,0.7459
GLOBAL,PWROILNICXX01,2024,0.7459
GLOBAL,PWROILNICXX01,2025,0.7459
GLOBAL,PWROILNICXX01,2026,0.7459
GLOBAL,PWROILNICXX01,2027,0.0
GLOBAL,PWROILNICXX01,2028,0.0
GLOBAL,PWROILNICXX01,2029,0.0
GLOBAL,PWROILNICXX01,2030,0.0
GLOBAL,PWROILNICXX01,2031,0.0
GLOBAL,PWROILNICXX01,2032,0.0
GLOBAL,PWROILNICXX01,2033,0.0
GLOBAL,PWROILNICXX01,2034,0.0
GLOBAL,PWROILNICXX01,2035,0.0
GLOBAL,PWROILNICXX01,2036,0.0
GLOBAL,PWROILNICXX01,2037,0.0
GLOBAL,PWROILNICXX01,2038,0.0
GLOBAL,PWROILNICXX01,2039,0.0
GLOBAL,PWROILNICXX01,2040,0.0
GLOBAL,PWROILNICXX01,2041,0.0
GLOBAL,PWROILNICXX01,2042,0.0
GLOBAL,PWROILNICXX01,2043,0.0
GLOBAL,PWROILNICXX01,2044,0.0
GLOBAL,PWROILNICXX01,2045,0.0
GLOBAL,PWROILNICXX01,2046,0.0
GLOBAL,PWROILNICXX01,2047,0.0
GLOBAL,PWROILNICXX01,2048,0.0
GLOBAL,PWROILNICXX01,2049,0.0
GLOBAL,PWROILNICXX01,2050,0.0
GLOBAL,PWRWASNICXX01,2021,0.116
GLOBAL,PWRWASNICXX01,2022,0.116
GLOBAL,PWRWASNICXX01,2023,0.116
GLOBAL,PWRWASNICXX01,2024,0.116
GLOBAL,PWRWASNICXX01,2025,0.116
GLOBAL,PWRWASNICXX01,2026,0.116
GLOBAL,PWRWASNICXX01,2027,0.116
GLOBAL,PWRWASNICXX01,2028,0.116
GLOBAL,PWRWASNICXX01,2029,0.116
GLOBAL,PWRWASNICXX01,2030,0.116
GLOBAL,PWRWASNICXX01,2031,0.116
GLOBAL,PWRWASNICXX01,2032,0.0
GLOBAL,PWRWASNICXX01,2033,0.0
GLOBAL,PWRWASNICXX01,2034,0.0
GLOBAL,PWRWASNICXX01,2035,0.0
GLOBAL,PWRWASNICXX01,2036,0.0
GLOBAL,PWRWASNICXX01,2037,0.0
GLOBAL,PWRWASNICXX01,2038,0.0
GLOBAL,PWRWASNICXX01,2039,0.0
GLOBAL,PWRWASNICXX01,2040,0.0
GLOBAL,PWRWASNICXX01,2041,0.0
GLOBAL,PWRWASNICXX01,2042,0.0
GLOBAL,PWRWASNICXX01,2043,0.0
GLOBAL,PWRWASNICXX01,2044,0.0
GLOBAL,PWRWASNICXX01,2045,0.0
GLOBAL,PWRWASNICXX01,2046,0.0
GLOBAL,PWRWASNICXX01,2047,0.0
GLOBAL,PWRWASNICXX01,2048,0.0
GLOBAL,PWRWASNICXX01,2049,0.0
GLOBAL,PWRWASNICXX01,2050,0.0
GLOBAL,PWRWONNICXX01,2021,0.1862
GLOBAL,PWRWONNICXX01,2022,0.1862
GLOBAL,PWRWONNICXX01,2023,0.1862
GLOBAL,PWRWONNICXX01,2024,0.1862
GLOBAL,PWRWONNICXX01,2025,0.1862
GLOBAL,PWRWONNICXX01,2026,0.1862
GLOBAL,PWRWONNICXX01,2027,0.1862
GLOBAL,PWRWONNICXX01,2028,0.1862
GLOBAL,PWRWONNICXX01,2029,0.1862
GLOBAL,PWRWONNICXX01,2030,0.1862
GLOBAL,PWRWONNICXX01,2031,0.1862
GLOBAL,PWRWONNICXX01,2032,0.1862
GLOBAL,PWRWONNICXX01,2033,0.1862
GLOBAL,PWRWONNICXX01,2034,0.1862
GLOBAL,PWRWONNICXX01,2035,0.1862
GLOBAL,PWRWONNICXX01,2036,0.1862
GLOBAL,PWRWONNICXX01,2037,0.1862
GLOBAL,PWRWONNICXX01,2038,0.1862
GLOBAL,PWRWONNICXX01,2039,0.1862
GLOBAL,PWRWONNICXX01,2040,0.0
GLOBAL,PWRWONNICXX01,2041,0.0
GLOBAL,PWRWONNICXX01,2042,0.0
GLOBAL,PWRWONNICXX01,2043,0.0
GLOBAL,PWRWONNICXX01,2044,0.0
GLOBAL,PWRWONNICXX01,2045,0.0
GLOBAL,PWRWONNICXX01,2046,0.0
GLOBAL,PWRWONNICXX01,2047,0.0
GLOBAL,PWRWONNICXX01,2048,0.0
GLOBAL,PWRWONNICXX01,2049,0.0
GLOBAL,PWRWONNICXX01,2050,0.0
GLOBAL,PWRBIONLDXX01,2021,1.187
GLOBAL,PWRBIONLDXX01,2022,1.187
GLOBAL,PWRBIONLDXX01,2023,1.187
GLOBAL,PWRBIONLDXX01,2024,1.187
GLOBAL,PWRBIONLDXX01,2025,1.187
GLOBAL,PWRBIONLDXX01,2026,1.187
GLOBAL,PWRBIONLDXX01,2027,1.187
GLOBAL,PWRBIONLDXX01,2028,1.187
GLOBAL,PWRBIONLDXX01,2029,1.187
GLOBAL,PWRBIONLDXX01,2030,1.187
GLOBAL,PWRBIONLDXX01,2031,1.187
GLOBAL,PWRBIONLDXX01,2032,0.0
GLOBAL,PWRBIONLDXX01,2033,0.0
GLOBAL,PWRBIONLDXX01,2034,0.0
GLOBAL,PWRBIONLDXX01,2035,0.0
GLOBAL,PWRBIONLDXX01,2036,0.0
GLOBAL,PWRBIONLDXX01,2037,0.0
GLOBAL,PWRBIONLDXX01,2038,0.0
GLOBAL,PWRBIONLDXX01,2039,0.0
GLOBAL,PWRBIONLDXX01,2040,0.0
GLOBAL,PWRBIONLDXX01,2041,0.0
GLOBAL,PWRBIONLDXX01,2042,0.0
GLOBAL,PWRBIONLDXX01,2043,0.0
GLOBAL,PWRBIONLDXX01,2044,0.0
GLOBAL,PWRBIONLDXX01,2045,0.0
GLOBAL,PWRBIONLDXX01,2046,0.0
GLOBAL,PWRBIONLDXX01,2047,0.0
GLOBAL,PWRBIONLDXX01,2048,0.0
GLOBAL,PWRBIONLDXX01,2049,0.0
GLOBAL,PWRBIONLDXX01,2050,0.0
GLOBAL,PWRCCGNLDXX00,2021,19.476
GLOBAL,PWRCCGNLDXX00,2022,19.476
GLOBAL,PWRCCGNLDXX00,2023,19.476
GLOBAL,PWRCCGNLDXX00,2024,19.476
GLOBAL,PWRCCGNLDXX00,2025,7.208
GLOBAL,PWRCCGNLDXX00,2026,6.524
GLOBAL,PWRCCGNLDXX00,2027,4.06
GLOBAL,PWRCCGNLDXX00,2028,4.06
GLOBAL,PWRCCGNLDXX00,2029,4.06
GLOBAL,PWRCCGNLDXX00,2030,4.06
GLOBAL,PWRCCGNLDXX00,2031,4.06
GLOBAL,PWRCCGNLDXX00,2032,4.06
GLOBAL,PWRCCGNLDXX00,2033,4.06
GLOBAL,PWRCCGNLDXX00,2034,4.06
GLOBAL,PWRCCGNLDXX00,2035,4.06
GLOBAL,PWRCCGNLDXX00,2036,4.06
GLOBAL,PWRCCGNLDXX00,2037,4.06
GLOBAL,PWRCCGNLDXX00,2038,4.06
GLOBAL,PWRCCGNLDXX00,2039,4.06
GLOBAL,PWRCCGNLDXX00,2040,4.06
GLOBAL,PWRCCGNLDXX00,2041,1.312
GLOBAL,PWRCCGNLDXX00,2042,1.312
GLOBAL,PWRCCGNLDXX00,2043,1.312
GLOBAL,PWRCCGNLDXX00,2044,0.0
GLOBAL,PWRCCGNLDXX00,2045,0.0
GLOBAL,PWRCCGNLDXX00,2046,0.0
GLOBAL,PWRCCGNLDXX00,2047,0.0
GLOBAL,PWRCCGNLDXX00,2048,0.0
GLOBAL,PWRCCGNLDXX00,2049,0.0
GLOBAL,PWRCCGNLDXX00,2050,0.0
GLOBAL,PWRCOANLDXX01,2021,8.371
GLOBAL,PWRCOANLDXX01,2022,8.371
GLOBAL,PWRCOANLDXX01,2023,8.371
GLOBAL,PWRCOANLDXX01,2024,8.371
GLOBAL,PWRCOANLDXX01,2025,8.371
GLOBAL,PWRCOANLDXX01,2026,7.687
GLOBAL,PWRCOANLDXX01,2027,7.687
GLOBAL,PWRCOANLDXX01,2028,3.742
GLOBAL,PWRCOANLDXX01,2029,3.742
GLOBAL,PWRCOANLDXX01,2030,3.742
GLOBAL,PWRCOANLDXX01,2031,3.742
GLOBAL,PWRCOANLDXX01,2032,3.742
GLOBAL,PWRCOANLDXX01,2033,3.742
GLOBAL,PWRCOANLDXX01,2034,2.702
GLOBAL,PWRCOANLDXX01,2035,2.702
GLOBAL,PWRCOANLDXX01,2036,2.702
GLOBAL,PWRCOANLDXX01,2037,2.702
GLOBAL,PWRCOANLDXX01,2038,2.702
GLOBAL,PWRCOANLDXX01,2039,2.702
GLOBAL,PWRCOANLDXX01,2040,2.702
GLOBAL,PWRCOANLDXX01,2041,2.702
GLOBAL,PWRCOANLDXX01,2042,2.702
GLOBAL,PWRCOANLDXX01,2043,2.702
GLOBAL,PWRCOANLDXX01,2044,2.702
GLOBAL,PWRCOANLDXX01,2045,2.702
GLOBAL,PWRCOANLDXX01,2046,1.1
GLOBAL,PWRCOANLDXX01,2047,0.0
GLOBAL,PWRCOANLDXX01,2048,0.0
GLOBAL,PWRCOANLDXX01,2049,0.0
GLOBAL,PWRCOANLDXX01,2050,0.0
GLOBAL,PWRHYDNLDXX01,2021,0.037
GLOBAL,PWRHYDNLDXX01,2022,0.037
GLOBAL,PWRHYDNLDXX01,2023,0.037
GLOBAL,PWRHYDNLDXX01,2024,0.037
GLOBAL,PWRHYDNLDXX01,2025,0.037
GLOBAL,PWRHYDNLDXX01,2026,0.037
GLOBAL,PWRHYDNLDXX01,2027,0.037
GLOBAL,PWRHYDNLDXX01,2028,0.037
GLOBAL,PWRHYDNLDXX01,2029,0.037
GLOBAL,PWRHYDNLDXX01,2030,0.037
GLOBAL,PWRHYDNLDXX01,2031,0.037
GLOBAL,PWRHYDNLDXX01,2032,0.037
GLOBAL,PWRHYDNLDXX01,2033,0.037
GLOBAL,PWRHYDNLDXX01,2034,0.037
GLOBAL,PWRHYDNLDXX01,2035,0.037
GLOBAL,PWRHYDNLDXX01,2036,0.037
GLOBAL,PWRHYDNLDXX01,2037,0.037
GLOBAL,PWRHYDNLDXX01,2038,0.037
GLOBAL,PWRHYDNLDXX01,2039,0.037
GLOBAL,PWRHYDNLDXX01,2040,0.037
GLOBAL,PWRHYDNLDXX01,2041,0.037
GLOBAL,PWRHYDNLDXX01,2042,0.037
GLOBAL,PWRHYDNLDXX01,2043,0.037
GLOBAL,PWRHYDNLDXX01,2044,0.037
GLOBAL,PWRHYDNLDXX01,2045,0.037
GLOBAL,PWRHYDNLDXX01,2046,0.037
GLOBAL,PWRHYDNLDXX01,2047,0.037
GLOBAL,PWRHYDNLDXX01,2048,0.037
GLOBAL,PWRHYDNLDXX01,2049,0.037
GLOBAL,PWRHYDNLDXX01,2050,0.037
GLOBAL,PWROCGNLDXX00,2021,0.114
GLOBAL,PWROCGNLDXX00,2022,0.114
GLOBAL,PWROCGNLDXX00,2023,0.114
GLOBAL,PWROCGNLDXX00,2024,0.114
GLOBAL,PWROCGNLDXX00,2025,0.114
GLOBAL,PWROCGNLDXX00,2026,0.114
GLOBAL,PWROCGNLDXX00,2027,0.114
GLOBAL,PWROCGNLDXX00,2028,0.0
GLOBAL,PWROCGNLDXX00,2029,0.0
GLOBAL,PWROCGNLDXX00,2030,0.0
GLOBAL,PWROCGNLDXX00,2031,0.0
GLOBAL,PWROCGNLDXX00,2032,0.0
GLOBAL,PWROCGNLDXX00,2033,0.0
GLOBAL,PWROCGNLDXX00,2034,0.0
GLOBAL,PWROCGNLDXX00,2035,0.0
GLOBAL,PWROCGNLDXX00,2036,0.0
GLOBAL,PWROCGNLDXX00,2037,0.0
GLOBAL,PWROCGNLDXX00,2038,0.0
GLOBAL,PWROCGNLDXX00,2039,0.0
GLOBAL,PWROCGNLDXX00,2040,0.0
GLOBAL,PWROCGNLDXX00,2041,0.0
GLOBAL,PWROCGNLDXX00,2042,0.0
GLOBAL,PWROCGNLDXX00,2043,0.0
GLOBAL,PWROCGNLDXX00,2044,0.0
GLOBAL,PWROCGNLDXX00,2045,0.0
GLOBAL,PWROCGNLDXX00,2046,0.0
GLOBAL,PWROCGNLDXX00,2047,0.0
GLOBAL,PWROCGNLDXX00,2048,0.0
GLOBAL,PWROCGNLDXX00,2049,0.0
GLOBAL,PWROCGNLDXX00,2050,0.0
GLOBAL,PWRSPVNLDXX01,2021,1.515
GLOBAL,PWRSPVNLDXX01,2022,1.515
GLOBAL,PWRSPVNLDXX01,2023,1.515
GLOBAL,PWRSPVNLDXX01,2024,1.515
GLOBAL,PWRSPVNLDXX01,2025,1.515
GLOBAL,PWRSPVNLDXX01,2026,1.515
GLOBAL,PWRSPVNLDXX01,2027,1.515
GLOBAL,PWRSPVNLDXX01,2028,1.515
GLOBAL,PWRSPVNLDXX01,2029,1.515
GLOBAL,PWRSPVNLDXX01,2030,1.515
GLOBAL,PWRSPVNLDXX01,2031,1.515
GLOBAL,PWRSPVNLDXX01,2032,1.515
GLOBAL,PWRSPVNLDXX01,2033,1.515
GLOBAL,PWRSPVNLDXX01,2034,1.515
GLOBAL,PWRSPVNLDXX01,2035,1.515
GLOBAL,PWRSPVNLDXX01,2036,1.515
GLOBAL,PWRSPVNLDXX01,2037,1.515
GLOBAL,PWRSPVNLDXX01,2038,1.515
GLOBAL,PWRSPVNLDXX01,2039,1.515
GLOBAL,PWRSPVNLDXX01,2040,1.515
GLOBAL,PWRSPVNLDXX01,2041,1.515
GLOBAL,PWRSPVNLDXX01,2042,1.515
GLOBAL,PWRSPVNLDXX01,2043,1.515
GLOBAL,PWRSPVNLDXX01,2044,1.515
GLOBAL,PWRSPVNLDXX01,2045,0.0
GLOBAL,PWRSPVNLDXX01,2046,0.0
GLOBAL,PWRSPVNLDXX01,2047,0.0
GLOBAL,PWRSPVNLDXX01,2048,0.0
GLOBAL,PWRSPVNLDXX01,2049,0.0
GLOBAL,PWRSPVNLDXX01,2050,0.0
GLOBAL,PWRURNNLDXX01,2021,0.485
GLOBAL,PWRURNNLDXX01,2022,0.485
GLOBAL,PWRURNNLDXX01,2023,0.485
GLOBAL,PWRURNNLDXX01,2024,0.485
GLOBAL,PWRURNNLDXX01,2025,0.485
GLOBAL,PWRURNNLDXX01,2026,0.485
GLOBAL,PWRURNNLDXX01,2027,0.485
GLOBAL,PWRURNNLDXX01,2028,0.485
GLOBAL,PWRURNNLDXX01,2029,0.485
GLOBAL,PWRURNNLDXX01,2030,0.485
GLOBAL,PWRURNNLDXX01,2031,0.485
GLOBAL,PWRURNNLDXX01,2032,0.485
GLOBAL,PWRURNNLDXX01,2033,0.485
GLOBAL,PWRURNNLDXX01,2034,0.0
GLOBAL,PWRURNNLDXX01,2035,0.0
GLOBAL,PWRURNNLDXX01,2036,0.0
GLOBAL,PWRURNNLDXX01,2037,0.0
GLOBAL,PWRURNNLDXX01,2038,0.0
GLOBAL,PWRURNNLDXX01,2039,0.0
GLOBAL,PWRURNNLDXX01,2040,0.0
GLOBAL,PWRURNNLDXX01,2041,0.0
GLOBAL,PWRURNNLDXX01,2042,0.0
GLOBAL,PWRURNNLDXX01,2043,0.0
GLOBAL,PWRURNNLDXX01,2044,0.0
GLOBAL,PWRURNNLDXX01,2045,0.0
GLOBAL,PWRURNNLDXX01,2046,0.0
GLOBAL,PWRURNNLDXX01,2047,0.0
GLOBAL,PWRURNNLDXX01,2048,0.0
GLOBAL,PWRURNNLDXX01,2049,0.0
GLOBAL,PWRURNNLDXX01,2050,0.0
GLOBAL,PWRWAVNLDXX01,2021,0.037
GLOBAL,PWRWAVNLDXX01,2022,0.0
GLOBAL,PWRWAVNLDXX01,2023,0.0
GLOBAL,PWRWAVNLDXX01,2024,0.0
GLOBAL,PWRWAVNLDXX01,2025,0.0
GLOBAL,PWRWAVNLDXX01,2026,0.0
GLOBAL,PWRWAVNLDXX01,2027,0.0
GLOBAL,PWRWAVNLDXX01,2028,0.0
GLOBAL,PWRWAVNLDXX01,2029,0.0
GLOBAL,PWRWAVNLDXX01,2030,0.0
GLOBAL,PWRWAVNLDXX01,2031,0.0
GLOBAL,PWRWAVNLDXX01,2032,0.0
GLOBAL,PWRWAVNLDXX01,2033,0.0
GLOBAL,PWRWAVNLDXX01,2034,0.0
GLOBAL,PWRWAVNLDXX01,2035,0.0
GLOBAL,PWRWAVNLDXX01,2036,0.0
GLOBAL,PWRWAVNLDXX01,2037,0.0
GLOBAL,PWRWAVNLDXX01,2038,0.0
GLOBAL,PWRWAVNLDXX01,2039,0.0
GLOBAL,PWRWAVNLDXX01,2040,0.0
GLOBAL,PWRWAVNLDXX01,2041,0.0
GLOBAL,PWRWAVNLDXX01,2042,0.0
GLOBAL,PWRWAVNLDXX01,2043,0.0
GLOBAL,PWRWAVNLDXX01,2044,0.0
GLOBAL,PWRWAVNLDXX01,2045,0.0
GLOBAL,PWRWAVNLDXX01,2046,0.0
GLOBAL,PWRWAVNLDXX01,2047,0.0
GLOBAL,PWRWAVNLDXX01,2048,0.0
GLOBAL,PWRWAVNLDXX01,2049,0.0
GLOBAL,PWRWAVNLDXX01,2050,0.0
GLOBAL,PWRWOFNLDXX01,2021,1.6018
GLOBAL,PWRWOFNLDXX01,2022,1.6018
GLOBAL,PWRWOFNLDXX01,2023,1.6018
GLOBAL,PWRWOFNLDXX01,2024,1.6018
GLOBAL,PWRWOFNLDXX01,2025,1.6018
GLOBAL,PWRWOFNLDXX01,2026,1.6018
GLOBAL,PWRWOFNLDXX01,2027,1.6018
GLOBAL,PWRWOFNLDXX01,2028,1.6018
GLOBAL,PWRWOFNLDXX01,2029,1.6018
GLOBAL,PWRWOFNLDXX01,2030,1.6018
GLOBAL,PWRWOFNLDXX01,2031,1.6018
GLOBAL,PWRWOFNLDXX01,2032,1.6018
GLOBAL,PWRWOFNLDXX01,2033,1.6018
GLOBAL,PWRWOFNLDXX01,2034,1.6018
GLOBAL,PWRWOFNLDXX01,2035,1.6018
GLOBAL,PWRWOFNLDXX01,2036,1.6018
GLOBAL,PWRWOFNLDXX01,2037,1.4938
GLOBAL,PWRWOFNLDXX01,2038,1.4938
GLOBAL,PWRWOFNLDXX01,2039,1.3738
GLOBAL,PWRWOFNLDXX01,2040,1.3738
GLOBAL,PWRWOFNLDXX01,2041,0.947
GLOBAL,PWRWOFNLDXX01,2042,0.947
GLOBAL,PWRWOFNLDXX01,2043,0.947
GLOBAL,PWRWOFNLDXX01,2044,0.947
GLOBAL,PWRWOFNLDXX01,2045,0.729
GLOBAL,PWRWOFNLDXX01,2046,0.6
GLOBAL,PWRWOFNLDXX01,2047,0.0
GLOBAL,PWRWOFNLDXX01,2048,0.0
GLOBAL,PWRWOFNLDXX01,2049,0.0
GLOBAL,PWRWOFNLDXX01,2050,0.0
GLOBAL,PWRWONNLDXX01,2021,3.1091
GLOBAL,PWRWONNLDXX01,2022,3.1091
GLOBAL,PWRWONNLDXX01,2023,3.1091
GLOBAL,PWRWONNLDXX01,2024,3.1091
GLOBAL,PWRWONNLDXX01,2025,3.1091
GLOBAL,PWRWONNLDXX01,2026,3.0981
GLOBAL,PWRWONNLDXX01,2027,3.0981
GLOBAL,PWRWONNLDXX01,2028,3.0751
GLOBAL,PWRWONNLDXX01,2029,3.0521
GLOBAL,PWRWONNLDXX01,2030,3.0521
GLOBAL,PWRWONNLDXX01,2031,3.0451
GLOBAL,PWRWONNLDXX01,2032,3.0401
GLOBAL,PWRWONNLDXX01,2033,3.0171
GLOBAL,PWRWONNLDXX01,2034,3.0021
GLOBAL,PWRWONNLDXX01,2035,2.9711
GLOBAL,PWRWONNLDXX01,2036,2.9551
GLOBAL,PWRWONNLDXX01,2037,2.9261
GLOBAL,PWRWONNLDXX01,2038,2.8421
GLOBAL,PWRWONNLDXX01,2039,2.7441
GLOBAL,PWRWONNLDXX01,2040,0.177
GLOBAL,PWRWONNLDXX01,2041,0.177
GLOBAL,PWRWONNLDXX01,2042,0.168
GLOBAL,PWRWONNLDXX01,2043,0.148
GLOBAL,PWRWONNLDXX01,2044,0.148
GLOBAL,PWRWONNLDXX01,2045,0.146
GLOBAL,PWRWONNLDXX01,2046,0.144
GLOBAL,PWRWONNLDXX01,2047,0.0
GLOBAL,PWRWONNLDXX01,2048,0.0
GLOBAL,PWRWONNLDXX01,2049,0.0
GLOBAL,PWRWONNLDXX01,2050,0.0
GLOBAL,PWRBIONORXX01,2021,0.183
GLOBAL,PWRBIONORXX01,2022,0.183
GLOBAL,PWRBIONORXX01,2023,0.183
GLOBAL,PWRBIONORXX01,2024,0.183
GLOBAL,PWRBIONORXX01,2025,0.183
GLOBAL,PWRBIONORXX01,2026,0.183
GLOBAL,PWRBIONORXX01,2027,0.183
GLOBAL,PWRBIONORXX01,2028,0.183
GLOBAL,PWRBIONORXX01,2029,0.183
GLOBAL,PWRBIONORXX01,2030,0.183
GLOBAL,PWRBIONORXX01,2031,0.183
GLOBAL,PWRBIONORXX01,2032,0.0
GLOBAL,PWRBIONORXX01,2033,0.0
GLOBAL,PWRBIONORXX01,2034,0.0
GLOBAL,PWRBIONORXX01,2035,0.0
GLOBAL,PWRBIONORXX01,2036,0.0
GLOBAL,PWRBIONORXX01,2037,0.0
GLOBAL,PWRBIONORXX01,2038,0.0
GLOBAL,PWRBIONORXX01,2039,0.0
GLOBAL,PWRBIONORXX01,2040,0.0
GLOBAL,PWRBIONORXX01,2041,0.0
GLOBAL,PWRBIONORXX01,2042,0.0
GLOBAL,PWRBIONORXX01,2043,0.0
GLOBAL,PWRBIONORXX01,2044,0.0
GLOBAL,PWRBIONORXX01,2045,0.0
GLOBAL,PWRBIONORXX01,2046,0.0
GLOBAL,PWRBIONORXX01,2047,0.0
GLOBAL,PWRBIONORXX01,2048,0.0
GLOBAL,PWRBIONORXX01,2049,0.0
GLOBAL,PWRBIONORXX01,2050,0.0
GLOBAL,PWRCCGNORXX00,2021,1.405
GLOBAL,PWRCCGNORXX00,2022,1.405
GLOBAL,PWRCCGNORXX00,2023,1.405
GLOBAL,PWRCCGNORXX00,2024,1.405
GLOBAL,PWRCCGNORXX00,2025,0.0
GLOBAL,PWRCCGNORXX00,2026,0.0
GLOBAL,PWRCCGNORXX00,2027,0.0
GLOBAL,PWRCCGNORXX00,2028,0.0
GLOBAL,PWRCCGNORXX00,2029,0.0
GLOBAL,PWRCCGNORXX00,2030,0.0
GLOBAL,PWRCCGNORXX00,2031,0.0
GLOBAL,PWRCCGNORXX00,2032,0.0
GLOBAL,PWRCCGNORXX00,2033,0.0
GLOBAL,PWRCCGNORXX00,2034,0.0
GLOBAL,PWRCCGNORXX00,2035,0.0
GLOBAL,PWRCCGNORXX00,2036,0.0
GLOBAL,PWRCCGNORXX00,2037,0.0
GLOBAL,PWRCCGNORXX00,2038,0.0
GLOBAL,PWRCCGNORXX00,2039,0.0
GLOBAL,PWRCCGNORXX00,2040,0.0
GLOBAL,PWRCCGNORXX00,2041,0.0
GLOBAL,PWRCCGNORXX00,2042,0.0
GLOBAL,PWRCCGNORXX00,2043,0.0
GLOBAL,PWRCCGNORXX00,2044,0.0
GLOBAL,PWRCCGNORXX00,2045,0.0
GLOBAL,PWRCCGNORXX00,2046,0.0
GLOBAL,PWRCCGNORXX00,2047,0.0
GLOBAL,PWRCCGNORXX00,2048,0.0
GLOBAL,PWRCCGNORXX00,2049,0.0
GLOBAL,PWRCCGNORXX00,2050,0.0
GLOBAL,PWRHYDNORXX01,2021,30.478
GLOBAL,PWRHYDNORXX01,2022,30.478
GLOBAL,PWRHYDNORXX01,2023,30.478
GLOBAL,PWRHYDNORXX01,2024,30.478
GLOBAL,PWRHYDNORXX01,2025,30.478
GLOBAL,PWRHYDNORXX01,2026,30.478
GLOBAL,PWRHYDNORXX01,2027,30.478
GLOBAL,PWRHYDNORXX01,2028,30.478
GLOBAL,PWRHYDNORXX01,2029,30.478
GLOBAL,PWRHYDNORXX01,2030,30.478
GLOBAL,PWRHYDNORXX01,2031,30.478
GLOBAL,PWRHYDNORXX01,2032,30.478
GLOBAL,PWRHYDNORXX01,2033,30.478
GLOBAL,PWRHYDNORXX01,2034,30.478
GLOBAL,PWRHYDNORXX01,2035,30.478
GLOBAL,PWRHYDNORXX01,2036,30.478
GLOBAL,PWRHYDNORXX01,2037,30.478
GLOBAL,PWRHYDNORXX01,2038,30.478
GLOBAL,PWRHYDNORXX01,2039,30.478
GLOBAL,PWRHYDNORXX01,2040,30.478
GLOBAL,PWRHYDNORXX01,2041,30.478
GLOBAL,PWRHYDNORXX01,2042,30.478
GLOBAL,PWRHYDNORXX01,2043,30.478
GLOBAL,PWRHYDNORXX01,2044,30.478
GLOBAL,PWRHYDNORXX01,2045,30.478
GLOBAL,PWRHYDNORXX01,2046,30.478
GLOBAL,PWRHYDNORXX01,2047,30.478
GLOBAL,PWRHYDNORXX01,2048,30.478
GLOBAL,PWRHYDNORXX01,2049,30.478
GLOBAL,PWRHYDNORXX01,2050,30.478
GLOBAL,PWROCGNORXX00,2021,0.049
GLOBAL,PWROCGNORXX00,2022,0.049
GLOBAL,PWROCGNORXX00,2023,0.049
GLOBAL,PWROCGNORXX00,2024,0.049
GLOBAL,PWROCGNORXX00,2025,0.0
GLOBAL,PWROCGNORXX00,2026,0.0
GLOBAL,PWROCGNORXX00,2027,0.0
GLOBAL,PWROCGNORXX00,2028,0.0
GLOBAL,PWROCGNORXX00,2029,0.0
GLOBAL,PWROCGNORXX00,2030,0.0
GLOBAL,PWROCGNORXX00,2031,0.0
GLOBAL,PWROCGNORXX00,2032,0.0
GLOBAL,PWROCGNORXX00,2033,0.0
GLOBAL,PWROCGNORXX00,2034,0.0
GLOBAL,PWROCGNORXX00,2035,0.0
GLOBAL,PWROCGNORXX00,2036,0.0
GLOBAL,PWROCGNORXX00,2037,0.0
GLOBAL,PWROCGNORXX00,2038,0.0
GLOBAL,PWROCGNORXX00,2039,0.0
GLOBAL,PWROCGNORXX00,2040,0.0
GLOBAL,PWROCGNORXX00,2041,0.0
GLOBAL,PWROCGNORXX00,2042,0.0
GLOBAL,PWROCGNORXX00,2043,0.0
GLOBAL,PWROCGNORXX00,2044,0.0
GLOBAL,PWROCGNORXX00,2045,0.0
GLOBAL,PWROCGNORXX00,2046,0.0
GLOBAL,PWROCGNORXX00,2047,0.0
GLOBAL,PWROCGNORXX00,2048,0.0
GLOBAL,PWROCGNORXX00,2049,0.0
GLOBAL,PWROCGNORXX00,2050,0.0
GLOBAL,PWRSPVNORXX01,2021,0.015
GLOBAL,PWRSPVNORXX01,2022,0.015
GLOBAL,PWRSPVNORXX01,2023,0.015
GLOBAL,PWRSPVNORXX01,2024,0.015
GLOBAL,PWRSPVNORXX01,2025,0.015
GLOBAL,PWRSPVNORXX01,2026,0.015
GLOBAL,PWRSPVNORXX01,2027,0.015
GLOBAL,PWRSPVNORXX01,2028,0.015
GLOBAL,PWRSPVNORXX01,2029,0.015
GLOBAL,PWRSPVNORXX01,2030,0.015
GLOBAL,PWRSPVNORXX01,2031,0.015
GLOBAL,PWRSPVNORXX01,2032,0.015
GLOBAL,PWRSPVNORXX01,2033,0.015
GLOBAL,PWRSPVNORXX01,2034,0.015
GLOBAL,PWRSPVNORXX01,2035,0.015
GLOBAL,PWRSPVNORXX01,2036,0.015
GLOBAL,PWRSPVNORXX01,2037,0.015
GLOBAL,PWRSPVNORXX01,2038,0.015
GLOBAL,PWRSPVNORXX01,2039,0.015
GLOBAL,PWRSPVNORXX01,2040,0.015
GLOBAL,PWRSPVNORXX01,2041,0.015
GLOBAL,PWRSPVNORXX01,2042,0.015
GLOBAL,PWRSPVNORXX01,2043,0.015
GLOBAL,PWRSPVNORXX01,2044,0.015
GLOBAL,PWRSPVNORXX01,2045,0.0
GLOBAL,PWRSPVNORXX01,2046,0.0
GLOBAL,PWRSPVNORXX01,2047,0.0
GLOBAL,PWRSPVNORXX01,2048,0.0
GLOBAL,PWRSPVNORXX01,2049,0.0
GLOBAL,PWRSPVNORXX01,2050,0.0
GLOBAL,PWRWAVNORXX01,2021,0.035
GLOBAL,PWRWAVNORXX01,2022,0.0
GLOBAL,PWRWAVNORXX01,2023,0.0
GLOBAL,PWRWAVNORXX01,2024,0.0
GLOBAL,PWRWAVNORXX01,2025,0.0
GLOBAL,PWRWAVNORXX01,2026,0.0
GLOBAL,PWRWAVNORXX01,2027,0.0
GLOBAL,PWRWAVNORXX01,2028,0.0
GLOBAL,PWRWAVNORXX01,2029,0.0
GLOBAL,PWRWAVNORXX01,2030,0.0
GLOBAL,PWRWAVNORXX01,2031,0.0
GLOBAL,PWRWAVNORXX01,2032,0.0
GLOBAL,PWRWAVNORXX01,2033,0.0
GLOBAL,PWRWAVNORXX01,2034,0.0
GLOBAL,PWRWAVNORXX01,2035,0.0
GLOBAL,PWRWAVNORXX01,2036,0.0
GLOBAL,PWRWAVNORXX01,2037,0.0
GLOBAL,PWRWAVNORXX01,2038,0.0
GLOBAL,PWRWAVNORXX01,2039,0.0
GLOBAL,PWRWAVNORXX01,2040,0.0
GLOBAL,PWRWAVNORXX01,2041,0.0
GLOBAL,PWRWAVNORXX01,2042,0.0
GLOBAL,PWRWAVNORXX01,2043,0.0
GLOBAL,PWRWAVNORXX01,2044,0.0
GLOBAL,PWRWAVNORXX01,2045,0.0
GLOBAL,PWRWAVNORXX01,2046,0.0
GLOBAL,PWRWAVNORXX01,2047,0.0
GLOBAL,PWRWAVNORXX01,2048,0.0
GLOBAL,PWRWAVNORXX01,2049,0.0
GLOBAL,PWRWAVNORXX01,2050,0.0
GLOBAL,PWRWONNORXX01,2021,0.8647
GLOBAL,PWRWONNORXX01,2022,0.8647
GLOBAL,PWRWONNORXX01,2023,0.8647
GLOBAL,PWRWONNORXX01,2024,0.8647
GLOBAL,PWRWONNORXX01,2025,0.8647
GLOBAL,PWRWONNORXX01,2026,0.8647
GLOBAL,PWRWONNORXX01,2027,0.8647
GLOBAL,PWRWONNORXX01,2028,0.8647
GLOBAL,PWRWONNORXX01,2029,0.8647
GLOBAL,PWRWONNORXX01,2030,0.8647
GLOBAL,PWRWONNORXX01,2031,0.8647
GLOBAL,PWRWONNORXX01,2032,0.8647
GLOBAL,PWRWONNORXX01,2033,0.8647
GLOBAL,PWRWONNORXX01,2034,0.8647
GLOBAL,PWRWONNORXX01,2035,0.8647
GLOBAL,PWRWONNORXX01,2036,0.8647
GLOBAL,PWRWONNORXX01,2037,0.8647
GLOBAL,PWRWONNORXX01,2038,0.8647
GLOBAL,PWRWONNORXX01,2039,0.8647
GLOBAL,PWRWONNORXX01,2040,0.0
GLOBAL,PWRWONNORXX01,2041,0.0
GLOBAL,PWRWONNORXX01,2042,0.0
GLOBAL,PWRWONNORXX01,2043,0.0
GLOBAL,PWRWONNORXX01,2044,0.0
GLOBAL,PWRWONNORXX01,2045,0.0
GLOBAL,PWRWONNORXX01,2046,0.0
GLOBAL,PWRWONNORXX01,2047,0.0
GLOBAL,PWRWONNORXX01,2048,0.0
GLOBAL,PWRWONNORXX01,2049,0.0
GLOBAL,PWRWONNORXX01,2050,0.0
GLOBAL,PWRHYDNPLXX01,2021,0.753
GLOBAL,PWRHYDNPLXX01,2022,0.753
GLOBAL,PWRHYDNPLXX01,2023,0.753
GLOBAL,PWRHYDNPLXX01,2024,0.753
GLOBAL,PWRHYDNPLXX01,2025,0.753
GLOBAL,PWRHYDNPLXX01,2026,0.753
GLOBAL,PWRHYDNPLXX01,2027,0.753
GLOBAL,PWRHYDNPLXX01,2028,0.753
GLOBAL,PWRHYDNPLXX01,2029,0.753
GLOBAL,PWRHYDNPLXX01,2030,0.753
GLOBAL,PWRHYDNPLXX01,2031,0.753
GLOBAL,PWRHYDNPLXX01,2032,0.753
GLOBAL,PWRHYDNPLXX01,2033,0.753
GLOBAL,PWRHYDNPLXX01,2034,0.753
GLOBAL,PWRHYDNPLXX01,2035,0.753
GLOBAL,PWRHYDNPLXX01,2036,0.753
GLOBAL,PWRHYDNPLXX01,2037,0.753
GLOBAL,PWRHYDNPLXX01,2038,0.753
GLOBAL,PWRHYDNPLXX01,2039,0.753
GLOBAL,PWRHYDNPLXX01,2040,0.753
GLOBAL,PWRHYDNPLXX01,2041,0.753
GLOBAL,PWRHYDNPLXX01,2042,0.753
GLOBAL,PWRHYDNPLXX01,2043,0.753
GLOBAL,PWRHYDNPLXX01,2044,0.753
GLOBAL,PWRHYDNPLXX01,2045,0.753
GLOBAL,PWRHYDNPLXX01,2046,0.753
GLOBAL,PWRHYDNPLXX01,2047,0.753
GLOBAL,PWRHYDNPLXX01,2048,0.753
GLOBAL,PWRHYDNPLXX01,2049,0.753
GLOBAL,PWRHYDNPLXX01,2050,0.753
GLOBAL,PWRSPVNPLXX01,2021,0.032
GLOBAL,PWRSPVNPLXX01,2022,0.032
GLOBAL,PWRSPVNPLXX01,2023,0.032
GLOBAL,PWRSPVNPLXX01,2024,0.032
GLOBAL,PWRSPVNPLXX01,2025,0.032
GLOBAL,PWRSPVNPLXX01,2026,0.032
GLOBAL,PWRSPVNPLXX01,2027,0.032
GLOBAL,PWRSPVNPLXX01,2028,0.032
GLOBAL,PWRSPVNPLXX01,2029,0.032
GLOBAL,PWRSPVNPLXX01,2030,0.032
GLOBAL,PWRSPVNPLXX01,2031,0.032
GLOBAL,PWRSPVNPLXX01,2032,0.032
GLOBAL,PWRSPVNPLXX01,2033,0.032
GLOBAL,PWRSPVNPLXX01,2034,0.032
GLOBAL,PWRSPVNPLXX01,2035,0.032
GLOBAL,PWRSPVNPLXX01,2036,0.032
GLOBAL,PWRSPVNPLXX01,2037,0.032
GLOBAL,PWRSPVNPLXX01,2038,0.032
GLOBAL,PWRSPVNPLXX01,2039,0.032
GLOBAL,PWRSPVNPLXX01,2040,0.032
GLOBAL,PWRSPVNPLXX01,2041,0.032
GLOBAL,PWRSPVNPLXX01,2042,0.032
GLOBAL,PWRSPVNPLXX01,2043,0.032
GLOBAL,PWRSPVNPLXX01,2044,0.032
GLOBAL,PWRSPVNPLXX01,2045,0.0
GLOBAL,PWRSPVNPLXX01,2046,0.0
GLOBAL,PWRSPVNPLXX01,2047,0.0
GLOBAL,PWRSPVNPLXX01,2048,0.0
GLOBAL,PWRSPVNPLXX01,2049,0.0
GLOBAL,PWRSPVNPLXX01,2050,0.0
GLOBAL,PWRBIONZLXX01,2021,0.123
GLOBAL,PWRBIONZLXX01,2022,0.123
GLOBAL,PWRBIONZLXX01,2023,0.123
GLOBAL,PWRBIONZLXX01,2024,0.123
GLOBAL,PWRBIONZLXX01,2025,0.123
GLOBAL,PWRBIONZLXX01,2026,0.123
GLOBAL,PWRBIONZLXX01,2027,0.123
GLOBAL,PWRBIONZLXX01,2028,0.123
GLOBAL,PWRBIONZLXX01,2029,0.123
GLOBAL,PWRBIONZLXX01,2030,0.123
GLOBAL,PWRBIONZLXX01,2031,0.123
GLOBAL,PWRBIONZLXX01,2032,0.0
GLOBAL,PWRBIONZLXX01,2033,0.0
GLOBAL,PWRBIONZLXX01,2034,0.0
GLOBAL,PWRBIONZLXX01,2035,0.0
GLOBAL,PWRBIONZLXX01,2036,0.0
GLOBAL,PWRBIONZLXX01,2037,0.0
GLOBAL,PWRBIONZLXX01,2038,0.0
GLOBAL,PWRBIONZLXX01,2039,0.0
GLOBAL,PWRBIONZLXX01,2040,0.0
GLOBAL,PWRBIONZLXX01,2041,0.0
GLOBAL,PWRBIONZLXX01,2042,0.0
GLOBAL,PWRBIONZLXX01,2043,0.0
GLOBAL,PWRBIONZLXX01,2044,0.0
GLOBAL,PWRBIONZLXX01,2045,0.0
GLOBAL,PWRBIONZLXX01,2046,0.0
GLOBAL,PWRBIONZLXX01,2047,0.0
GLOBAL,PWRBIONZLXX01,2048,0.0
GLOBAL,PWRBIONZLXX01,2049,0.0
GLOBAL,PWRBIONZLXX01,2050,0.0
GLOBAL,PWRCCGNZLXX00,2021,1.387
GLOBAL,PWRCCGNZLXX00,2022,1.387
GLOBAL,PWRCCGNZLXX00,2023,1.387
GLOBAL,PWRCCGNZLXX00,2024,1.387
GLOBAL,PWRCCGNZLXX00,2025,0.404
GLOBAL,PWRCCGNZLXX00,2026,0.404
GLOBAL,PWRCCGNZLXX00,2027,0.404
GLOBAL,PWRCCGNZLXX00,2028,0.404
GLOBAL,PWRCCGNZLXX00,2029,0.404
GLOBAL,PWRCCGNZLXX00,2030,0.404
GLOBAL,PWRCCGNZLXX00,2031,0.404
GLOBAL,PWRCCGNZLXX00,2032,0.404
GLOBAL,PWRCCGNZLXX00,2033,0.404
GLOBAL,PWRCCGNZLXX00,2034,0.404
GLOBAL,PWRCCGNZLXX00,2035,0.404
GLOBAL,PWRCCGNZLXX00,2036,0.404
GLOBAL,PWRCCGNZLXX00,2037,0.404
GLOBAL,PWRCCGNZLXX00,2038,0.0
GLOBAL,PWRCCGNZLXX00,2039,0.0
GLOBAL,PWRCCGNZLXX00,2040,0.0
GLOBAL,PWRCCGNZLXX00,2041,0.0
GLOBAL,PWRCCGNZLXX00,2042,0.0
GLOBAL,PWRCCGNZLXX00,2043,0.0
GLOBAL,PWRCCGNZLXX00,2044,0.0
GLOBAL,PWRCCGNZLXX00,2045,0.0
GLOBAL,PWRCCGNZLXX00,2046,0.0
GLOBAL,PWRCCGNZLXX00,2047,0.0
GLOBAL,PWRCCGNZLXX00,2048,0.0
GLOBAL,PWRCCGNZLXX00,2049,0.0
GLOBAL,PWRCCGNZLXX00,2050,0.0
GLOBAL,PWRCOANZLXX01,2021,0.66
GLOBAL,PWRCOANZLXX01,2022,0.66
GLOBAL,PWRCOANZLXX01,2023,0.66
GLOBAL,PWRCOANZLXX01,2024,0.66
GLOBAL,PWRCOANZLXX01,2025,0.66
GLOBAL,PWRCOANZLXX01,2026,0.66
GLOBAL,PWRCOANZLXX01,2027,0.66
GLOBAL,PWRCOANZLXX01,2028,0.0
GLOBAL,PWRCOANZLXX01,2029,0.0
GLOBAL,PWRCOANZLXX01,2030,0.0
GLOBAL,PWRCOANZLXX01,2031,0.0
GLOBAL,PWRCOANZLXX01,2032,0.0
GLOBAL,PWRCOANZLXX01,2033,0.0
GLOBAL,PWRCOANZLXX01,2034,0.0
GLOBAL,PWRCOANZLXX01,2035,0.0
GLOBAL,PWRCOANZLXX01,2036,0.0
GLOBAL,PWRCOANZLXX01,2037,0.0
GLOBAL,PWRCOANZLXX01,2038,0.0
GLOBAL,PWRCOANZLXX01,2039,0.0
GLOBAL,PWRCOANZLXX01,2040,0.0
GLOBAL,PWRCOANZLXX01,2041,0.0
GLOBAL,PWRCOANZLXX01,2042,0.0
GLOBAL,PWRCOANZLXX01,2043,0.0
GLOBAL,PWRCOANZLXX01,2044,0.0
GLOBAL,PWRCOANZLXX01,2045,0.0
GLOBAL,PWRCOANZLXX01,2046,0.0
GLOBAL,PWRCOANZLXX01,2047,0.0
GLOBAL,PWRCOANZLXX01,2048,0.0
GLOBAL,PWRCOANZLXX01,2049,0.0
GLOBAL,PWRCOANZLXX01,2050,0.0
GLOBAL,PWRGEONZLXX01,2021,0.986
GLOBAL,PWRGEONZLXX01,2022,0.986
GLOBAL,PWRGEONZLXX01,2023,0.986
GLOBAL,PWRGEONZLXX01,2024,0.986
GLOBAL,PWRGEONZLXX01,2025,0.986
GLOBAL,PWRGEONZLXX01,2026,0.534
GLOBAL,PWRGEONZLXX01,2027,0.534
GLOBAL,PWRGEONZLXX01,2028,0.534
GLOBAL,PWRGEONZLXX01,2029,0.534
GLOBAL,PWRGEONZLXX01,2030,0.534
GLOBAL,PWRGEONZLXX01,2031,0.388
GLOBAL,PWRGEONZLXX01,2032,0.388
GLOBAL,PWRGEONZLXX01,2033,0.388
GLOBAL,PWRGEONZLXX01,2034,0.266
GLOBAL,PWRGEONZLXX01,2035,0.266
GLOBAL,PWRGEONZLXX01,2036,0.266
GLOBAL,PWRGEONZLXX01,2037,0.266
GLOBAL,PWRGEONZLXX01,2038,0.266
GLOBAL,PWRGEONZLXX01,2039,0.166
GLOBAL,PWRGEONZLXX01,2040,0.166
GLOBAL,PWRGEONZLXX01,2041,0.0
GLOBAL,PWRGEONZLXX01,2042,0.0
GLOBAL,PWRGEONZLXX01,2043,0.0
GLOBAL,PWRGEONZLXX01,2044,0.0
GLOBAL,PWRGEONZLXX01,2045,0.0
GLOBAL,PWRGEONZLXX01,2046,0.0
GLOBAL,PWRGEONZLXX01,2047,0.0
GLOBAL,PWRGEONZLXX01,2048,0.0
GLOBAL,PWRGEONZLXX01,2049,0.0
GLOBAL,PWRGEONZLXX01,2050,0.0
GLOBAL,PWRHYDNZLXX01,2021,5.34
GLOBAL,PWRHYDNZLXX01,2022,5.34
GLOBAL,PWRHYDNZLXX01,2023,5.34
GLOBAL,PWRHYDNZLXX01,2024,5.34
GLOBAL,PWRHYDNZLXX01,2025,5.34
GLOBAL,PWRHYDNZLXX01,2026,5.34
GLOBAL,PWRHYDNZLXX01,2027,5.34
GLOBAL,PWRHYDNZLXX01,2028,5.34
GLOBAL,PWRHYDNZLXX01,2029,5.34
GLOBAL,PWRHYDNZLXX01,2030,5.088
GLOBAL,PWRHYDNZLXX01,2031,5.088
GLOBAL,PWRHYDNZLXX01,2032,5.088
GLOBAL,PWRHYDNZLXX01,2033,5.088
GLOBAL,PWRHYDNZLXX01,2034,5.056
GLOBAL,PWRHYDNZLXX01,2035,5.056
GLOBAL,PWRHYDNZLXX01,2036,5.056
GLOBAL,PWRHYDNZLXX01,2037,5.056
GLOBAL,PWRHYDNZLXX01,2038,5.056
GLOBAL,PWRHYDNZLXX01,2039,5.056
GLOBAL,PWRHYDNZLXX01,2040,5.056
GLOBAL,PWRHYDNZLXX01,2041,5.056
GLOBAL,PWRHYDNZLXX01,2042,5.056
GLOBAL,PWRHYDNZLXX01,2043,5.056
GLOBAL,PWRHYDNZLXX01,2044,5.014
GLOBAL,PWRHYDNZLXX01,2045,5.014
GLOBAL,PWRHYDNZLXX01,2046,5.014
GLOBAL,PWRHYDNZLXX01,2047,5.014
GLOBAL,PWRHYDNZLXX01,2048,4.918
GLOBAL,PWRHYDNZLXX01,2049,4.918
GLOBAL,PWRHYDNZLXX01,2050,4.918
GLOBAL,PWROCGNZLXX00,2021,0.104
GLOBAL,PWROCGNZLXX00,2022,0.104
GLOBAL,PWROCGNZLXX00,2023,0.104
GLOBAL,PWROCGNZLXX00,2024,0.104
GLOBAL,PWROCGNZLXX00,2025,0.06
GLOBAL,PWROCGNZLXX00,2026,0.06
GLOBAL,PWROCGNZLXX00,2027,0.06
GLOBAL,PWROCGNZLXX00,2028,0.06
GLOBAL,PWROCGNZLXX00,2029,0.06
GLOBAL,PWROCGNZLXX00,2030,0.06
GLOBAL,PWROCGNZLXX00,2031,0.06
GLOBAL,PWROCGNZLXX00,2032,0.06
GLOBAL,PWROCGNZLXX00,2033,0.06
GLOBAL,PWROCGNZLXX00,2034,0.06
GLOBAL,PWROCGNZLXX00,2035,0.0
GLOBAL,PWROCGNZLXX00,2036,0.0
GLOBAL,PWROCGNZLXX00,2037,0.0
GLOBAL,PWROCGNZLXX00,2038,0.0
GLOBAL,PWROCGNZLXX00,2039,0.0
GLOBAL,PWROCGNZLXX00,2040,0.0
GLOBAL,PWROCGNZLXX00,2041,0.0
GLOBAL,PWROCGNZLXX00,2042,0.0
GLOBAL,PWROCGNZLXX00,2043,0.0
GLOBAL,PWROCGNZLXX00,2044,0.0
GLOBAL,PWROCGNZLXX00,2045,0.0
GLOBAL,PWROCGNZLXX00,2046,0.0
GLOBAL,PWROCGNZLXX00,2047,0.0
GLOBAL,PWROCGNZLXX00,2048,0.0
GLOBAL,PWROCGNZLXX00,2049,0.0
GLOBAL,PWROCGNZLXX00,2050,0.0
GLOBAL,PWROILNZLXX01,2021,0.155
GLOBAL,PWROILNZLXX01,2022,0.155
GLOBAL,PWROILNZLXX01,2023,0.155
GLOBAL,PWROILNZLXX01,2024,0.155
GLOBAL,PWROILNZLXX01,2025,0.155
GLOBAL,PWROILNZLXX01,2026,0.155
GLOBAL,PWROILNZLXX01,2027,0.155
GLOBAL,PWROILNZLXX01,2028,0.155
GLOBAL,PWROILNZLXX01,2029,0.155
GLOBAL,PWROILNZLXX01,2030,0.155
GLOBAL,PWROILNZLXX01,2031,0.155
GLOBAL,PWROILNZLXX01,2032,0.155
GLOBAL,PWROILNZLXX01,2033,0.155
GLOBAL,PWROILNZLXX01,2034,0.155
GLOBAL,PWROILNZLXX01,2035,0.155
GLOBAL,PWROILNZLXX01,2036,0.155
GLOBAL,PWROILNZLXX01,2037,0.155
GLOBAL,PWROILNZLXX01,2038,0.155
GLOBAL,PWROILNZLXX01,2039,0.155
GLOBAL,PWROILNZLXX01,2040,0.155
GLOBAL,PWROILNZLXX01,2041,0.155
GLOBAL,PWROILNZLXX01,2042,0.0
GLOBAL,PWROILNZLXX01,2043,0.0
GLOBAL,PWROILNZLXX01,2044,0.0
GLOBAL,PWROILNZLXX01,2045,0.0
GLOBAL,PWROILNZLXX01,2046,0.0
GLOBAL,PWROILNZLXX01,2047,0.0
GLOBAL,PWROILNZLXX01,2048,0.0
GLOBAL,PWROILNZLXX01,2049,0.0
GLOBAL,PWROILNZLXX01,2050,0.0
GLOBAL,PWRSPVNZLXX01,2021,0.038
GLOBAL,PWRSPVNZLXX01,2022,0.038
GLOBAL,PWRSPVNZLXX01,2023,0.038
GLOBAL,PWRSPVNZLXX01,2024,0.038
GLOBAL,PWRSPVNZLXX01,2025,0.038
GLOBAL,PWRSPVNZLXX01,2026,0.038
GLOBAL,PWRSPVNZLXX01,2027,0.038
GLOBAL,PWRSPVNZLXX01,2028,0.038
GLOBAL,PWRSPVNZLXX01,2029,0.038
GLOBAL,PWRSPVNZLXX01,2030,0.038
GLOBAL,PWRSPVNZLXX01,2031,0.038
GLOBAL,PWRSPVNZLXX01,2032,0.038
GLOBAL,PWRSPVNZLXX01,2033,0.038
GLOBAL,PWRSPVNZLXX01,2034,0.038
GLOBAL,PWRSPVNZLXX01,2035,0.038
GLOBAL,PWRSPVNZLXX01,2036,0.038
GLOBAL,PWRSPVNZLXX01,2037,0.038
GLOBAL,PWRSPVNZLXX01,2038,0.038
GLOBAL,PWRSPVNZLXX01,2039,0.038
GLOBAL,PWRSPVNZLXX01,2040,0.038
GLOBAL,PWRSPVNZLXX01,2041,0.038
GLOBAL,PWRSPVNZLXX01,2042,0.038
GLOBAL,PWRSPVNZLXX01,2043,0.038
GLOBAL,PWRSPVNZLXX01,2044,0.038
GLOBAL,PWRSPVNZLXX01,2045,0.0
GLOBAL,PWRSPVNZLXX01,2046,0.0
GLOBAL,PWRSPVNZLXX01,2047,0.0
GLOBAL,PWRSPVNZLXX01,2048,0.0
GLOBAL,PWRSPVNZLXX01,2049,0.0
GLOBAL,PWRSPVNZLXX01,2050,0.0
GLOBAL,PWRWAVNZLXX01,2021,0.019
GLOBAL,PWRWAVNZLXX01,2022,0.0
GLOBAL,PWRWAVNZLXX01,2023,0.0
GLOBAL,PWRWAVNZLXX01,2024,0.0
GLOBAL,PWRWAVNZLXX01,2025,0.0
GLOBAL,PWRWAVNZLXX01,2026,0.0
GLOBAL,PWRWAVNZLXX01,2027,0.0
GLOBAL,PWRWAVNZLXX01,2028,0.0
GLOBAL,PWRWAVNZLXX01,2029,0.0
GLOBAL,PWRWAVNZLXX01,2030,0.0
GLOBAL,PWRWAVNZLXX01,2031,0.0
GLOBAL,PWRWAVNZLXX01,2032,0.0
GLOBAL,PWRWAVNZLXX01,2033,0.0
GLOBAL,PWRWAVNZLXX01,2034,0.0
GLOBAL,PWRWAVNZLXX01,2035,0.0
GLOBAL,PWRWAVNZLXX01,2036,0.0
GLOBAL,PWRWAVNZLXX01,2037,0.0
GLOBAL,PWRWAVNZLXX01,2038,0.0
GLOBAL,PWRWAVNZLXX01,2039,0.0
GLOBAL,PWRWAVNZLXX01,2040,0.0
GLOBAL,PWRWAVNZLXX01,2041,0.0
GLOBAL,PWRWAVNZLXX01,2042,0.0
GLOBAL,PWRWAVNZLXX01,2043,0.0
GLOBAL,PWRWAVNZLXX01,2044,0.0
GLOBAL,PWRWAVNZLXX01,2045,0.0
GLOBAL,PWRWAVNZLXX01,2046,0.0
GLOBAL,PWRWAVNZLXX01,2047,0.0
GLOBAL,PWRWAVNZLXX01,2048,0.0
GLOBAL,PWRWAVNZLXX01,2049,0.0
GLOBAL,PWRWAVNZLXX01,2050,0.0
GLOBAL,PWRWONNZLXX01,2021,0.6834
GLOBAL,PWRWONNZLXX01,2022,0.6834
GLOBAL,PWRWONNZLXX01,2023,0.6834
GLOBAL,PWRWONNZLXX01,2024,0.6834
GLOBAL,PWRWONNZLXX01,2025,0.6834
GLOBAL,PWRWONNZLXX01,2026,0.6834
GLOBAL,PWRWONNZLXX01,2027,0.6834
GLOBAL,PWRWONNZLXX01,2028,0.6834
GLOBAL,PWRWONNZLXX01,2029,0.6834
GLOBAL,PWRWONNZLXX01,2030,0.6834
GLOBAL,PWRWONNZLXX01,2031,0.6834
GLOBAL,PWRWONNZLXX01,2032,0.6834
GLOBAL,PWRWONNZLXX01,2033,0.6834
GLOBAL,PWRWONNZLXX01,2034,0.6834
GLOBAL,PWRWONNZLXX01,2035,0.5924
GLOBAL,PWRWONNZLXX01,2036,0.5924
GLOBAL,PWRWONNZLXX01,2037,0.5924
GLOBAL,PWRWONNZLXX01,2038,0.4984
GLOBAL,PWRWONNZLXX01,2039,0.4984
GLOBAL,PWRWONNZLXX01,2040,0.124
GLOBAL,PWRWONNZLXX01,2041,0.06
GLOBAL,PWRWONNZLXX01,2042,0.06
GLOBAL,PWRWONNZLXX01,2043,0.06
GLOBAL,PWRWONNZLXX01,2044,0.06
GLOBAL,PWRWONNZLXX01,2045,0.0
GLOBAL,PWRWONNZLXX01,2046,0.0
GLOBAL,PWRWONNZLXX01,2047,0.0
GLOBAL,PWRWONNZLXX01,2048,0.0
GLOBAL,PWRWONNZLXX01,2049,0.0
GLOBAL,PWRWONNZLXX01,2050,0.0
GLOBAL,PWRCCGOMNXX00,2021,7.868
GLOBAL,PWRCCGOMNXX00,2022,7.868
GLOBAL,PWRCCGOMNXX00,2023,7.868
GLOBAL,PWRCCGOMNXX00,2024,7.868
GLOBAL,PWRCCGOMNXX00,2025,4.872
GLOBAL,PWRCCGOMNXX00,2026,4.872
GLOBAL,PWRCCGOMNXX00,2027,4.872
GLOBAL,PWRCCGOMNXX00,2028,4.593
GLOBAL,PWRCCGOMNXX00,2029,4.113
GLOBAL,PWRCCGOMNXX00,2030,4.113
GLOBAL,PWRCCGOMNXX00,2031,4.113
GLOBAL,PWRCCGOMNXX00,2032,4.113
GLOBAL,PWRCCGOMNXX00,2033,4.113
GLOBAL,PWRCCGOMNXX00,2034,2.347
GLOBAL,PWRCCGOMNXX00,2035,2.347
GLOBAL,PWRCCGOMNXX00,2036,2.347
GLOBAL,PWRCCGOMNXX00,2037,1.715
GLOBAL,PWRCCGOMNXX00,2038,1.715
GLOBAL,PWRCCGOMNXX00,2039,0.0
GLOBAL,PWRCCGOMNXX00,2040,0.0
GLOBAL,PWRCCGOMNXX00,2041,0.0
GLOBAL,PWRCCGOMNXX00,2042,0.0
GLOBAL,PWRCCGOMNXX00,2043,0.0
GLOBAL,PWRCCGOMNXX00,2044,0.0
GLOBAL,PWRCCGOMNXX00,2045,0.0
GLOBAL,PWRCCGOMNXX00,2046,0.0
GLOBAL,PWRCCGOMNXX00,2047,0.0
GLOBAL,PWRCCGOMNXX00,2048,0.0
GLOBAL,PWRCCGOMNXX00,2049,0.0
GLOBAL,PWRCCGOMNXX00,2050,0.0
GLOBAL,PWRBIOPAKXX01,2021,0.31
GLOBAL,PWRBIOPAKXX01,2022,0.31
GLOBAL,PWRBIOPAKXX01,2023,0.31
GLOBAL,PWRBIOPAKXX01,2024,0.31
GLOBAL,PWRBIOPAKXX01,2025,0.31
GLOBAL,PWRBIOPAKXX01,2026,0.31
GLOBAL,PWRBIOPAKXX01,2027,0.31
GLOBAL,PWRBIOPAKXX01,2028,0.31
GLOBAL,PWRBIOPAKXX01,2029,0.31
GLOBAL,PWRBIOPAKXX01,2030,0.31
GLOBAL,PWRBIOPAKXX01,2031,0.31
GLOBAL,PWRBIOPAKXX01,2032,0.0
GLOBAL,PWRBIOPAKXX01,2033,0.0
GLOBAL,PWRBIOPAKXX01,2034,0.0
GLOBAL,PWRBIOPAKXX01,2035,0.0
GLOBAL,PWRBIOPAKXX01,2036,0.0
GLOBAL,PWRBIOPAKXX01,2037,0.0
GLOBAL,PWRBIOPAKXX01,2038,0.0
GLOBAL,PWRBIOPAKXX01,2039,0.0
GLOBAL,PWRBIOPAKXX01,2040,0.0
GLOBAL,PWRBIOPAKXX01,2041,0.0
GLOBAL,PWRBIOPAKXX01,2042,0.0
GLOBAL,PWRBIOPAKXX01,2043,0.0
GLOBAL,PWRBIOPAKXX01,2044,0.0
GLOBAL,PWRBIOPAKXX01,2045,0.0
GLOBAL,PWRBIOPAKXX01,2046,0.0
GLOBAL,PWRBIOPAKXX01,2047,0.0
GLOBAL,PWRBIOPAKXX01,2048,0.0
GLOBAL,PWRBIOPAKXX01,2049,0.0
GLOBAL,PWRBIOPAKXX01,2050,0.0
GLOBAL,PWRCCGPAKXX00,2021,4.7296
GLOBAL,PWRCCGPAKXX00,2022,4.7296
GLOBAL,PWRCCGPAKXX00,2023,4.7296
GLOBAL,PWRCCGPAKXX00,2024,4.7296
GLOBAL,PWRCCGPAKXX00,2025,2.146
GLOBAL,PWRCCGPAKXX00,2026,2.146
GLOBAL,PWRCCGPAKXX00,2027,2.146
GLOBAL,PWRCCGPAKXX00,2028,2.146
GLOBAL,PWRCCGPAKXX00,2029,2.146
GLOBAL,PWRCCGPAKXX00,2030,1.849
GLOBAL,PWRCCGPAKXX00,2031,1.263
GLOBAL,PWRCCGPAKXX00,2032,1.031
GLOBAL,PWRCCGPAKXX00,2033,1.031
GLOBAL,PWRCCGPAKXX00,2034,1.031
GLOBAL,PWRCCGPAKXX00,2035,1.031
GLOBAL,PWRCCGPAKXX00,2036,1.031
GLOBAL,PWRCCGPAKXX00,2037,1.031
GLOBAL,PWRCCGPAKXX00,2038,1.031
GLOBAL,PWRCCGPAKXX00,2039,1.031
GLOBAL,PWRCCGPAKXX00,2040,0.806
GLOBAL,PWRCCGPAKXX00,2041,0.589
GLOBAL,PWRCCGPAKXX00,2042,0.404
GLOBAL,PWRCCGPAKXX00,2043,0.404
GLOBAL,PWRCCGPAKXX00,2044,0.404
GLOBAL,PWRCCGPAKXX00,2045,0.0
GLOBAL,PWRCCGPAKXX00,2046,0.0
GLOBAL,PWRCCGPAKXX00,2047,0.0
GLOBAL,PWRCCGPAKXX00,2048,0.0
GLOBAL,PWRCCGPAKXX00,2049,0.0
GLOBAL,PWRCCGPAKXX00,2050,0.0
GLOBAL,PWRCOAPAKXX01,2021,3.2272
GLOBAL,PWRCOAPAKXX01,2022,3.2272
GLOBAL,PWRCOAPAKXX01,2023,3.2272
GLOBAL,PWRCOAPAKXX01,2024,3.2272
GLOBAL,PWRCOAPAKXX01,2025,3.2272
GLOBAL,PWRCOAPAKXX01,2026,3.0772
GLOBAL,PWRCOAPAKXX01,2027,3.0772
GLOBAL,PWRCOAPAKXX01,2028,2.958
GLOBAL,PWRCOAPAKXX01,2029,2.958
GLOBAL,PWRCOAPAKXX01,2030,2.958
GLOBAL,PWRCOAPAKXX01,2031,2.958
GLOBAL,PWRCOAPAKXX01,2032,2.958
GLOBAL,PWRCOAPAKXX01,2033,2.958
GLOBAL,PWRCOAPAKXX01,2034,2.958
GLOBAL,PWRCOAPAKXX01,2035,2.958
GLOBAL,PWRCOAPAKXX01,2036,2.958
GLOBAL,PWRCOAPAKXX01,2037,2.958
GLOBAL,PWRCOAPAKXX01,2038,2.958
GLOBAL,PWRCOAPAKXX01,2039,2.958
GLOBAL,PWRCOAPAKXX01,2040,2.958
GLOBAL,PWRCOAPAKXX01,2041,2.958
GLOBAL,PWRCOAPAKXX01,2042,2.958
GLOBAL,PWRCOAPAKXX01,2043,2.958
GLOBAL,PWRCOAPAKXX01,2044,2.958
GLOBAL,PWRCOAPAKXX01,2045,2.958
GLOBAL,PWRCOAPAKXX01,2046,2.958
GLOBAL,PWRCOAPAKXX01,2047,2.918
GLOBAL,PWRCOAPAKXX01,2048,1.32
GLOBAL,PWRCOAPAKXX01,2049,0.0
GLOBAL,PWRCOAPAKXX01,2050,0.0
GLOBAL,PWRHYDPAKXX01,2021,7.987
GLOBAL,PWRHYDPAKXX01,2022,7.987
GLOBAL,PWRHYDPAKXX01,2023,7.987
GLOBAL,PWRHYDPAKXX01,2024,7.987
GLOBAL,PWRHYDPAKXX01,2025,7.987
GLOBAL,PWRHYDPAKXX01,2026,7.987
GLOBAL,PWRHYDPAKXX01,2027,7.987
GLOBAL,PWRHYDPAKXX01,2028,7.987
GLOBAL,PWRHYDPAKXX01,2029,7.987
GLOBAL,PWRHYDPAKXX01,2030,7.987
GLOBAL,PWRHYDPAKXX01,2031,7.987
GLOBAL,PWRHYDPAKXX01,2032,7.987
GLOBAL,PWRHYDPAKXX01,2033,7.987
GLOBAL,PWRHYDPAKXX01,2034,7.987
GLOBAL,PWRHYDPAKXX01,2035,7.987
GLOBAL,PWRHYDPAKXX01,2036,7.987
GLOBAL,PWRHYDPAKXX01,2037,7.987
GLOBAL,PWRHYDPAKXX01,2038,7.987
GLOBAL,PWRHYDPAKXX01,2039,7.987
GLOBAL,PWRHYDPAKXX01,2040,7.987
GLOBAL,PWRHYDPAKXX01,2041,7.987
GLOBAL,PWRHYDPAKXX01,2042,7.987
GLOBAL,PWRHYDPAKXX01,2043,7.987
GLOBAL,PWRHYDPAKXX01,2044,7.987
GLOBAL,PWRHYDPAKXX01,2045,7.987
GLOBAL,PWRHYDPAKXX01,2046,7.987
GLOBAL,PWRHYDPAKXX01,2047,7.987
GLOBAL,PWRHYDPAKXX01,2048,7.987
GLOBAL,PWRHYDPAKXX01,2049,7.987
GLOBAL,PWRHYDPAKXX01,2050,7.987
GLOBAL,PWROCGPAKXX00,2021,0.391
GLOBAL,PWROCGPAKXX00,2022,0.391
GLOBAL,PWROCGPAKXX00,2023,0.391
GLOBAL,PWROCGPAKXX00,2024,0.391
GLOBAL,PWROCGPAKXX00,2025,0.1
GLOBAL,PWROCGPAKXX00,2026,0.1
GLOBAL,PWROCGPAKXX00,2027,0.1
GLOBAL,PWROCGPAKXX00,2028,0.1
GLOBAL,PWROCGPAKXX00,2029,0.1
GLOBAL,PWROCGPAKXX00,2030,0.1
GLOBAL,PWROCGPAKXX00,2031,0.1
GLOBAL,PWROCGPAKXX00,2032,0.1
GLOBAL,PWROCGPAKXX00,2033,0.1
GLOBAL,PWROCGPAKXX00,2034,0.1
GLOBAL,PWROCGPAKXX00,2035,0.1
GLOBAL,PWROCGPAKXX00,2036,0.1
GLOBAL,PWROCGPAKXX00,2037,0.1
GLOBAL,PWROCGPAKXX00,2038,0.1
GLOBAL,PWROCGPAKXX00,2039,0.1
GLOBAL,PWROCGPAKXX00,2040,0.0
GLOBAL,PWROCGPAKXX00,2041,0.0
GLOBAL,PWROCGPAKXX00,2042,0.0
GLOBAL,PWROCGPAKXX00,2043,0.0
GLOBAL,PWROCGPAKXX00,2044,0.0
GLOBAL,PWROCGPAKXX00,2045,0.0
GLOBAL,PWROCGPAKXX00,2046,0.0
GLOBAL,PWROCGPAKXX00,2047,0.0
GLOBAL,PWROCGPAKXX00,2048,0.0
GLOBAL,PWROCGPAKXX00,2049,0.0
GLOBAL,PWROCGPAKXX00,2050,0.0
GLOBAL,PWROILPAKXX01,2021,8.7092
GLOBAL,PWROILPAKXX01,2022,8.7092
GLOBAL,PWROILPAKXX01,2023,8.7092
GLOBAL,PWROILPAKXX01,2024,8.7092
GLOBAL,PWROILPAKXX01,2025,8.7092
GLOBAL,PWROILPAKXX01,2026,8.7092
GLOBAL,PWROILPAKXX01,2027,3.4
GLOBAL,PWROILPAKXX01,2028,2.771
GLOBAL,PWROILPAKXX01,2029,2.405
GLOBAL,PWROILPAKXX01,2030,2.156
GLOBAL,PWROILPAKXX01,2031,2.036
GLOBAL,PWROILPAKXX01,2032,2.036
GLOBAL,PWROILPAKXX01,2033,2.036
GLOBAL,PWROILPAKXX01,2034,0.62
GLOBAL,PWROILPAKXX01,2035,0.62
GLOBAL,PWROILPAKXX01,2036,0.62
GLOBAL,PWROILPAKXX01,2037,0.62
GLOBAL,PWROILPAKXX01,2038,0.62
GLOBAL,PWROILPAKXX01,2039,0.62
GLOBAL,PWROILPAKXX01,2040,0.62
GLOBAL,PWROILPAKXX01,2041,0.22
GLOBAL,PWROILPAKXX01,2042,0.0
GLOBAL,PWROILPAKXX01,2043,0.0
GLOBAL,PWROILPAKXX01,2044,0.0
GLOBAL,PWROILPAKXX01,2045,0.0
GLOBAL,PWROILPAKXX01,2046,0.0
GLOBAL,PWROILPAKXX01,2047,0.0
GLOBAL,PWROILPAKXX01,2048,0.0
GLOBAL,PWROILPAKXX01,2049,0.0
GLOBAL,PWROILPAKXX01,2050,0.0
GLOBAL,PWRSPVPAKXX01,2021,0.401
GLOBAL,PWRSPVPAKXX01,2022,0.401
GLOBAL,PWRSPVPAKXX01,2023,0.401
GLOBAL,PWRSPVPAKXX01,2024,0.401
GLOBAL,PWRSPVPAKXX01,2025,0.401
GLOBAL,PWRSPVPAKXX01,2026,0.401
GLOBAL,PWRSPVPAKXX01,2027,0.401
GLOBAL,PWRSPVPAKXX01,2028,0.401
GLOBAL,PWRSPVPAKXX01,2029,0.401
GLOBAL,PWRSPVPAKXX01,2030,0.401
GLOBAL,PWRSPVPAKXX01,2031,0.401
GLOBAL,PWRSPVPAKXX01,2032,0.401
GLOBAL,PWRSPVPAKXX01,2033,0.401
GLOBAL,PWRSPVPAKXX01,2034,0.401
GLOBAL,PWRSPVPAKXX01,2035,0.401
GLOBAL,PWRSPVPAKXX01,2036,0.401
GLOBAL,PWRSPVPAKXX01,2037,0.401
GLOBAL,PWRSPVPAKXX01,2038,0.401
GLOBAL,PWRSPVPAKXX01,2039,0.401
GLOBAL,PWRSPVPAKXX01,2040,0.401
GLOBAL,PWRSPVPAKXX01,2041,0.401
GLOBAL,PWRSPVPAKXX01,2042,0.401
GLOBAL,PWRSPVPAKXX01,2043,0.401
GLOBAL,PWRSPVPAKXX01,2044,0.401
GLOBAL,PWRSPVPAKXX01,2045,0.401
GLOBAL,PWRSPVPAKXX01,2046,0.001
GLOBAL,PWRSPVPAKXX01,2047,0.0
GLOBAL,PWRSPVPAKXX01,2048,0.0
GLOBAL,PWRSPVPAKXX01,2049,0.0
GLOBAL,PWRSPVPAKXX01,2050,0.0
GLOBAL,PWRURNPAKXX01,2021,1.466
GLOBAL,PWRURNPAKXX01,2022,1.466
GLOBAL,PWRURNPAKXX01,2023,1.466
GLOBAL,PWRURNPAKXX01,2024,1.466
GLOBAL,PWRURNPAKXX01,2025,1.466
GLOBAL,PWRURNPAKXX01,2026,1.466
GLOBAL,PWRURNPAKXX01,2027,1.466
GLOBAL,PWRURNPAKXX01,2028,1.466
GLOBAL,PWRURNPAKXX01,2029,1.466
GLOBAL,PWRURNPAKXX01,2030,1.466
GLOBAL,PWRURNPAKXX01,2031,1.466
GLOBAL,PWRURNPAKXX01,2032,1.329
GLOBAL,PWRURNPAKXX01,2033,1.329
GLOBAL,PWRURNPAKXX01,2034,1.329
GLOBAL,PWRURNPAKXX01,2035,1.329
GLOBAL,PWRURNPAKXX01,2036,1.329
GLOBAL,PWRURNPAKXX01,2037,1.329
GLOBAL,PWRURNPAKXX01,2038,1.329
GLOBAL,PWRURNPAKXX01,2039,1.329
GLOBAL,PWRURNPAKXX01,2040,1.329
GLOBAL,PWRURNPAKXX01,2041,1.329
GLOBAL,PWRURNPAKXX01,2042,1.329
GLOBAL,PWRURNPAKXX01,2043,1.329
GLOBAL,PWRURNPAKXX01,2044,1.329
GLOBAL,PWRURNPAKXX01,2045,0.0
GLOBAL,PWRURNPAKXX01,2046,0.0
GLOBAL,PWRURNPAKXX01,2047,0.0
GLOBAL,PWRURNPAKXX01,2048,0.0
GLOBAL,PWRURNPAKXX01,2049,0.0
GLOBAL,PWRURNPAKXX01,2050,0.0
GLOBAL,PWRWONPAKXX01,2021,0.506
GLOBAL,PWRWONPAKXX01,2022,0.506
GLOBAL,PWRWONPAKXX01,2023,0.506
GLOBAL,PWRWONPAKXX01,2024,0.506
GLOBAL,PWRWONPAKXX01,2025,0.506
GLOBAL,PWRWONPAKXX01,2026,0.506
GLOBAL,PWRWONPAKXX01,2027,0.506
GLOBAL,PWRWONPAKXX01,2028,0.506
GLOBAL,PWRWONPAKXX01,2029,0.506
GLOBAL,PWRWONPAKXX01,2030,0.506
GLOBAL,PWRWONPAKXX01,2031,0.506
GLOBAL,PWRWONPAKXX01,2032,0.506
GLOBAL,PWRWONPAKXX01,2033,0.506
GLOBAL,PWRWONPAKXX01,2034,0.506
GLOBAL,PWRWONPAKXX01,2035,0.506
GLOBAL,PWRWONPAKXX01,2036,0.506
GLOBAL,PWRWONPAKXX01,2037,0.506
GLOBAL,PWRWONPAKXX01,2038,0.506
GLOBAL,PWRWONPAKXX01,2039,0.506
GLOBAL,PWRWONPAKXX01,2040,0.4
GLOBAL,PWRWONPAKXX01,2041,0.4
GLOBAL,PWRWONPAKXX01,2042,0.4
GLOBAL,PWRWONPAKXX01,2043,0.4
GLOBAL,PWRWONPAKXX01,2044,0.4
GLOBAL,PWRWONPAKXX01,2045,0.3
GLOBAL,PWRWONPAKXX01,2046,0.25
GLOBAL,PWRWONPAKXX01,2047,0.05
GLOBAL,PWRWONPAKXX01,2048,0.0
GLOBAL,PWRWONPAKXX01,2049,0.0
GLOBAL,PWRWONPAKXX01,2050,0.0
GLOBAL,PWRCCGPANXX00,2021,0.3386
GLOBAL,PWRCCGPANXX00,2022,0.3386
GLOBAL,PWRCCGPANXX00,2023,0.3386
GLOBAL,PWRCCGPANXX00,2024,0.3386
GLOBAL,PWRCCGPANXX00,2025,0.0
GLOBAL,PWRCCGPANXX00,2026,0.0
GLOBAL,PWRCCGPANXX00,2027,0.0
GLOBAL,PWRCCGPANXX00,2028,0.0
GLOBAL,PWRCCGPANXX00,2029,0.0
GLOBAL,PWRCCGPANXX00,2030,0.0
GLOBAL,PWRCCGPANXX00,2031,0.0
GLOBAL,PWRCCGPANXX00,2032,0.0
GLOBAL,PWRCCGPANXX00,2033,0.0
GLOBAL,PWRCCGPANXX00,2034,0.0
GLOBAL,PWRCCGPANXX00,2035,0.0
GLOBAL,PWRCCGPANXX00,2036,0.0
GLOBAL,PWRCCGPANXX00,2037,0.0
GLOBAL,PWRCCGPANXX00,2038,0.0
GLOBAL,PWRCCGPANXX00,2039,0.0
GLOBAL,PWRCCGPANXX00,2040,0.0
GLOBAL,PWRCCGPANXX00,2041,0.0
GLOBAL,PWRCCGPANXX00,2042,0.0
GLOBAL,PWRCCGPANXX00,2043,0.0
GLOBAL,PWRCCGPANXX00,2044,0.0
GLOBAL,PWRCCGPANXX00,2045,0.0
GLOBAL,PWRCCGPANXX00,2046,0.0
GLOBAL,PWRCCGPANXX00,2047,0.0
GLOBAL,PWRCCGPANXX00,2048,0.0
GLOBAL,PWRCCGPANXX00,2049,0.0
GLOBAL,PWRCCGPANXX00,2050,0.0
GLOBAL,PWRCOAPANXX01,2021,0.254
GLOBAL,PWRCOAPANXX01,2022,0.254
GLOBAL,PWRCOAPANXX01,2023,0.254
GLOBAL,PWRCOAPANXX01,2024,0.254
GLOBAL,PWRCOAPANXX01,2025,0.254
GLOBAL,PWRCOAPANXX01,2026,0.254
GLOBAL,PWRCOAPANXX01,2027,0.254
GLOBAL,PWRCOAPANXX01,2028,0.0
GLOBAL,PWRCOAPANXX01,2029,0.0
GLOBAL,PWRCOAPANXX01,2030,0.0
GLOBAL,PWRCOAPANXX01,2031,0.0
GLOBAL,PWRCOAPANXX01,2032,0.0
GLOBAL,PWRCOAPANXX01,2033,0.0
GLOBAL,PWRCOAPANXX01,2034,0.0
GLOBAL,PWRCOAPANXX01,2035,0.0
GLOBAL,PWRCOAPANXX01,2036,0.0
GLOBAL,PWRCOAPANXX01,2037,0.0
GLOBAL,PWRCOAPANXX01,2038,0.0
GLOBAL,PWRCOAPANXX01,2039,0.0
GLOBAL,PWRCOAPANXX01,2040,0.0
GLOBAL,PWRCOAPANXX01,2041,0.0
GLOBAL,PWRCOAPANXX01,2042,0.0
GLOBAL,PWRCOAPANXX01,2043,0.0
GLOBAL,PWRCOAPANXX01,2044,0.0
GLOBAL,PWRCOAPANXX01,2045,0.0
GLOBAL,PWRCOAPANXX01,2046,0.0
GLOBAL,PWRCOAPANXX01,2047,0.0
GLOBAL,PWRCOAPANXX01,2048,0.0
GLOBAL,PWRCOAPANXX01,2049,0.0
GLOBAL,PWRCOAPANXX01,2050,0.0
GLOBAL,PWRHYDPANXX01,2021,1.7261
GLOBAL,PWRHYDPANXX01,2022,1.7261
GLOBAL,PWRHYDPANXX01,2023,1.7261
GLOBAL,PWRHYDPANXX01,2024,1.7261
GLOBAL,PWRHYDPANXX01,2025,1.7261
GLOBAL,PWRHYDPANXX01,2026,1.7261
GLOBAL,PWRHYDPANXX01,2027,1.7261
GLOBAL,PWRHYDPANXX01,2028,1.7261
GLOBAL,PWRHYDPANXX01,2029,1.7261
GLOBAL,PWRHYDPANXX01,2030,1.7261
GLOBAL,PWRHYDPANXX01,2031,1.7261
GLOBAL,PWRHYDPANXX01,2032,1.7261
GLOBAL,PWRHYDPANXX01,2033,1.7261
GLOBAL,PWRHYDPANXX01,2034,1.7261
GLOBAL,PWRHYDPANXX01,2035,1.7261
GLOBAL,PWRHYDPANXX01,2036,1.7261
GLOBAL,PWRHYDPANXX01,2037,1.7261
GLOBAL,PWRHYDPANXX01,2038,1.7261
GLOBAL,PWRHYDPANXX01,2039,1.7261
GLOBAL,PWRHYDPANXX01,2040,1.7261
GLOBAL,PWRHYDPANXX01,2041,1.7261
GLOBAL,PWRHYDPANXX01,2042,1.7261
GLOBAL,PWRHYDPANXX01,2043,1.7261
GLOBAL,PWRHYDPANXX01,2044,1.7261
GLOBAL,PWRHYDPANXX01,2045,1.7261
GLOBAL,PWRHYDPANXX01,2046,1.7261
GLOBAL,PWRHYDPANXX01,2047,1.7261
GLOBAL,PWRHYDPANXX01,2048,1.7261
GLOBAL,PWRHYDPANXX01,2049,1.7261
GLOBAL,PWRHYDPANXX01,2050,1.7261
GLOBAL,PWROILPANXX01,2021,0.555
GLOBAL,PWROILPANXX01,2022,0.555
GLOBAL,PWROILPANXX01,2023,0.555
GLOBAL,PWROILPANXX01,2024,0.555
GLOBAL,PWROILPANXX01,2025,0.555
GLOBAL,PWROILPANXX01,2026,0.555
GLOBAL,PWROILPANXX01,2027,0.0
GLOBAL,PWROILPANXX01,2028,0.0
GLOBAL,PWROILPANXX01,2029,0.0
GLOBAL,PWROILPANXX01,2030,0.0
GLOBAL,PWROILPANXX01,2031,0.0
GLOBAL,PWROILPANXX01,2032,0.0
GLOBAL,PWROILPANXX01,2033,0.0
GLOBAL,PWROILPANXX01,2034,0.0
GLOBAL,PWROILPANXX01,2035,0.0
GLOBAL,PWROILPANXX01,2036,0.0
GLOBAL,PWROILPANXX01,2037,0.0
GLOBAL,PWROILPANXX01,2038,0.0
GLOBAL,PWROILPANXX01,2039,0.0
GLOBAL,PWROILPANXX01,2040,0.0
GLOBAL,PWROILPANXX01,2041,0.0
GLOBAL,PWROILPANXX01,2042,0.0
GLOBAL,PWROILPANXX01,2043,0.0
GLOBAL,PWROILPANXX01,2044,0.0
GLOBAL,PWROILPANXX01,2045,0.0
GLOBAL,PWROILPANXX01,2046,0.0
GLOBAL,PWROILPANXX01,2047,0.0
GLOBAL,PWROILPANXX01,2048,0.0
GLOBAL,PWROILPANXX01,2049,0.0
GLOBAL,PWROILPANXX01,2050,0.0
GLOBAL,PWRSPVPANXX01,2021,0.049
GLOBAL,PWRSPVPANXX01,2022,0.049
GLOBAL,PWRSPVPANXX01,2023,0.049
GLOBAL,PWRSPVPANXX01,2024,0.049
GLOBAL,PWRSPVPANXX01,2025,0.049
GLOBAL,PWRSPVPANXX01,2026,0.049
GLOBAL,PWRSPVPANXX01,2027,0.049
GLOBAL,PWRSPVPANXX01,2028,0.049
GLOBAL,PWRSPVPANXX01,2029,0.049
GLOBAL,PWRSPVPANXX01,2030,0.049
GLOBAL,PWRSPVPANXX01,2031,0.049
GLOBAL,PWRSPVPANXX01,2032,0.049
GLOBAL,PWRSPVPANXX01,2033,0.049
GLOBAL,PWRSPVPANXX01,2034,0.049
GLOBAL,PWRSPVPANXX01,2035,0.049
GLOBAL,PWRSPVPANXX01,2036,0.049
GLOBAL,PWRSPVPANXX01,2037,0.049
GLOBAL,PWRSPVPANXX01,2038,0.049
GLOBAL,PWRSPVPANXX01,2039,0.049
GLOBAL,PWRSPVPANXX01,2040,0.049
GLOBAL,PWRSPVPANXX01,2041,0.049
GLOBAL,PWRSPVPANXX01,2042,0.049
GLOBAL,PWRSPVPANXX01,2043,0.049
GLOBAL,PWRSPVPANXX01,2044,0.049
GLOBAL,PWRSPVPANXX01,2045,0.0
GLOBAL,PWRSPVPANXX01,2046,0.0
GLOBAL,PWRSPVPANXX01,2047,0.0
GLOBAL,PWRSPVPANXX01,2048,0.0
GLOBAL,PWRSPVPANXX01,2049,0.0
GLOBAL,PWRSPVPANXX01,2050,0.0
GLOBAL,PWRWONPANXX01,2021,0.27
GLOBAL,PWRWONPANXX01,2022,0.27
GLOBAL,PWRWONPANXX01,2023,0.27
GLOBAL,PWRWONPANXX01,2024,0.27
GLOBAL,PWRWONPANXX01,2025,0.27
GLOBAL,PWRWONPANXX01,2026,0.27
GLOBAL,PWRWONPANXX01,2027,0.27
GLOBAL,PWRWONPANXX01,2028,0.27
GLOBAL,PWRWONPANXX01,2029,0.27
GLOBAL,PWRWONPANXX01,2030,0.27
GLOBAL,PWRWONPANXX01,2031,0.27
GLOBAL,PWRWONPANXX01,2032,0.27
GLOBAL,PWRWONPANXX01,2033,0.27
GLOBAL,PWRWONPANXX01,2034,0.27
GLOBAL,PWRWONPANXX01,2035,0.27
GLOBAL,PWRWONPANXX01,2036,0.27
GLOBAL,PWRWONPANXX01,2037,0.27
GLOBAL,PWRWONPANXX01,2038,0.27
GLOBAL,PWRWONPANXX01,2039,0.27
GLOBAL,PWRWONPANXX01,2040,0.0
GLOBAL,PWRWONPANXX01,2041,0.0
GLOBAL,PWRWONPANXX01,2042,0.0
GLOBAL,PWRWONPANXX01,2043,0.0
GLOBAL,PWRWONPANXX01,2044,0.0
GLOBAL,PWRWONPANXX01,2045,0.0
GLOBAL,PWRWONPANXX01,2046,0.0
GLOBAL,PWRWONPANXX01,2047,0.0
GLOBAL,PWRWONPANXX01,2048,0.0
GLOBAL,PWRWONPANXX01,2049,0.0
GLOBAL,PWRWONPANXX01,2050,0.0
GLOBAL,PWRBIOPERXX01,2021,0.18
GLOBAL,PWRBIOPERXX01,2022,0.18
GLOBAL,PWRBIOPERXX01,2023,0.18
GLOBAL,PWRBIOPERXX01,2024,0.18
GLOBAL,PWRBIOPERXX01,2025,0.18
GLOBAL,PWRBIOPERXX01,2026,0.18
GLOBAL,PWRBIOPERXX01,2027,0.18
GLOBAL,PWRBIOPERXX01,2028,0.18
GLOBAL,PWRBIOPERXX01,2029,0.18
GLOBAL,PWRBIOPERXX01,2030,0.18
GLOBAL,PWRBIOPERXX01,2031,0.18
GLOBAL,PWRBIOPERXX01,2032,0.0
GLOBAL,PWRBIOPERXX01,2033,0.0
GLOBAL,PWRBIOPERXX01,2034,0.0
GLOBAL,PWRBIOPERXX01,2035,0.0
GLOBAL,PWRBIOPERXX01,2036,0.0
GLOBAL,PWRBIOPERXX01,2037,0.0
GLOBAL,PWRBIOPERXX01,2038,0.0
GLOBAL,PWRBIOPERXX01,2039,0.0
GLOBAL,PWRBIOPERXX01,2040,0.0
GLOBAL,PWRBIOPERXX01,2041,0.0
GLOBAL,PWRBIOPERXX01,2042,0.0
GLOBAL,PWRBIOPERXX01,2043,0.0
GLOBAL,PWRBIOPERXX01,2044,0.0
GLOBAL,PWRBIOPERXX01,2045,0.0
GLOBAL,PWRBIOPERXX01,2046,0.0
GLOBAL,PWRBIOPERXX01,2047,0.0
GLOBAL,PWRBIOPERXX01,2048,0.0
GLOBAL,PWRBIOPERXX01,2049,0.0
GLOBAL,PWRBIOPERXX01,2050,0.0
GLOBAL,PWRCCGPERXX00,2021,7.3731
GLOBAL,PWRCCGPERXX00,2022,7.3731
GLOBAL,PWRCCGPERXX00,2023,7.3731
GLOBAL,PWRCCGPERXX00,2024,7.3731
GLOBAL,PWRCCGPERXX00,2025,1.062
GLOBAL,PWRCCGPERXX00,2026,1.062
GLOBAL,PWRCCGPERXX00,2027,1.062
GLOBAL,PWRCCGPERXX00,2028,1.062
GLOBAL,PWRCCGPERXX00,2029,1.062
GLOBAL,PWRCCGPERXX00,2030,1.062
GLOBAL,PWRCCGPERXX00,2031,1.062
GLOBAL,PWRCCGPERXX00,2032,1.062
GLOBAL,PWRCCGPERXX00,2033,1.062
GLOBAL,PWRCCGPERXX00,2034,1.062
GLOBAL,PWRCCGPERXX00,2035,1.062
GLOBAL,PWRCCGPERXX00,2036,1.062
GLOBAL,PWRCCGPERXX00,2037,1.062
GLOBAL,PWRCCGPERXX00,2038,1.062
GLOBAL,PWRCCGPERXX00,2039,1.062
GLOBAL,PWRCCGPERXX00,2040,1.062
GLOBAL,PWRCCGPERXX00,2041,1.062
GLOBAL,PWRCCGPERXX00,2042,1.062
GLOBAL,PWRCCGPERXX00,2043,1.062
GLOBAL,PWRCCGPERXX00,2044,0.0
GLOBAL,PWRCCGPERXX00,2045,0.0
GLOBAL,PWRCCGPERXX00,2046,0.0
GLOBAL,PWRCCGPERXX00,2047,0.0
GLOBAL,PWRCCGPERXX00,2048,0.0
GLOBAL,PWRCCGPERXX00,2049,0.0
GLOBAL,PWRCCGPERXX00,2050,0.0
GLOBAL,PWRCOAPERXX01,2021,0.2307
GLOBAL,PWRCOAPERXX01,2022,0.2307
GLOBAL,PWRCOAPERXX01,2023,0.2307
GLOBAL,PWRCOAPERXX01,2024,0.2307
GLOBAL,PWRCOAPERXX01,2025,0.2307
GLOBAL,PWRCOAPERXX01,2026,0.2307
GLOBAL,PWRCOAPERXX01,2027,0.2307
GLOBAL,PWRCOAPERXX01,2028,0.0
GLOBAL,PWRCOAPERXX01,2029,0.0
GLOBAL,PWRCOAPERXX01,2030,0.0
GLOBAL,PWRCOAPERXX01,2031,0.0
GLOBAL,PWRCOAPERXX01,2032,0.0
GLOBAL,PWRCOAPERXX01,2033,0.0
GLOBAL,PWRCOAPERXX01,2034,0.0
GLOBAL,PWRCOAPERXX01,2035,0.0
GLOBAL,PWRCOAPERXX01,2036,0.0
GLOBAL,PWRCOAPERXX01,2037,0.0
GLOBAL,PWRCOAPERXX01,2038,0.0
GLOBAL,PWRCOAPERXX01,2039,0.0
GLOBAL,PWRCOAPERXX01,2040,0.0
GLOBAL,PWRCOAPERXX01,2041,0.0
GLOBAL,PWRCOAPERXX01,2042,0.0
GLOBAL,PWRCOAPERXX01,2043,0.0
GLOBAL,PWRCOAPERXX01,2044,0.0
GLOBAL,PWRCOAPERXX01,2045,0.0
GLOBAL,PWRCOAPERXX01,2046,0.0
GLOBAL,PWRCOAPERXX01,2047,0.0
GLOBAL,PWRCOAPERXX01,2048,0.0
GLOBAL,PWRCOAPERXX01,2049,0.0
GLOBAL,PWRCOAPERXX01,2050,0.0
GLOBAL,PWRHYDPERXX01,2021,4.1516
GLOBAL,PWRHYDPERXX01,2022,4.1516
GLOBAL,PWRHYDPERXX01,2023,4.1516
GLOBAL,PWRHYDPERXX01,2024,4.1516
GLOBAL,PWRHYDPERXX01,2025,4.1516
GLOBAL,PWRHYDPERXX01,2026,4.1516
GLOBAL,PWRHYDPERXX01,2027,4.1516
GLOBAL,PWRHYDPERXX01,2028,4.1516
GLOBAL,PWRHYDPERXX01,2029,4.1516
GLOBAL,PWRHYDPERXX01,2030,4.1516
GLOBAL,PWRHYDPERXX01,2031,4.1516
GLOBAL,PWRHYDPERXX01,2032,4.1516
GLOBAL,PWRHYDPERXX01,2033,4.1516
GLOBAL,PWRHYDPERXX01,2034,4.1516
GLOBAL,PWRHYDPERXX01,2035,4.1516
GLOBAL,PWRHYDPERXX01,2036,4.1516
GLOBAL,PWRHYDPERXX01,2037,4.1516
GLOBAL,PWRHYDPERXX01,2038,4.1516
GLOBAL,PWRHYDPERXX01,2039,4.1516
GLOBAL,PWRHYDPERXX01,2040,4.1516
GLOBAL,PWRHYDPERXX01,2041,4.1516
GLOBAL,PWRHYDPERXX01,2042,4.1516
GLOBAL,PWRHYDPERXX01,2043,4.1516
GLOBAL,PWRHYDPERXX01,2044,4.1516
GLOBAL,PWRHYDPERXX01,2045,4.1516
GLOBAL,PWRHYDPERXX01,2046,4.1516
GLOBAL,PWRHYDPERXX01,2047,4.1516
GLOBAL,PWRHYDPERXX01,2048,4.1516
GLOBAL,PWRHYDPERXX01,2049,4.1516
GLOBAL,PWRHYDPERXX01,2050,4.1516
GLOBAL,PWROCGPERXX00,2021,0.075
GLOBAL,PWROCGPERXX00,2022,0.075
GLOBAL,PWROCGPERXX00,2023,0.075
GLOBAL,PWROCGPERXX00,2024,0.075
GLOBAL,PWROCGPERXX00,2025,0.075
GLOBAL,PWROCGPERXX00,2026,0.075
GLOBAL,PWROCGPERXX00,2027,0.075
GLOBAL,PWROCGPERXX00,2028,0.075
GLOBAL,PWROCGPERXX00,2029,0.075
GLOBAL,PWROCGPERXX00,2030,0.075
GLOBAL,PWROCGPERXX00,2031,0.075
GLOBAL,PWROCGPERXX00,2032,0.075
GLOBAL,PWROCGPERXX00,2033,0.075
GLOBAL,PWROCGPERXX00,2034,0.075
GLOBAL,PWROCGPERXX00,2035,0.075
GLOBAL,PWROCGPERXX00,2036,0.075
GLOBAL,PWROCGPERXX00,2037,0.075
GLOBAL,PWROCGPERXX00,2038,0.075
GLOBAL,PWROCGPERXX00,2039,0.075
GLOBAL,PWROCGPERXX00,2040,0.075
GLOBAL,PWROCGPERXX00,2041,0.0
GLOBAL,PWROCGPERXX00,2042,0.0
GLOBAL,PWROCGPERXX00,2043,0.0
GLOBAL,PWROCGPERXX00,2044,0.0
GLOBAL,PWROCGPERXX00,2045,0.0
GLOBAL,PWROCGPERXX00,2046,0.0
GLOBAL,PWROCGPERXX00,2047,0.0
GLOBAL,PWROCGPERXX00,2048,0.0
GLOBAL,PWROCGPERXX00,2049,0.0
GLOBAL,PWROCGPERXX00,2050,0.0
GLOBAL,PWRSPVPERXX01,2021,0.096
GLOBAL,PWRSPVPERXX01,2022,0.096
GLOBAL,PWRSPVPERXX01,2023,0.096
GLOBAL,PWRSPVPERXX01,2024,0.096
GLOBAL,PWRSPVPERXX01,2025,0.096
GLOBAL,PWRSPVPERXX01,2026,0.096
GLOBAL,PWRSPVPERXX01,2027,0.096
GLOBAL,PWRSPVPERXX01,2028,0.096
GLOBAL,PWRSPVPERXX01,2029,0.096
GLOBAL,PWRSPVPERXX01,2030,0.096
GLOBAL,PWRSPVPERXX01,2031,0.096
GLOBAL,PWRSPVPERXX01,2032,0.096
GLOBAL,PWRSPVPERXX01,2033,0.096
GLOBAL,PWRSPVPERXX01,2034,0.096
GLOBAL,PWRSPVPERXX01,2035,0.096
GLOBAL,PWRSPVPERXX01,2036,0.096
GLOBAL,PWRSPVPERXX01,2037,0.096
GLOBAL,PWRSPVPERXX01,2038,0.096
GLOBAL,PWRSPVPERXX01,2039,0.096
GLOBAL,PWRSPVPERXX01,2040,0.096
GLOBAL,PWRSPVPERXX01,2041,0.096
GLOBAL,PWRSPVPERXX01,2042,0.096
GLOBAL,PWRSPVPERXX01,2043,0.076
GLOBAL,PWRSPVPERXX01,2044,0.076
GLOBAL,PWRSPVPERXX01,2045,0.0
GLOBAL,PWRSPVPERXX01,2046,0.0
GLOBAL,PWRSPVPERXX01,2047,0.0
GLOBAL,PWRSPVPERXX01,2048,0.0
GLOBAL,PWRSPVPERXX01,2049,0.0
GLOBAL,PWRSPVPERXX01,2050,0.0
GLOBAL,PWRWONPERXX01,2021,0.15
GLOBAL,PWRWONPERXX01,2022,0.15
GLOBAL,PWRWONPERXX01,2023,0.15
GLOBAL,PWRWONPERXX01,2024,0.15
GLOBAL,PWRWONPERXX01,2025,0.15
GLOBAL,PWRWONPERXX01,2026,0.15
GLOBAL,PWRWONPERXX01,2027,0.15
GLOBAL,PWRWONPERXX01,2028,0.15
GLOBAL,PWRWONPERXX01,2029,0.15
GLOBAL,PWRWONPERXX01,2030,0.15
GLOBAL,PWRWONPERXX01,2031,0.15
GLOBAL,PWRWONPERXX01,2032,0.15
GLOBAL,PWRWONPERXX01,2033,0.15
GLOBAL,PWRWONPERXX01,2034,0.15
GLOBAL,PWRWONPERXX01,2035,0.15
GLOBAL,PWRWONPERXX01,2036,0.15
GLOBAL,PWRWONPERXX01,2037,0.15
GLOBAL,PWRWONPERXX01,2038,0.15
GLOBAL,PWRWONPERXX01,2039,0.15
GLOBAL,PWRWONPERXX01,2040,0.0
GLOBAL,PWRWONPERXX01,2041,0.0
GLOBAL,PWRWONPERXX01,2042,0.0
GLOBAL,PWRWONPERXX01,2043,0.0
GLOBAL,PWRWONPERXX01,2044,0.0
GLOBAL,PWRWONPERXX01,2045,0.0
GLOBAL,PWRWONPERXX01,2046,0.0
GLOBAL,PWRWONPERXX01,2047,0.0
GLOBAL,PWRWONPERXX01,2048,0.0
GLOBAL,PWRWONPERXX01,2049,0.0
GLOBAL,PWRWONPERXX01,2050,0.0
GLOBAL,PWRBIOPHLXX01,2021,0.1897
GLOBAL,PWRBIOPHLXX01,2022,0.1897
GLOBAL,PWRBIOPHLXX01,2023,0.1897
GLOBAL,PWRBIOPHLXX01,2024,0.1897
GLOBAL,PWRBIOPHLXX01,2025,0.1897
GLOBAL,PWRBIOPHLXX01,2026,0.1897
GLOBAL,PWRBIOPHLXX01,2027,0.1897
GLOBAL,PWRBIOPHLXX01,2028,0.1897
GLOBAL,PWRBIOPHLXX01,2029,0.1897
GLOBAL,PWRBIOPHLXX01,2030,0.1897
GLOBAL,PWRBIOPHLXX01,2031,0.1897
GLOBAL,PWRBIOPHLXX01,2032,0.0
GLOBAL,PWRBIOPHLXX01,2033,0.0
GLOBAL,PWRBIOPHLXX01,2034,0.0
GLOBAL,PWRBIOPHLXX01,2035,0.0
GLOBAL,PWRBIOPHLXX01,2036,0.0
GLOBAL,PWRBIOPHLXX01,2037,0.0
GLOBAL,PWRBIOPHLXX01,2038,0.0
GLOBAL,PWRBIOPHLXX01,2039,0.0
GLOBAL,PWRBIOPHLXX01,2040,0.0
GLOBAL,PWRBIOPHLXX01,2041,0.0
GLOBAL,PWRBIOPHLXX01,2042,0.0
GLOBAL,PWRBIOPHLXX01,2043,0.0
GLOBAL,PWRBIOPHLXX01,2044,0.0
GLOBAL,PWRBIOPHLXX01,2045,0.0
GLOBAL,PWRBIOPHLXX01,2046,0.0
GLOBAL,PWRBIOPHLXX01,2047,0.0
GLOBAL,PWRBIOPHLXX01,2048,0.0
GLOBAL,PWRBIOPHLXX01,2049,0.0
GLOBAL,PWRBIOPHLXX01,2050,0.0
GLOBAL,PWRCCGPHLXX00,2021,4.2375
GLOBAL,PWRCCGPHLXX00,2022,4.2375
GLOBAL,PWRCCGPHLXX00,2023,4.2375
GLOBAL,PWRCCGPHLXX00,2024,4.2375
GLOBAL,PWRCCGPHLXX00,2025,0.45
GLOBAL,PWRCCGPHLXX00,2026,0.45
GLOBAL,PWRCCGPHLXX00,2027,0.45
GLOBAL,PWRCCGPHLXX00,2028,0.45
GLOBAL,PWRCCGPHLXX00,2029,0.45
GLOBAL,PWRCCGPHLXX00,2030,0.45
GLOBAL,PWRCCGPHLXX00,2031,0.45
GLOBAL,PWRCCGPHLXX00,2032,0.45
GLOBAL,PWRCCGPHLXX00,2033,0.45
GLOBAL,PWRCCGPHLXX00,2034,0.45
GLOBAL,PWRCCGPHLXX00,2035,0.45
GLOBAL,PWRCCGPHLXX00,2036,0.45
GLOBAL,PWRCCGPHLXX00,2037,0.45
GLOBAL,PWRCCGPHLXX00,2038,0.45
GLOBAL,PWRCCGPHLXX00,2039,0.45
GLOBAL,PWRCCGPHLXX00,2040,0.45
GLOBAL,PWRCCGPHLXX00,2041,0.45
GLOBAL,PWRCCGPHLXX00,2042,0.45
GLOBAL,PWRCCGPHLXX00,2043,0.45
GLOBAL,PWRCCGPHLXX00,2044,0.45
GLOBAL,PWRCCGPHLXX00,2045,0.45
GLOBAL,PWRCCGPHLXX00,2046,0.45
GLOBAL,PWRCCGPHLXX00,2047,0.0
GLOBAL,PWRCCGPHLXX00,2048,0.0
GLOBAL,PWRCCGPHLXX00,2049,0.0
GLOBAL,PWRCCGPHLXX00,2050,0.0
GLOBAL,PWRCOAPHLXX01,2021,10.6987
GLOBAL,PWRCOAPHLXX01,2022,10.6987
GLOBAL,PWRCOAPHLXX01,2023,10.6987
GLOBAL,PWRCOAPHLXX01,2024,10.6987
GLOBAL,PWRCOAPHLXX01,2025,10.6987
GLOBAL,PWRCOAPHLXX01,2026,10.6987
GLOBAL,PWRCOAPHLXX01,2027,10.6987
GLOBAL,PWRCOAPHLXX01,2028,8.228
GLOBAL,PWRCOAPHLXX01,2029,7.538
GLOBAL,PWRCOAPHLXX01,2030,6.318
GLOBAL,PWRCOAPHLXX01,2031,5.878
GLOBAL,PWRCOAPHLXX01,2032,5.566
GLOBAL,PWRCOAPHLXX01,2033,5.566
GLOBAL,PWRCOAPHLXX01,2034,5.566
GLOBAL,PWRCOAPHLXX01,2035,4.41
GLOBAL,PWRCOAPHLXX01,2036,4.41
GLOBAL,PWRCOAPHLXX01,2037,4.178
GLOBAL,PWRCOAPHLXX01,2038,3.278
GLOBAL,PWRCOAPHLXX01,2039,3.278
GLOBAL,PWRCOAPHLXX01,2040,3.278
GLOBAL,PWRCOAPHLXX01,2041,3.278
GLOBAL,PWRCOAPHLXX01,2042,3.278
GLOBAL,PWRCOAPHLXX01,2043,3.278
GLOBAL,PWRCOAPHLXX01,2044,2.678
GLOBAL,PWRCOAPHLXX01,2045,2.678
GLOBAL,PWRCOAPHLXX01,2046,2.678
GLOBAL,PWRCOAPHLXX01,2047,1.065
GLOBAL,PWRCOAPHLXX01,2048,0.3
GLOBAL,PWRCOAPHLXX01,2049,0.0
GLOBAL,PWRCOAPHLXX01,2050,0.0
GLOBAL,PWRGEOPHLXX01,2021,1.9188
GLOBAL,PWRGEOPHLXX01,2022,1.9188
GLOBAL,PWRGEOPHLXX01,2023,1.9188
GLOBAL,PWRGEOPHLXX01,2024,1.9188
GLOBAL,PWRGEOPHLXX01,2025,1.9188
GLOBAL,PWRGEOPHLXX01,2026,0.0
GLOBAL,PWRGEOPHLXX01,2027,0.0
GLOBAL,PWRGEOPHLXX01,2028,0.0
GLOBAL,PWRGEOPHLXX01,2029,0.0
GLOBAL,PWRGEOPHLXX01,2030,0.0
GLOBAL,PWRGEOPHLXX01,2031,0.0
GLOBAL,PWRGEOPHLXX01,2032,0.0
GLOBAL,PWRGEOPHLXX01,2033,0.0
GLOBAL,PWRGEOPHLXX01,2034,0.0
GLOBAL,PWRGEOPHLXX01,2035,0.0
GLOBAL,PWRGEOPHLXX01,2036,0.0
GLOBAL,PWRGEOPHLXX01,2037,0.0
GLOBAL,PWRGEOPHLXX01,2038,0.0
GLOBAL,PWRGEOPHLXX01,2039,0.0
GLOBAL,PWRGEOPHLXX01,2040,0.0
GLOBAL,PWRGEOPHLXX01,2041,0.0
GLOBAL,PWRGEOPHLXX01,2042,0.0
GLOBAL,PWRGEOPHLXX01,2043,0.0
GLOBAL,PWRGEOPHLXX01,2044,0.0
GLOBAL,PWRGEOPHLXX01,2045,0.0
GLOBAL,PWRGEOPHLXX01,2046,0.0
GLOBAL,PWRGEOPHLXX01,2047,0.0
GLOBAL,PWRGEOPHLXX01,2048,0.0
GLOBAL,PWRGEOPHLXX01,2049,0.0
GLOBAL,PWRGEOPHLXX01,2050,0.0
GLOBAL,PWRHYDPHLXX01,2021,3.6029
GLOBAL,PWRHYDPHLXX01,2022,3.6029
GLOBAL,PWRHYDPHLXX01,2023,3.6029
GLOBAL,PWRHYDPHLXX01,2024,3.6029
GLOBAL,PWRHYDPHLXX01,2025,3.6029
GLOBAL,PWRHYDPHLXX01,2026,3.6029
GLOBAL,PWRHYDPHLXX01,2027,3.6029
GLOBAL,PWRHYDPHLXX01,2028,3.6029
GLOBAL,PWRHYDPHLXX01,2029,3.6029
GLOBAL,PWRHYDPHLXX01,2030,3.6029
GLOBAL,PWRHYDPHLXX01,2031,3.6029
GLOBAL,PWRHYDPHLXX01,2032,3.6029
GLOBAL,PWRHYDPHLXX01,2033,3.6029
GLOBAL,PWRHYDPHLXX01,2034,3.6029
GLOBAL,PWRHYDPHLXX01,2035,3.6029
GLOBAL,PWRHYDPHLXX01,2036,3.6029
GLOBAL,PWRHYDPHLXX01,2037,3.6029
GLOBAL,PWRHYDPHLXX01,2038,3.6029
GLOBAL,PWRHYDPHLXX01,2039,3.6029
GLOBAL,PWRHYDPHLXX01,2040,3.6029
GLOBAL,PWRHYDPHLXX01,2041,3.6029
GLOBAL,PWRHYDPHLXX01,2042,3.6029
GLOBAL,PWRHYDPHLXX01,2043,3.6029
GLOBAL,PWRHYDPHLXX01,2044,3.6029
GLOBAL,PWRHYDPHLXX01,2045,3.1909
GLOBAL,PWRHYDPHLXX01,2046,3.1909
GLOBAL,PWRHYDPHLXX01,2047,3.1909
GLOBAL,PWRHYDPHLXX01,2048,3.1909
GLOBAL,PWRHYDPHLXX01,2049,3.1909
GLOBAL,PWRHYDPHLXX01,2050,3.1909
GLOBAL,PWROCGPHLXX00,2021,0.1
GLOBAL,PWROCGPHLXX00,2022,0.1
GLOBAL,PWROCGPHLXX00,2023,0.1
GLOBAL,PWROCGPHLXX00,2024,0.1
GLOBAL,PWROCGPHLXX00,2025,0.1
GLOBAL,PWROCGPHLXX00,2026,0.1
GLOBAL,PWROCGPHLXX00,2027,0.1
GLOBAL,PWROCGPHLXX00,2028,0.1
GLOBAL,PWROCGPHLXX00,2029,0.1
GLOBAL,PWROCGPHLXX00,2030,0.1
GLOBAL,PWROCGPHLXX00,2031,0.1
GLOBAL,PWROCGPHLXX00,2032,0.1
GLOBAL,PWROCGPHLXX00,2033,0.1
GLOBAL,PWROCGPHLXX00,2034,0.1
GLOBAL,PWROCGPHLXX00,2035,0.1
GLOBAL,PWROCGPHLXX00,2036,0.1
GLOBAL,PWROCGPHLXX00,2037,0.1
GLOBAL,PWROCGPHLXX00,2038,0.1
GLOBAL,PWROCGPHLXX00,2039,0.1
GLOBAL,PWROCGPHLXX00,2040,0.1
GLOBAL,PWROCGPHLXX00,2041,0.1
GLOBAL,PWROCGPHLXX00,2042,0.1
GLOBAL,PWROCGPHLXX00,2043,0.1
GLOBAL,PWROCGPHLXX00,2044,0.1
GLOBAL,PWROCGPHLXX00,2045,0.1
GLOBAL,PWROCGPHLXX00,2046,0.1
GLOBAL,PWROCGPHLXX00,2047,0.0
GLOBAL,PWROCGPHLXX00,2048,0.0
GLOBAL,PWROCGPHLXX00,2049,0.0
GLOBAL,PWROCGPHLXX00,2050,0.0
GLOBAL,PWROILPHLXX01,2021,2.7095
GLOBAL,PWROILPHLXX01,2022,2.7095
GLOBAL,PWROILPHLXX01,2023,2.7095
GLOBAL,PWROILPHLXX01,2024,2.7095
GLOBAL,PWROILPHLXX01,2025,2.7095
GLOBAL,PWROILPHLXX01,2026,2.7095
GLOBAL,PWROILPHLXX01,2027,0.045
GLOBAL,PWROILPHLXX01,2028,0.045
GLOBAL,PWROILPHLXX01,2029,0.045
GLOBAL,PWROILPHLXX01,2030,0.045
GLOBAL,PWROILPHLXX01,2031,0.045
GLOBAL,PWROILPHLXX01,2032,0.045
GLOBAL,PWROILPHLXX01,2033,0.045
GLOBAL,PWROILPHLXX01,2034,0.045
GLOBAL,PWROILPHLXX01,2035,0.045
GLOBAL,PWROILPHLXX01,2036,0.045
GLOBAL,PWROILPHLXX01,2037,0.045
GLOBAL,PWROILPHLXX01,2038,0.045
GLOBAL,PWROILPHLXX01,2039,0.045
GLOBAL,PWROILPHLXX01,2040,0.045
GLOBAL,PWROILPHLXX01,2041,0.045
GLOBAL,PWROILPHLXX01,2042,0.045
GLOBAL,PWROILPHLXX01,2043,0.045
GLOBAL,PWROILPHLXX01,2044,0.045
GLOBAL,PWROILPHLXX01,2045,0.045
GLOBAL,PWROILPHLXX01,2046,0.045
GLOBAL,PWROILPHLXX01,2047,0.011
GLOBAL,PWROILPHLXX01,2048,0.0
GLOBAL,PWROILPHLXX01,2049,0.0
GLOBAL,PWROILPHLXX01,2050,0.0
GLOBAL,PWRSPVPHLXX01,2021,0.818
GLOBAL,PWRSPVPHLXX01,2022,0.818
GLOBAL,PWRSPVPHLXX01,2023,0.818
GLOBAL,PWRSPVPHLXX01,2024,0.818
GLOBAL,PWRSPVPHLXX01,2025,0.818
GLOBAL,PWRSPVPHLXX01,2026,0.818
GLOBAL,PWRSPVPHLXX01,2027,0.818
GLOBAL,PWRSPVPHLXX01,2028,0.818
GLOBAL,PWRSPVPHLXX01,2029,0.818
GLOBAL,PWRSPVPHLXX01,2030,0.818
GLOBAL,PWRSPVPHLXX01,2031,0.818
GLOBAL,PWRSPVPHLXX01,2032,0.818
GLOBAL,PWRSPVPHLXX01,2033,0.818
GLOBAL,PWRSPVPHLXX01,2034,0.818
GLOBAL,PWRSPVPHLXX01,2035,0.818
GLOBAL,PWRSPVPHLXX01,2036,0.818
GLOBAL,PWRSPVPHLXX01,2037,0.818
GLOBAL,PWRSPVPHLXX01,2038,0.818
GLOBAL,PWRSPVPHLXX01,2039,0.818
GLOBAL,PWRSPVPHLXX01,2040,0.818
GLOBAL,PWRSPVPHLXX01,2041,0.818
GLOBAL,PWRSPVPHLXX01,2042,0.818
GLOBAL,PWRSPVPHLXX01,2043,0.818
GLOBAL,PWRSPVPHLXX01,2044,0.818
GLOBAL,PWRSPVPHLXX01,2045,0.688
GLOBAL,PWRSPVPHLXX01,2046,0.688
GLOBAL,PWRSPVPHLXX01,2047,0.096
GLOBAL,PWRSPVPHLXX01,2048,0.0
GLOBAL,PWRSPVPHLXX01,2049,0.0
GLOBAL,PWRSPVPHLXX01,2050,0.0
GLOBAL,PWRWONPHLXX01,2021,0.2201
GLOBAL,PWRWONPHLXX01,2022,0.2201
GLOBAL,PWRWONPHLXX01,2023,0.2201
GLOBAL,PWRWONPHLXX01,2024,0.2201
GLOBAL,PWRWONPHLXX01,2025,0.2201
GLOBAL,PWRWONPHLXX01,2026,0.2201
GLOBAL,PWRWONPHLXX01,2027,0.2201
GLOBAL,PWRWONPHLXX01,2028,0.2201
GLOBAL,PWRWONPHLXX01,2029,0.2201
GLOBAL,PWRWONPHLXX01,2030,0.2201
GLOBAL,PWRWONPHLXX01,2031,0.2201
GLOBAL,PWRWONPHLXX01,2032,0.2201
GLOBAL,PWRWONPHLXX01,2033,0.2201
GLOBAL,PWRWONPHLXX01,2034,0.2201
GLOBAL,PWRWONPHLXX01,2035,0.2201
GLOBAL,PWRWONPHLXX01,2036,0.2201
GLOBAL,PWRWONPHLXX01,2037,0.2201
GLOBAL,PWRWONPHLXX01,2038,0.2201
GLOBAL,PWRWONPHLXX01,2039,0.2201
GLOBAL,PWRWONPHLXX01,2040,0.0
GLOBAL,PWRWONPHLXX01,2041,0.0
GLOBAL,PWRWONPHLXX01,2042,0.0
GLOBAL,PWRWONPHLXX01,2043,0.0
GLOBAL,PWRWONPHLXX01,2044,0.0
GLOBAL,PWRWONPHLXX01,2045,0.0
GLOBAL,PWRWONPHLXX01,2046,0.0
GLOBAL,PWRWONPHLXX01,2047,0.0
GLOBAL,PWRWONPHLXX01,2048,0.0
GLOBAL,PWRWONPHLXX01,2049,0.0
GLOBAL,PWRWONPHLXX01,2050,0.0
GLOBAL,PWRGEOPNGXX01,2021,0.056
GLOBAL,PWRGEOPNGXX01,2022,0.056
GLOBAL,PWRGEOPNGXX01,2023,0.056
GLOBAL,PWRGEOPNGXX01,2024,0.056
GLOBAL,PWRGEOPNGXX01,2025,0.056
GLOBAL,PWRGEOPNGXX01,2026,0.03
GLOBAL,PWRGEOPNGXX01,2027,0.03
GLOBAL,PWRGEOPNGXX01,2028,0.03
GLOBAL,PWRGEOPNGXX01,2029,0.03
GLOBAL,PWRGEOPNGXX01,2030,0.03
GLOBAL,PWRGEOPNGXX01,2031,0.03
GLOBAL,PWRGEOPNGXX01,2032,0.03
GLOBAL,PWRGEOPNGXX01,2033,0.03
GLOBAL,PWRGEOPNGXX01,2034,0.03
GLOBAL,PWRGEOPNGXX01,2035,0.03
GLOBAL,PWRGEOPNGXX01,2036,0.0
GLOBAL,PWRGEOPNGXX01,2037,0.0
GLOBAL,PWRGEOPNGXX01,2038,0.0
GLOBAL,PWRGEOPNGXX01,2039,0.0
GLOBAL,PWRGEOPNGXX01,2040,0.0
GLOBAL,PWRGEOPNGXX01,2041,0.0
GLOBAL,PWRGEOPNGXX01,2042,0.0
GLOBAL,PWRGEOPNGXX01,2043,0.0
GLOBAL,PWRGEOPNGXX01,2044,0.0
GLOBAL,PWRGEOPNGXX01,2045,0.0
GLOBAL,PWRGEOPNGXX01,2046,0.0
GLOBAL,PWRGEOPNGXX01,2047,0.0
GLOBAL,PWRGEOPNGXX01,2048,0.0
GLOBAL,PWRGEOPNGXX01,2049,0.0
GLOBAL,PWRGEOPNGXX01,2050,0.0
GLOBAL,PWRHYDPNGXX01,2021,0.275
GLOBAL,PWRHYDPNGXX01,2022,0.275
GLOBAL,PWRHYDPNGXX01,2023,0.275
GLOBAL,PWRHYDPNGXX01,2024,0.275
GLOBAL,PWRHYDPNGXX01,2025,0.275
GLOBAL,PWRHYDPNGXX01,2026,0.275
GLOBAL,PWRHYDPNGXX01,2027,0.275
GLOBAL,PWRHYDPNGXX01,2028,0.275
GLOBAL,PWRHYDPNGXX01,2029,0.275
GLOBAL,PWRHYDPNGXX01,2030,0.275
GLOBAL,PWRHYDPNGXX01,2031,0.275
GLOBAL,PWRHYDPNGXX01,2032,0.275
GLOBAL,PWRHYDPNGXX01,2033,0.275
GLOBAL,PWRHYDPNGXX01,2034,0.275
GLOBAL,PWRHYDPNGXX01,2035,0.275
GLOBAL,PWRHYDPNGXX01,2036,0.275
GLOBAL,PWRHYDPNGXX01,2037,0.275
GLOBAL,PWRHYDPNGXX01,2038,0.275
GLOBAL,PWRHYDPNGXX01,2039,0.275
GLOBAL,PWRHYDPNGXX01,2040,0.275
GLOBAL,PWRHYDPNGXX01,2041,0.275
GLOBAL,PWRHYDPNGXX01,2042,0.275
GLOBAL,PWRHYDPNGXX01,2043,0.275
GLOBAL,PWRHYDPNGXX01,2044,0.275
GLOBAL,PWRHYDPNGXX01,2045,0.275
GLOBAL,PWRHYDPNGXX01,2046,0.275
GLOBAL,PWRHYDPNGXX01,2047,0.275
GLOBAL,PWRHYDPNGXX01,2048,0.275
GLOBAL,PWRHYDPNGXX01,2049,0.275
GLOBAL,PWRHYDPNGXX01,2050,0.275
GLOBAL,PWROCGPNGXX00,2021,0.1862
GLOBAL,PWROCGPNGXX00,2022,0.1862
GLOBAL,PWROCGPNGXX00,2023,0.1862
GLOBAL,PWROCGPNGXX00,2024,0.1862
GLOBAL,PWROCGPNGXX00,2025,0.0
GLOBAL,PWROCGPNGXX00,2026,0.0
GLOBAL,PWROCGPNGXX00,2027,0.0
GLOBAL,PWROCGPNGXX00,2028,0.0
GLOBAL,PWROCGPNGXX00,2029,0.0
GLOBAL,PWROCGPNGXX00,2030,0.0
GLOBAL,PWROCGPNGXX00,2031,0.0
GLOBAL,PWROCGPNGXX00,2032,0.0
GLOBAL,PWROCGPNGXX00,2033,0.0
GLOBAL,PWROCGPNGXX00,2034,0.0
GLOBAL,PWROCGPNGXX00,2035,0.0
GLOBAL,PWROCGPNGXX00,2036,0.0
GLOBAL,PWROCGPNGXX00,2037,0.0
GLOBAL,PWROCGPNGXX00,2038,0.0
GLOBAL,PWROCGPNGXX00,2039,0.0
GLOBAL,PWROCGPNGXX00,2040,0.0
GLOBAL,PWROCGPNGXX00,2041,0.0
GLOBAL,PWROCGPNGXX00,2042,0.0
GLOBAL,PWROCGPNGXX00,2043,0.0
GLOBAL,PWROCGPNGXX00,2044,0.0
GLOBAL,PWROCGPNGXX00,2045,0.0
GLOBAL,PWROCGPNGXX00,2046,0.0
GLOBAL,PWROCGPNGXX00,2047,0.0
GLOBAL,PWROCGPNGXX00,2048,0.0
GLOBAL,PWROCGPNGXX00,2049,0.0
GLOBAL,PWROCGPNGXX00,2050,0.0
GLOBAL,PWROILPNGXX01,2021,0.3619
GLOBAL,PWROILPNGXX01,2022,0.3619
GLOBAL,PWROILPNGXX01,2023,0.3619
GLOBAL,PWROILPNGXX01,2024,0.3619
GLOBAL,PWROILPNGXX01,2025,0.3619
GLOBAL,PWROILPNGXX01,2026,0.3619
GLOBAL,PWROILPNGXX01,2027,0.024
GLOBAL,PWROILPNGXX01,2028,0.024
GLOBAL,PWROILPNGXX01,2029,0.024
GLOBAL,PWROILPNGXX01,2030,0.0
GLOBAL,PWROILPNGXX01,2031,0.0
GLOBAL,PWROILPNGXX01,2032,0.0
GLOBAL,PWROILPNGXX01,2033,0.0
GLOBAL,PWROILPNGXX01,2034,0.0
GLOBAL,PWROILPNGXX01,2035,0.0
GLOBAL,PWROILPNGXX01,2036,0.0
GLOBAL,PWROILPNGXX01,2037,0.0
GLOBAL,PWROILPNGXX01,2038,0.0
GLOBAL,PWROILPNGXX01,2039,0.0
GLOBAL,PWROILPNGXX01,2040,0.0
GLOBAL,PWROILPNGXX01,2041,0.0
GLOBAL,PWROILPNGXX01,2042,0.0
GLOBAL,PWROILPNGXX01,2043,0.0
GLOBAL,PWROILPNGXX01,2044,0.0
GLOBAL,PWROILPNGXX01,2045,0.0
GLOBAL,PWROILPNGXX01,2046,0.0
GLOBAL,PWROILPNGXX01,2047,0.0
GLOBAL,PWROILPNGXX01,2048,0.0
GLOBAL,PWROILPNGXX01,2049,0.0
GLOBAL,PWROILPNGXX01,2050,0.0
GLOBAL,PWRBIOPOLXX01,2021,0.975
GLOBAL,PWRBIOPOLXX01,2022,0.975
GLOBAL,PWRBIOPOLXX01,2023,0.975
GLOBAL,PWRBIOPOLXX01,2024,0.975
GLOBAL,PWRBIOPOLXX01,2025,0.975
GLOBAL,PWRBIOPOLXX01,2026,0.975
GLOBAL,PWRBIOPOLXX01,2027,0.975
GLOBAL,PWRBIOPOLXX01,2028,0.975
GLOBAL,PWRBIOPOLXX01,2029,0.975
GLOBAL,PWRBIOPOLXX01,2030,0.975
GLOBAL,PWRBIOPOLXX01,2031,0.975
GLOBAL,PWRBIOPOLXX01,2032,0.216
GLOBAL,PWRBIOPOLXX01,2033,0.216
GLOBAL,PWRBIOPOLXX01,2034,0.216
GLOBAL,PWRBIOPOLXX01,2035,0.216
GLOBAL,PWRBIOPOLXX01,2036,0.216
GLOBAL,PWRBIOPOLXX01,2037,0.216
GLOBAL,PWRBIOPOLXX01,2038,0.216
GLOBAL,PWRBIOPOLXX01,2039,0.206
GLOBAL,PWRBIOPOLXX01,2040,0.206
GLOBAL,PWRBIOPOLXX01,2041,0.206
GLOBAL,PWRBIOPOLXX01,2042,0.206
GLOBAL,PWRBIOPOLXX01,2043,0.0
GLOBAL,PWRBIOPOLXX01,2044,0.0
GLOBAL,PWRBIOPOLXX01,2045,0.0
GLOBAL,PWRBIOPOLXX01,2046,0.0
GLOBAL,PWRBIOPOLXX01,2047,0.0
GLOBAL,PWRBIOPOLXX01,2048,0.0
GLOBAL,PWRBIOPOLXX01,2049,0.0
GLOBAL,PWRBIOPOLXX01,2050,0.0
GLOBAL,PWRCCGPOLXX00,2021,1.274
GLOBAL,PWRCCGPOLXX00,2022,1.274
GLOBAL,PWRCCGPOLXX00,2023,1.274
GLOBAL,PWRCCGPOLXX00,2024,1.274
GLOBAL,PWRCCGPOLXX00,2025,0.873
GLOBAL,PWRCCGPOLXX00,2026,0.873
GLOBAL,PWRCCGPOLXX00,2027,0.873
GLOBAL,PWRCCGPOLXX00,2028,0.873
GLOBAL,PWRCCGPOLXX00,2029,0.685
GLOBAL,PWRCCGPOLXX00,2030,0.685
GLOBAL,PWRCCGPOLXX00,2031,0.685
GLOBAL,PWRCCGPOLXX00,2032,0.685
GLOBAL,PWRCCGPOLXX00,2033,0.454
GLOBAL,PWRCCGPOLXX00,2034,0.454
GLOBAL,PWRCCGPOLXX00,2035,0.454
GLOBAL,PWRCCGPOLXX00,2036,0.454
GLOBAL,PWRCCGPOLXX00,2037,0.454
GLOBAL,PWRCCGPOLXX00,2038,0.454
GLOBAL,PWRCCGPOLXX00,2039,0.454
GLOBAL,PWRCCGPOLXX00,2040,0.454
GLOBAL,PWRCCGPOLXX00,2041,0.454
GLOBAL,PWRCCGPOLXX00,2042,0.454
GLOBAL,PWRCCGPOLXX00,2043,0.454
GLOBAL,PWRCCGPOLXX00,2044,0.454
GLOBAL,PWRCCGPOLXX00,2045,0.454
GLOBAL,PWRCCGPOLXX00,2046,0.454
GLOBAL,PWRCCGPOLXX00,2047,0.454
GLOBAL,PWRCCGPOLXX00,2048,0.0
GLOBAL,PWRCCGPOLXX00,2049,0.0
GLOBAL,PWRCCGPOLXX00,2050,0.0
GLOBAL,PWRCOAPOLXX01,2021,32.622
GLOBAL,PWRCOAPOLXX01,2022,32.424
GLOBAL,PWRCOAPOLXX01,2023,32.412
GLOBAL,PWRCOAPOLXX01,2024,32.412
GLOBAL,PWRCOAPOLXX01,2025,32.412
GLOBAL,PWRCOAPOLXX01,2026,32.412
GLOBAL,PWRCOAPOLXX01,2027,32.412
GLOBAL,PWRCOAPOLXX01,2028,9.778
GLOBAL,PWRCOAPOLXX01,2029,6.339
GLOBAL,PWRCOAPOLXX01,2030,6.339
GLOBAL,PWRCOAPOLXX01,2031,6.339
GLOBAL,PWRCOAPOLXX01,2032,6.189
GLOBAL,PWRCOAPOLXX01,2033,6.189
GLOBAL,PWRCOAPOLXX01,2034,5.357
GLOBAL,PWRCOAPOLXX01,2035,5.357
GLOBAL,PWRCOAPOLXX01,2036,5.357
GLOBAL,PWRCOAPOLXX01,2037,5.357
GLOBAL,PWRCOAPOLXX01,2038,5.357
GLOBAL,PWRCOAPOLXX01,2039,4.893
GLOBAL,PWRCOAPOLXX01,2040,4.893
GLOBAL,PWRCOAPOLXX01,2041,4.825
GLOBAL,PWRCOAPOLXX01,2042,4.825
GLOBAL,PWRCOAPOLXX01,2043,4.825
GLOBAL,PWRCOAPOLXX01,2044,4.825
GLOBAL,PWRCOAPOLXX01,2045,4.825
GLOBAL,PWRCOAPOLXX01,2046,4.825
GLOBAL,PWRCOAPOLXX01,2047,4.825
GLOBAL,PWRCOAPOLXX01,2048,0.0
GLOBAL,PWRCOAPOLXX01,2049,0.0
GLOBAL,PWRCOAPOLXX01,2050,0.0
GLOBAL,PWRHYDPOLXX01,2021,2.078
GLOBAL,PWRHYDPOLXX01,2022,2.078
GLOBAL,PWRHYDPOLXX01,2023,2.075
GLOBAL,PWRHYDPOLXX01,2024,2.068
GLOBAL,PWRHYDPOLXX01,2025,2.065
GLOBAL,PWRHYDPOLXX01,2026,2.058
GLOBAL,PWRHYDPOLXX01,2027,2.058
GLOBAL,PWRHYDPOLXX01,2028,2.058
GLOBAL,PWRHYDPOLXX01,2029,2.058
GLOBAL,PWRHYDPOLXX01,2030,2.058
GLOBAL,PWRHYDPOLXX01,2031,2.058
GLOBAL,PWRHYDPOLXX01,2032,2.058
GLOBAL,PWRHYDPOLXX01,2033,2.054
GLOBAL,PWRHYDPOLXX01,2034,2.044
GLOBAL,PWRHYDPOLXX01,2035,2.044
GLOBAL,PWRHYDPOLXX01,2036,2.041
GLOBAL,PWRHYDPOLXX01,2037,1.953
GLOBAL,PWRHYDPOLXX01,2038,1.953
GLOBAL,PWRHYDPOLXX01,2039,1.953
GLOBAL,PWRHYDPOLXX01,2040,1.953
GLOBAL,PWRHYDPOLXX01,2041,1.953
GLOBAL,PWRHYDPOLXX01,2042,1.953
GLOBAL,PWRHYDPOLXX01,2043,1.953
GLOBAL,PWRHYDPOLXX01,2044,1.953
GLOBAL,PWRHYDPOLXX01,2045,1.953
GLOBAL,PWRHYDPOLXX01,2046,1.953
GLOBAL,PWRHYDPOLXX01,2047,1.953
GLOBAL,PWRHYDPOLXX01,2048,1.953
GLOBAL,PWRHYDPOLXX01,2049,1.953
GLOBAL,PWRHYDPOLXX01,2050,1.953
GLOBAL,PWROCGPOLXX00,2021,0.531
GLOBAL,PWROCGPOLXX00,2022,0.531
GLOBAL,PWROCGPOLXX00,2023,0.531
GLOBAL,PWROCGPOLXX00,2024,0.531
GLOBAL,PWROCGPOLXX00,2025,0.255
GLOBAL,PWROCGPOLXX00,2026,0.255
GLOBAL,PWROCGPOLXX00,2027,0.255
GLOBAL,PWROCGPOLXX00,2028,0.255
GLOBAL,PWROCGPOLXX00,2029,0.178
GLOBAL,PWROCGPOLXX00,2030,0.178
GLOBAL,PWROCGPOLXX00,2031,0.062
GLOBAL,PWROCGPOLXX00,2032,0.062
GLOBAL,PWROCGPOLXX00,2033,0.0
GLOBAL,PWROCGPOLXX00,2034,0.0
GLOBAL,PWROCGPOLXX00,2035,0.0
GLOBAL,PWROCGPOLXX00,2036,0.0
GLOBAL,PWROCGPOLXX00,2037,0.0
GLOBAL,PWROCGPOLXX00,2038,0.0
GLOBAL,PWROCGPOLXX00,2039,0.0
GLOBAL,PWROCGPOLXX00,2040,0.0
GLOBAL,PWROCGPOLXX00,2041,0.0
GLOBAL,PWROCGPOLXX00,2042,0.0
GLOBAL,PWROCGPOLXX00,2043,0.0
GLOBAL,PWROCGPOLXX00,2044,0.0
GLOBAL,PWROCGPOLXX00,2045,0.0
GLOBAL,PWROCGPOLXX00,2046,0.0
GLOBAL,PWROCGPOLXX00,2047,0.0
GLOBAL,PWROCGPOLXX00,2048,0.0
GLOBAL,PWROCGPOLXX00,2049,0.0
GLOBAL,PWROCGPOLXX00,2050,0.0
GLOBAL,PWROILPOLXX01,2021,0.945
GLOBAL,PWROILPOLXX01,2022,0.945
GLOBAL,PWROILPOLXX01,2023,0.945
GLOBAL,PWROILPOLXX01,2024,0.945
GLOBAL,PWROILPOLXX01,2025,0.945
GLOBAL,PWROILPOLXX01,2026,0.945
GLOBAL,PWROILPOLXX01,2027,0.655
GLOBAL,PWROILPOLXX01,2028,0.6
GLOBAL,PWROILPOLXX01,2029,0.6
GLOBAL,PWROILPOLXX01,2030,0.6
GLOBAL,PWROILPOLXX01,2031,0.6
GLOBAL,PWROILPOLXX01,2032,0.6
GLOBAL,PWROILPOLXX01,2033,0.6
GLOBAL,PWROILPOLXX01,2034,0.6
GLOBAL,PWROILPOLXX01,2035,0.6
GLOBAL,PWROILPOLXX01,2036,0.6
GLOBAL,PWROILPOLXX01,2037,0.6
GLOBAL,PWROILPOLXX01,2038,0.6
GLOBAL,PWROILPOLXX01,2039,0.6
GLOBAL,PWROILPOLXX01,2040,0.6
GLOBAL,PWROILPOLXX01,2041,0.6
GLOBAL,PWROILPOLXX01,2042,0.6
GLOBAL,PWROILPOLXX01,2043,0.6
GLOBAL,PWROILPOLXX01,2044,0.6
GLOBAL,PWROILPOLXX01,2045,0.6
GLOBAL,PWROILPOLXX01,2046,0.6
GLOBAL,PWROILPOLXX01,2047,0.6
GLOBAL,PWROILPOLXX01,2048,0.6
GLOBAL,PWROILPOLXX01,2049,0.0
GLOBAL,PWROILPOLXX01,2050,0.0
GLOBAL,PWRSPVPOLXX01,2021,0.109
GLOBAL,PWRSPVPOLXX01,2022,0.109
GLOBAL,PWRSPVPOLXX01,2023,0.109
GLOBAL,PWRSPVPOLXX01,2024,0.109
GLOBAL,PWRSPVPOLXX01,2025,0.109
GLOBAL,PWRSPVPOLXX01,2026,0.109
GLOBAL,PWRSPVPOLXX01,2027,0.109
GLOBAL,PWRSPVPOLXX01,2028,0.109
GLOBAL,PWRSPVPOLXX01,2029,0.109
GLOBAL,PWRSPVPOLXX01,2030,0.109
GLOBAL,PWRSPVPOLXX01,2031,0.109
GLOBAL,PWRSPVPOLXX01,2032,0.109
GLOBAL,PWRSPVPOLXX01,2033,0.109
GLOBAL,PWRSPVPOLXX01,2034,0.109
GLOBAL,PWRSPVPOLXX01,2035,0.109
GLOBAL,PWRSPVPOLXX01,2036,0.109
GLOBAL,PWRSPVPOLXX01,2037,0.109
GLOBAL,PWRSPVPOLXX01,2038,0.109
GLOBAL,PWRSPVPOLXX01,2039,0.109
GLOBAL,PWRSPVPOLXX01,2040,0.109
GLOBAL,PWRSPVPOLXX01,2041,0.109
GLOBAL,PWRSPVPOLXX01,2042,0.108
GLOBAL,PWRSPVPOLXX01,2043,0.108
GLOBAL,PWRSPVPOLXX01,2044,0.108
GLOBAL,PWRSPVPOLXX01,2045,0.011
GLOBAL,PWRSPVPOLXX01,2046,0.001
GLOBAL,PWRSPVPOLXX01,2047,0.001
GLOBAL,PWRSPVPOLXX01,2048,0.001
GLOBAL,PWRSPVPOLXX01,2049,0.0
GLOBAL,PWRSPVPOLXX01,2050,0.0
GLOBAL,PWRWONPOLXX01,2021,4.992
GLOBAL,PWRWONPOLXX01,2022,4.992
GLOBAL,PWRWONPOLXX01,2023,4.992
GLOBAL,PWRWONPOLXX01,2024,4.992
GLOBAL,PWRWONPOLXX01,2025,4.992
GLOBAL,PWRWONPOLXX01,2026,4.992
GLOBAL,PWRWONPOLXX01,2027,4.992
GLOBAL,PWRWONPOLXX01,2028,4.992
GLOBAL,PWRWONPOLXX01,2029,4.992
GLOBAL,PWRWONPOLXX01,2030,4.992
GLOBAL,PWRWONPOLXX01,2031,4.992
GLOBAL,PWRWONPOLXX01,2032,4.974
GLOBAL,PWRWONPOLXX01,2033,4.974
GLOBAL,PWRWONPOLXX01,2034,4.944
GLOBAL,PWRWONPOLXX01,2035,4.944
GLOBAL,PWRWONPOLXX01,2036,4.944
GLOBAL,PWRWONPOLXX01,2037,4.853
GLOBAL,PWRWONPOLXX01,2038,4.748
GLOBAL,PWRWONPOLXX01,2039,4.636
GLOBAL,PWRWONPOLXX01,2040,1.424
GLOBAL,PWRWONPOLXX01,2041,1.254
GLOBAL,PWRWONPOLXX01,2042,1.082
GLOBAL,PWRWONPOLXX01,2043,0.698
GLOBAL,PWRWONPOLXX01,2044,0.639
GLOBAL,PWRWONPOLXX01,2045,0.464
GLOBAL,PWRWONPOLXX01,2046,0.106
GLOBAL,PWRWONPOLXX01,2047,0.0
GLOBAL,PWRWONPOLXX01,2048,0.0
GLOBAL,PWRWONPOLXX01,2049,0.0
GLOBAL,PWRWONPOLXX01,2050,0.0
GLOBAL,PWRCOAPRKXX01,2021,5.405
GLOBAL,PWRCOAPRKXX01,2022,5.405
GLOBAL,PWRCOAPRKXX01,2023,5.405
GLOBAL,PWRCOAPRKXX01,2024,5.405
GLOBAL,PWRCOAPRKXX01,2025,5.405
GLOBAL,PWRCOAPRKXX01,2026,5.405
GLOBAL,PWRCOAPRKXX01,2027,5.205
GLOBAL,PWRCOAPRKXX01,2028,3.552
GLOBAL,PWRCOAPRKXX01,2029,1.35
GLOBAL,PWRCOAPRKXX01,2030,1.35
GLOBAL,PWRCOAPRKXX01,2031,1.35
GLOBAL,PWRCOAPRKXX01,2032,1.35
GLOBAL,PWRCOAPRKXX01,2033,1.35
GLOBAL,PWRCOAPRKXX01,2034,0.5
GLOBAL,PWRCOAPRKXX01,2035,0.5
GLOBAL,PWRCOAPRKXX01,2036,0.5
GLOBAL,PWRCOAPRKXX01,2037,0.0
GLOBAL,PWRCOAPRKXX01,2038,0.0
GLOBAL,PWRCOAPRKXX01,2039,0.0
GLOBAL,PWRCOAPRKXX01,2040,0.0
GLOBAL,PWRCOAPRKXX01,2041,0.0
GLOBAL,PWRCOAPRKXX01,2042,0.0
GLOBAL,PWRCOAPRKXX01,2043,0.0
GLOBAL,PWRCOAPRKXX01,2044,0.0
GLOBAL,PWRCOAPRKXX01,2045,0.0
GLOBAL,PWRCOAPRKXX01,2046,0.0
GLOBAL,PWRCOAPRKXX01,2047,0.0
GLOBAL,PWRCOAPRKXX01,2048,0.0
GLOBAL,PWRCOAPRKXX01,2049,0.0
GLOBAL,PWRCOAPRKXX01,2050,0.0
GLOBAL,PWRHYDPRKXX01,2021,5.5
GLOBAL,PWRHYDPRKXX01,2022,5.5
GLOBAL,PWRHYDPRKXX01,2023,5.5
GLOBAL,PWRHYDPRKXX01,2024,5.5
GLOBAL,PWRHYDPRKXX01,2025,5.5
GLOBAL,PWRHYDPRKXX01,2026,5.5
GLOBAL,PWRHYDPRKXX01,2027,5.5
GLOBAL,PWRHYDPRKXX01,2028,5.5
GLOBAL,PWRHYDPRKXX01,2029,5.5
GLOBAL,PWRHYDPRKXX01,2030,5.5
GLOBAL,PWRHYDPRKXX01,2031,5.5
GLOBAL,PWRHYDPRKXX01,2032,5.5
GLOBAL,PWRHYDPRKXX01,2033,5.5
GLOBAL,PWRHYDPRKXX01,2034,5.5
GLOBAL,PWRHYDPRKXX01,2035,5.5
GLOBAL,PWRHYDPRKXX01,2036,5.5
GLOBAL,PWRHYDPRKXX01,2037,5.5
GLOBAL,PWRHYDPRKXX01,2038,5.5
GLOBAL,PWRHYDPRKXX01,2039,5.5
GLOBAL,PWRHYDPRKXX01,2040,5.5
GLOBAL,PWRHYDPRKXX01,2041,5.5
GLOBAL,PWRHYDPRKXX01,2042,5.5
GLOBAL,PWRHYDPRKXX01,2043,5.5
GLOBAL,PWRHYDPRKXX01,2044,5.5
GLOBAL,PWRHYDPRKXX01,2045,5.5
GLOBAL,PWRHYDPRKXX01,2046,5.5
GLOBAL,PWRHYDPRKXX01,2047,5.5
GLOBAL,PWRHYDPRKXX01,2048,5.5
GLOBAL,PWRHYDPRKXX01,2049,5.5
GLOBAL,PWRHYDPRKXX01,2050,5.5
GLOBAL,PWRBIOPRTXX01,2021,0.4911
GLOBAL,PWRBIOPRTXX01,2022,0.4911
GLOBAL,PWRBIOPRTXX01,2023,0.4611
GLOBAL,PWRBIOPRTXX01,2024,0.4611
GLOBAL,PWRBIOPRTXX01,2025,0.4611
GLOBAL,PWRBIOPRTXX01,2026,0.4611
GLOBAL,PWRBIOPRTXX01,2027,0.4571
GLOBAL,PWRBIOPRTXX01,2028,0.4571
GLOBAL,PWRBIOPRTXX01,2029,0.4511
GLOBAL,PWRBIOPRTXX01,2030,0.4421
GLOBAL,PWRBIOPRTXX01,2031,0.4421
GLOBAL,PWRBIOPRTXX01,2032,0.396
GLOBAL,PWRBIOPRTXX01,2033,0.357
GLOBAL,PWRBIOPRTXX01,2034,0.287
GLOBAL,PWRBIOPRTXX01,2035,0.137
GLOBAL,PWRBIOPRTXX01,2036,0.102
GLOBAL,PWRBIOPRTXX01,2037,0.102
GLOBAL,PWRBIOPRTXX01,2038,0.089
GLOBAL,PWRBIOPRTXX01,2039,0.079
GLOBAL,PWRBIOPRTXX01,2040,0.005
GLOBAL,PWRBIOPRTXX01,2041,0.0
GLOBAL,PWRBIOPRTXX01,2042,0.0
GLOBAL,PWRBIOPRTXX01,2043,0.0
GLOBAL,PWRBIOPRTXX01,2044,0.0
GLOBAL,PWRBIOPRTXX01,2045,0.0
GLOBAL,PWRBIOPRTXX01,2046,0.0
GLOBAL,PWRBIOPRTXX01,2047,0.0
GLOBAL,PWRBIOPRTXX01,2048,0.0
GLOBAL,PWRBIOPRTXX01,2049,0.0
GLOBAL,PWRBIOPRTXX01,2050,0.0
GLOBAL,PWRCCGPRTXX00,2021,4.718
GLOBAL,PWRCCGPRTXX00,2022,4.718
GLOBAL,PWRCCGPRTXX00,2023,4.718
GLOBAL,PWRCCGPRTXX00,2024,4.718
GLOBAL,PWRCCGPRTXX00,2025,2.001
GLOBAL,PWRCCGPRTXX00,2026,2.001
GLOBAL,PWRCCGPRTXX00,2027,2.001
GLOBAL,PWRCCGPRTXX00,2028,2.001
GLOBAL,PWRCCGPRTXX00,2029,2.001
GLOBAL,PWRCCGPRTXX00,2030,2.001
GLOBAL,PWRCCGPRTXX00,2031,2.001
GLOBAL,PWRCCGPRTXX00,2032,2.001
GLOBAL,PWRCCGPRTXX00,2033,2.001
GLOBAL,PWRCCGPRTXX00,2034,2.001
GLOBAL,PWRCCGPRTXX00,2035,2.001
GLOBAL,PWRCCGPRTXX00,2036,0.825
GLOBAL,PWRCCGPRTXX00,2037,0.825
GLOBAL,PWRCCGPRTXX00,2038,0.825
GLOBAL,PWRCCGPRTXX00,2039,0.825
GLOBAL,PWRCCGPRTXX00,2040,0.0
GLOBAL,PWRCCGPRTXX00,2041,0.0
GLOBAL,PWRCCGPRTXX00,2042,0.0
GLOBAL,PWRCCGPRTXX00,2043,0.0
GLOBAL,PWRCCGPRTXX00,2044,0.0
GLOBAL,PWRCCGPRTXX00,2045,0.0
GLOBAL,PWRCCGPRTXX00,2046,0.0
GLOBAL,PWRCCGPRTXX00,2047,0.0
GLOBAL,PWRCCGPRTXX00,2048,0.0
GLOBAL,PWRCCGPRTXX00,2049,0.0
GLOBAL,PWRCCGPRTXX00,2050,0.0
GLOBAL,PWRCOAPRTXX01,2021,1.976
GLOBAL,PWRCOAPRTXX01,2022,1.976
GLOBAL,PWRCOAPRTXX01,2023,1.976
GLOBAL,PWRCOAPRTXX01,2024,1.976
GLOBAL,PWRCOAPRTXX01,2025,1.295
GLOBAL,PWRCOAPRTXX01,2026,1.295
GLOBAL,PWRCOAPRTXX01,2027,1.295
GLOBAL,PWRCOAPRTXX01,2028,1.295
GLOBAL,PWRCOAPRTXX01,2029,1.295
GLOBAL,PWRCOAPRTXX01,2030,1.295
GLOBAL,PWRCOAPRTXX01,2031,1.295
GLOBAL,PWRCOAPRTXX01,2032,1.295
GLOBAL,PWRCOAPRTXX01,2033,1.295
GLOBAL,PWRCOAPRTXX01,2034,0.0
GLOBAL,PWRCOAPRTXX01,2035,0.0
GLOBAL,PWRCOAPRTXX01,2036,0.0
GLOBAL,PWRCOAPRTXX01,2037,0.0
GLOBAL,PWRCOAPRTXX01,2038,0.0
GLOBAL,PWRCOAPRTXX01,2039,0.0
GLOBAL,PWRCOAPRTXX01,2040,0.0
GLOBAL,PWRCOAPRTXX01,2041,0.0
GLOBAL,PWRCOAPRTXX01,2042,0.0
GLOBAL,PWRCOAPRTXX01,2043,0.0
GLOBAL,PWRCOAPRTXX01,2044,0.0
GLOBAL,PWRCOAPRTXX01,2045,0.0
GLOBAL,PWRCOAPRTXX01,2046,0.0
GLOBAL,PWRCOAPRTXX01,2047,0.0
GLOBAL,PWRCOAPRTXX01,2048,0.0
GLOBAL,PWRCOAPRTXX01,2049,0.0
GLOBAL,PWRCOAPRTXX01,2050,0.0
GLOBAL,PWRGEOPRTXX01,2021,0.029
GLOBAL,PWRGEOPRTXX01,2022,0.029
GLOBAL,PWRGEOPRTXX01,2023,0.029
GLOBAL,PWRGEOPRTXX01,2024,0.029
GLOBAL,PWRGEOPRTXX01,2025,0.013
GLOBAL,PWRGEOPRTXX01,2026,0.013
GLOBAL,PWRGEOPRTXX01,2027,0.013
GLOBAL,PWRGEOPRTXX01,2028,0.013
GLOBAL,PWRGEOPRTXX01,2029,0.013
GLOBAL,PWRGEOPRTXX01,2030,0.013
GLOBAL,PWRGEOPRTXX01,2031,0.013
GLOBAL,PWRGEOPRTXX01,2032,0.013
GLOBAL,PWRGEOPRTXX01,2033,0.013
GLOBAL,PWRGEOPRTXX01,2034,0.013
GLOBAL,PWRGEOPRTXX01,2035,0.013
GLOBAL,PWRGEOPRTXX01,2036,0.013
GLOBAL,PWRGEOPRTXX01,2037,0.0
GLOBAL,PWRGEOPRTXX01,2038,0.0
GLOBAL,PWRGEOPRTXX01,2039,0.0
GLOBAL,PWRGEOPRTXX01,2040,0.0
GLOBAL,PWRGEOPRTXX01,2041,0.0
GLOBAL,PWRGEOPRTXX01,2042,0.0
GLOBAL,PWRGEOPRTXX01,2043,0.0
GLOBAL,PWRGEOPRTXX01,2044,0.0
GLOBAL,PWRGEOPRTXX01,2045,0.0
GLOBAL,PWRGEOPRTXX01,2046,0.0
GLOBAL,PWRGEOPRTXX01,2047,0.0
GLOBAL,PWRGEOPRTXX01,2048,0.0
GLOBAL,PWRGEOPRTXX01,2049,0.0
GLOBAL,PWRGEOPRTXX01,2050,0.0
GLOBAL,PWRHYDPRTXX01,2021,4.3846
GLOBAL,PWRHYDPRTXX01,2022,4.3846
GLOBAL,PWRHYDPRTXX01,2023,4.3406
GLOBAL,PWRHYDPRTXX01,2024,4.3206
GLOBAL,PWRHYDPRTXX01,2025,4.3206
GLOBAL,PWRHYDPRTXX01,2026,4.3206
GLOBAL,PWRHYDPRTXX01,2027,4.3206
GLOBAL,PWRHYDPRTXX01,2028,4.3206
GLOBAL,PWRHYDPRTXX01,2029,4.3186
GLOBAL,PWRHYDPRTXX01,2030,4.3186
GLOBAL,PWRHYDPRTXX01,2031,4.3186
GLOBAL,PWRHYDPRTXX01,2032,4.3186
GLOBAL,PWRHYDPRTXX01,2033,4.3186
GLOBAL,PWRHYDPRTXX01,2034,4.3176
GLOBAL,PWRHYDPRTXX01,2035,4.2926
GLOBAL,PWRHYDPRTXX01,2036,4.2906
GLOBAL,PWRHYDPRTXX01,2037,4.2906
GLOBAL,PWRHYDPRTXX01,2038,4.2806
GLOBAL,PWRHYDPRTXX01,2039,4.2806
GLOBAL,PWRHYDPRTXX01,2040,4.2766
GLOBAL,PWRHYDPRTXX01,2041,4.2766
GLOBAL,PWRHYDPRTXX01,2042,4.2766
GLOBAL,PWRHYDPRTXX01,2043,4.2736
GLOBAL,PWRHYDPRTXX01,2044,4.2496
GLOBAL,PWRHYDPRTXX01,2045,4.2496
GLOBAL,PWRHYDPRTXX01,2046,4.2406
GLOBAL,PWRHYDPRTXX01,2047,4.2406
GLOBAL,PWRHYDPRTXX01,2048,4.2276
GLOBAL,PWRHYDPRTXX01,2049,4.2276
GLOBAL,PWRHYDPRTXX01,2050,4.2246
GLOBAL,PWRSPVPRTXX01,2021,0.4507
GLOBAL,PWRSPVPRTXX01,2022,0.4507
GLOBAL,PWRSPVPRTXX01,2023,0.4507
GLOBAL,PWRSPVPRTXX01,2024,0.4507
GLOBAL,PWRSPVPRTXX01,2025,0.4507
GLOBAL,PWRSPVPRTXX01,2026,0.4507
GLOBAL,PWRSPVPRTXX01,2027,0.4507
GLOBAL,PWRSPVPRTXX01,2028,0.4507
GLOBAL,PWRSPVPRTXX01,2029,0.4507
GLOBAL,PWRSPVPRTXX01,2030,0.4507
GLOBAL,PWRSPVPRTXX01,2031,0.4507
GLOBAL,PWRSPVPRTXX01,2032,0.4507
GLOBAL,PWRSPVPRTXX01,2033,0.4507
GLOBAL,PWRSPVPRTXX01,2034,0.4507
GLOBAL,PWRSPVPRTXX01,2035,0.4507
GLOBAL,PWRSPVPRTXX01,2036,0.4487
GLOBAL,PWRSPVPRTXX01,2037,0.4487
GLOBAL,PWRSPVPRTXX01,2038,0.4377
GLOBAL,PWRSPVPRTXX01,2039,0.3877
GLOBAL,PWRSPVPRTXX01,2040,0.3517
GLOBAL,PWRSPVPRTXX01,2041,0.3347
GLOBAL,PWRSPVPRTXX01,2042,0.3327
GLOBAL,PWRSPVPRTXX01,2043,0.3007
GLOBAL,PWRSPVPRTXX01,2044,0.2857
GLOBAL,PWRSPVPRTXX01,2045,0.024
GLOBAL,PWRSPVPRTXX01,2046,0.007
GLOBAL,PWRSPVPRTXX01,2047,0.0
GLOBAL,PWRSPVPRTXX01,2048,0.0
GLOBAL,PWRSPVPRTXX01,2049,0.0
GLOBAL,PWRSPVPRTXX01,2050,0.0
GLOBAL,PWRWASPRTXX01,2021,0.133
GLOBAL,PWRWASPRTXX01,2022,0.133
GLOBAL,PWRWASPRTXX01,2023,0.133
GLOBAL,PWRWASPRTXX01,2024,0.133
GLOBAL,PWRWASPRTXX01,2025,0.133
GLOBAL,PWRWASPRTXX01,2026,0.133
GLOBAL,PWRWASPRTXX01,2027,0.133
GLOBAL,PWRWASPRTXX01,2028,0.133
GLOBAL,PWRWASPRTXX01,2029,0.082
GLOBAL,PWRWASPRTXX01,2030,0.053
GLOBAL,PWRWASPRTXX01,2031,0.053
GLOBAL,PWRWASPRTXX01,2032,0.053
GLOBAL,PWRWASPRTXX01,2033,0.053
GLOBAL,PWRWASPRTXX01,2034,0.045
GLOBAL,PWRWASPRTXX01,2035,0.036
GLOBAL,PWRWASPRTXX01,2036,0.034
GLOBAL,PWRWASPRTXX01,2037,0.034
GLOBAL,PWRWASPRTXX01,2038,0.033
GLOBAL,PWRWASPRTXX01,2039,0.033
GLOBAL,PWRWASPRTXX01,2040,0.028
GLOBAL,PWRWASPRTXX01,2041,0.022
GLOBAL,PWRWASPRTXX01,2042,0.012
GLOBAL,PWRWASPRTXX01,2043,0.003
GLOBAL,PWRWASPRTXX01,2044,0.003
GLOBAL,PWRWASPRTXX01,2045,0.003
GLOBAL,PWRWASPRTXX01,2046,0.003
GLOBAL,PWRWASPRTXX01,2047,0.0
GLOBAL,PWRWASPRTXX01,2048,0.0
GLOBAL,PWRWASPRTXX01,2049,0.0
GLOBAL,PWRWASPRTXX01,2050,0.0
GLOBAL,PWRWONPRTXX01,2021,4.948
GLOBAL,PWRWONPRTXX01,2022,4.946
GLOBAL,PWRWONPRTXX01,2023,4.936
GLOBAL,PWRWONPRTXX01,2024,4.933
GLOBAL,PWRWONPRTXX01,2025,4.925
GLOBAL,PWRWONPRTXX01,2026,4.925
GLOBAL,PWRWONPRTXX01,2027,4.914
GLOBAL,PWRWONPRTXX01,2028,4.914
GLOBAL,PWRWONPRTXX01,2029,4.878
GLOBAL,PWRWONPRTXX01,2030,4.866
GLOBAL,PWRWONPRTXX01,2031,4.825
GLOBAL,PWRWONPRTXX01,2032,4.752
GLOBAL,PWRWONPRTXX01,2033,4.657
GLOBAL,PWRWONPRTXX01,2034,4.568
GLOBAL,PWRWONPRTXX01,2035,4.225
GLOBAL,PWRWONPRTXX01,2036,3.688
GLOBAL,PWRWONPRTXX01,2037,2.935
GLOBAL,PWRWONPRTXX01,2038,2.605
GLOBAL,PWRWONPRTXX01,2039,1.808
GLOBAL,PWRWONPRTXX01,2040,1.313
GLOBAL,PWRWONPRTXX01,2041,0.586
GLOBAL,PWRWONPRTXX01,2042,0.352
GLOBAL,PWRWONPRTXX01,2043,0.257
GLOBAL,PWRWONPRTXX01,2044,0.133
GLOBAL,PWRWONPRTXX01,2045,0.0
GLOBAL,PWRWONPRTXX01,2046,0.0
GLOBAL,PWRWONPRTXX01,2047,0.0
GLOBAL,PWRWONPRTXX01,2048,0.0
GLOBAL,PWRWONPRTXX01,2049,0.0
GLOBAL,PWRWONPRTXX01,2050,0.0
GLOBAL,PWRBIOPRYXX01,2021,0.04
GLOBAL,PWRBIOPRYXX01,2022,0.04
GLOBAL,PWRBIOPRYXX01,2023,0.04
GLOBAL,PWRBIOPRYXX01,2024,0.04
GLOBAL,PWRBIOPRYXX01,2025,0.04
GLOBAL,PWRBIOPRYXX01,2026,0.04
GLOBAL,PWRBIOPRYXX01,2027,0.04
GLOBAL,PWRBIOPRYXX01,2028,0.04
GLOBAL,PWRBIOPRYXX01,2029,0.04
GLOBAL,PWRBIOPRYXX01,2030,0.04
GLOBAL,PWRBIOPRYXX01,2031,0.04
GLOBAL,PWRBIOPRYXX01,2032,0.0
GLOBAL,PWRBIOPRYXX01,2033,0.0
GLOBAL,PWRBIOPRYXX01,2034,0.0
GLOBAL,PWRBIOPRYXX01,2035,0.0
GLOBAL,PWRBIOPRYXX01,2036,0.0
GLOBAL,PWRBIOPRYXX01,2037,0.0
GLOBAL,PWRBIOPRYXX01,2038,0.0
GLOBAL,PWRBIOPRYXX01,2039,0.0
GLOBAL,PWRBIOPRYXX01,2040,0.0
GLOBAL,PWRBIOPRYXX01,2041,0.0
GLOBAL,PWRBIOPRYXX01,2042,0.0
GLOBAL,PWRBIOPRYXX01,2043,0.0
GLOBAL,PWRBIOPRYXX01,2044,0.0
GLOBAL,PWRBIOPRYXX01,2045,0.0
GLOBAL,PWRBIOPRYXX01,2046,0.0
GLOBAL,PWRBIOPRYXX01,2047,0.0
GLOBAL,PWRBIOPRYXX01,2048,0.0
GLOBAL,PWRBIOPRYXX01,2049,0.0
GLOBAL,PWRBIOPRYXX01,2050,0.0
GLOBAL,PWRHYDPRYXX01,2021,8.814
GLOBAL,PWRHYDPRYXX01,2022,8.814
GLOBAL,PWRHYDPRYXX01,2023,8.814
GLOBAL,PWRHYDPRYXX01,2024,8.814
GLOBAL,PWRHYDPRYXX01,2025,8.814
GLOBAL,PWRHYDPRYXX01,2026,8.814
GLOBAL,PWRHYDPRYXX01,2027,8.814
GLOBAL,PWRHYDPRYXX01,2028,8.814
GLOBAL,PWRHYDPRYXX01,2029,8.814
GLOBAL,PWRHYDPRYXX01,2030,8.814
GLOBAL,PWRHYDPRYXX01,2031,8.814
GLOBAL,PWRHYDPRYXX01,2032,8.814
GLOBAL,PWRHYDPRYXX01,2033,8.814
GLOBAL,PWRHYDPRYXX01,2034,8.814
GLOBAL,PWRHYDPRYXX01,2035,8.814
GLOBAL,PWRHYDPRYXX01,2036,8.814
GLOBAL,PWRHYDPRYXX01,2037,8.814
GLOBAL,PWRHYDPRYXX01,2038,8.814
GLOBAL,PWRHYDPRYXX01,2039,8.814
GLOBAL,PWRHYDPRYXX01,2040,8.814
GLOBAL,PWRHYDPRYXX01,2041,8.814
GLOBAL,PWRHYDPRYXX01,2042,8.814
GLOBAL,PWRHYDPRYXX01,2043,8.814
GLOBAL,PWRHYDPRYXX01,2044,8.814
GLOBAL,PWRHYDPRYXX01,2045,8.814
GLOBAL,PWRHYDPRYXX01,2046,8.814
GLOBAL,PWRHYDPRYXX01,2047,8.814
GLOBAL,PWRHYDPRYXX01,2048,8.814
GLOBAL,PWRHYDPRYXX01,2049,8.814
GLOBAL,PWRHYDPRYXX01,2050,8.814
GLOBAL,PWRBIOQATXX01,2021,0.04
GLOBAL,PWRBIOQATXX01,2022,0.04
GLOBAL,PWRBIOQATXX01,2023,0.04
GLOBAL,PWRBIOQATXX01,2024,0.04
GLOBAL,PWRBIOQATXX01,2025,0.04
GLOBAL,PWRBIOQATXX01,2026,0.04
GLOBAL,PWRBIOQATXX01,2027,0.04
GLOBAL,PWRBIOQATXX01,2028,0.04
GLOBAL,PWRBIOQATXX01,2029,0.04
GLOBAL,PWRBIOQATXX01,2030,0.04
GLOBAL,PWRBIOQATXX01,2031,0.04
GLOBAL,PWRBIOQATXX01,2032,0.0
GLOBAL,PWRBIOQATXX01,2033,0.0
GLOBAL,PWRBIOQATXX01,2034,0.0
GLOBAL,PWRBIOQATXX01,2035,0.0
GLOBAL,PWRBIOQATXX01,2036,0.0
GLOBAL,PWRBIOQATXX01,2037,0.0
GLOBAL,PWRBIOQATXX01,2038,0.0
GLOBAL,PWRBIOQATXX01,2039,0.0
GLOBAL,PWRBIOQATXX01,2040,0.0
GLOBAL,PWRBIOQATXX01,2041,0.0
GLOBAL,PWRBIOQATXX01,2042,0.0
GLOBAL,PWRBIOQATXX01,2043,0.0
GLOBAL,PWRBIOQATXX01,2044,0.0
GLOBAL,PWRBIOQATXX01,2045,0.0
GLOBAL,PWRBIOQATXX01,2046,0.0
GLOBAL,PWRBIOQATXX01,2047,0.0
GLOBAL,PWRBIOQATXX01,2048,0.0
GLOBAL,PWRBIOQATXX01,2049,0.0
GLOBAL,PWRBIOQATXX01,2050,0.0
GLOBAL,PWRCCGQATXX00,2021,10.489
GLOBAL,PWRCCGQATXX00,2022,10.489
GLOBAL,PWRCCGQATXX00,2023,10.489
GLOBAL,PWRCCGQATXX00,2024,10.489
GLOBAL,PWRCCGQATXX00,2025,0.0
GLOBAL,PWRCCGQATXX00,2026,0.0
GLOBAL,PWRCCGQATXX00,2027,0.0
GLOBAL,PWRCCGQATXX00,2028,0.0
GLOBAL,PWRCCGQATXX00,2029,0.0
GLOBAL,PWRCCGQATXX00,2030,0.0
GLOBAL,PWRCCGQATXX00,2031,0.0
GLOBAL,PWRCCGQATXX00,2032,0.0
GLOBAL,PWRCCGQATXX00,2033,0.0
GLOBAL,PWRCCGQATXX00,2034,0.0
GLOBAL,PWRCCGQATXX00,2035,0.0
GLOBAL,PWRCCGQATXX00,2036,0.0
GLOBAL,PWRCCGQATXX00,2037,0.0
GLOBAL,PWRCCGQATXX00,2038,0.0
GLOBAL,PWRCCGQATXX00,2039,0.0
GLOBAL,PWRCCGQATXX00,2040,0.0
GLOBAL,PWRCCGQATXX00,2041,0.0
GLOBAL,PWRCCGQATXX00,2042,0.0
GLOBAL,PWRCCGQATXX00,2043,0.0
GLOBAL,PWRCCGQATXX00,2044,0.0
GLOBAL,PWRCCGQATXX00,2045,0.0
GLOBAL,PWRCCGQATXX00,2046,0.0
GLOBAL,PWRCCGQATXX00,2047,0.0
GLOBAL,PWRCCGQATXX00,2048,0.0
GLOBAL,PWRCCGQATXX00,2049,0.0
GLOBAL,PWRCCGQATXX00,2050,0.0
GLOBAL,PWROCGQATXX00,2021,0.067
GLOBAL,PWROCGQATXX00,2022,0.067
GLOBAL,PWROCGQATXX00,2023,0.067
GLOBAL,PWROCGQATXX00,2024,0.067
GLOBAL,PWROCGQATXX00,2025,0.0
GLOBAL,PWROCGQATXX00,2026,0.0
GLOBAL,PWROCGQATXX00,2027,0.0
GLOBAL,PWROCGQATXX00,2028,0.0
GLOBAL,PWROCGQATXX00,2029,0.0
GLOBAL,PWROCGQATXX00,2030,0.0
GLOBAL,PWROCGQATXX00,2031,0.0
GLOBAL,PWROCGQATXX00,2032,0.0
GLOBAL,PWROCGQATXX00,2033,0.0
GLOBAL,PWROCGQATXX00,2034,0.0
GLOBAL,PWROCGQATXX00,2035,0.0
GLOBAL,PWROCGQATXX00,2036,0.0
GLOBAL,PWROCGQATXX00,2037,0.0
GLOBAL,PWROCGQATXX00,2038,0.0
GLOBAL,PWROCGQATXX00,2039,0.0
GLOBAL,PWROCGQATXX00,2040,0.0
GLOBAL,PWROCGQATXX00,2041,0.0
GLOBAL,PWROCGQATXX00,2042,0.0
GLOBAL,PWROCGQATXX00,2043,0.0
GLOBAL,PWROCGQATXX00,2044,0.0
GLOBAL,PWROCGQATXX00,2045,0.0
GLOBAL,PWROCGQATXX00,2046,0.0
GLOBAL,PWROCGQATXX00,2047,0.0
GLOBAL,PWROCGQATXX00,2048,0.0
GLOBAL,PWROCGQATXX00,2049,0.0
GLOBAL,PWROCGQATXX00,2050,0.0
GLOBAL,PWRBIOROUXX01,2021,0.12
GLOBAL,PWRBIOROUXX01,2022,0.12
GLOBAL,PWRBIOROUXX01,2023,0.12
GLOBAL,PWRBIOROUXX01,2024,0.12
GLOBAL,PWRBIOROUXX01,2025,0.12
GLOBAL,PWRBIOROUXX01,2026,0.12
GLOBAL,PWRBIOROUXX01,2027,0.12
GLOBAL,PWRBIOROUXX01,2028,0.12
GLOBAL,PWRBIOROUXX01,2029,0.12
GLOBAL,PWRBIOROUXX01,2030,0.12
GLOBAL,PWRBIOROUXX01,2031,0.12
GLOBAL,PWRBIOROUXX01,2032,0.0
GLOBAL,PWRBIOROUXX01,2033,0.0
GLOBAL,PWRBIOROUXX01,2034,0.0
GLOBAL,PWRBIOROUXX01,2035,0.0
GLOBAL,PWRBIOROUXX01,2036,0.0
GLOBAL,PWRBIOROUXX01,2037,0.0
GLOBAL,PWRBIOROUXX01,2038,0.0
GLOBAL,PWRBIOROUXX01,2039,0.0
GLOBAL,PWRBIOROUXX01,2040,0.0
GLOBAL,PWRBIOROUXX01,2041,0.0
GLOBAL,PWRBIOROUXX01,2042,0.0
GLOBAL,PWRBIOROUXX01,2043,0.0
GLOBAL,PWRBIOROUXX01,2044,0.0
GLOBAL,PWRBIOROUXX01,2045,0.0
GLOBAL,PWRBIOROUXX01,2046,0.0
GLOBAL,PWRBIOROUXX01,2047,0.0
GLOBAL,PWRBIOROUXX01,2048,0.0
GLOBAL,PWRBIOROUXX01,2049,0.0
GLOBAL,PWRBIOROUXX01,2050,0.0
GLOBAL,PWRCCGROUXX00,2021,4.864
GLOBAL,PWRCCGROUXX00,2022,4.864
GLOBAL,PWRCCGROUXX00,2023,4.864
GLOBAL,PWRCCGROUXX00,2024,4.864
GLOBAL,PWRCCGROUXX00,2025,1.081
GLOBAL,PWRCCGROUXX00,2026,1.081
GLOBAL,PWRCCGROUXX00,2027,1.081
GLOBAL,PWRCCGROUXX00,2028,1.081
GLOBAL,PWRCCGROUXX00,2029,1.081
GLOBAL,PWRCCGROUXX00,2030,1.081
GLOBAL,PWRCCGROUXX00,2031,1.081
GLOBAL,PWRCCGROUXX00,2032,1.081
GLOBAL,PWRCCGROUXX00,2033,1.081
GLOBAL,PWRCCGROUXX00,2034,1.081
GLOBAL,PWRCCGROUXX00,2035,1.081
GLOBAL,PWRCCGROUXX00,2036,1.081
GLOBAL,PWRCCGROUXX00,2037,1.081
GLOBAL,PWRCCGROUXX00,2038,0.861
GLOBAL,PWRCCGROUXX00,2039,0.861
GLOBAL,PWRCCGROUXX00,2040,0.861
GLOBAL,PWRCCGROUXX00,2041,0.861
GLOBAL,PWRCCGROUXX00,2042,0.861
GLOBAL,PWRCCGROUXX00,2043,0.0
GLOBAL,PWRCCGROUXX00,2044,0.0
GLOBAL,PWRCCGROUXX00,2045,0.0
GLOBAL,PWRCCGROUXX00,2046,0.0
GLOBAL,PWRCCGROUXX00,2047,0.0
GLOBAL,PWRCCGROUXX00,2048,0.0
GLOBAL,PWRCCGROUXX00,2049,0.0
GLOBAL,PWRCCGROUXX00,2050,0.0
GLOBAL,PWRCOAROUXX01,2021,5.874
GLOBAL,PWRCOAROUXX01,2022,5.874
GLOBAL,PWRCOAROUXX01,2023,5.874
GLOBAL,PWRCOAROUXX01,2024,5.874
GLOBAL,PWRCOAROUXX01,2025,5.874
GLOBAL,PWRCOAROUXX01,2026,5.874
GLOBAL,PWRCOAROUXX01,2027,5.874
GLOBAL,PWRCOAROUXX01,2028,5.148
GLOBAL,PWRCOAROUXX01,2029,3.922
GLOBAL,PWRCOAROUXX01,2030,3.922
GLOBAL,PWRCOAROUXX01,2031,3.922
GLOBAL,PWRCOAROUXX01,2032,3.922
GLOBAL,PWRCOAROUXX01,2033,3.922
GLOBAL,PWRCOAROUXX01,2034,0.0
GLOBAL,PWRCOAROUXX01,2035,0.0
GLOBAL,PWRCOAROUXX01,2036,0.0
GLOBAL,PWRCOAROUXX01,2037,0.0
GLOBAL,PWRCOAROUXX01,2038,0.0
GLOBAL,PWRCOAROUXX01,2039,0.0
GLOBAL,PWRCOAROUXX01,2040,0.0
GLOBAL,PWRCOAROUXX01,2041,0.0
GLOBAL,PWRCOAROUXX01,2042,0.0
GLOBAL,PWRCOAROUXX01,2043,0.0
GLOBAL,PWRCOAROUXX01,2044,0.0
GLOBAL,PWRCOAROUXX01,2045,0.0
GLOBAL,PWRCOAROUXX01,2046,0.0
GLOBAL,PWRCOAROUXX01,2047,0.0
GLOBAL,PWRCOAROUXX01,2048,0.0
GLOBAL,PWRCOAROUXX01,2049,0.0
GLOBAL,PWRCOAROUXX01,2050,0.0
GLOBAL,PWRHYDROUXX01,2021,6.732
GLOBAL,PWRHYDROUXX01,2022,6.732
GLOBAL,PWRHYDROUXX01,2023,6.732
GLOBAL,PWRHYDROUXX01,2024,6.732
GLOBAL,PWRHYDROUXX01,2025,6.732
GLOBAL,PWRHYDROUXX01,2026,6.732
GLOBAL,PWRHYDROUXX01,2027,6.732
GLOBAL,PWRHYDROUXX01,2028,6.732
GLOBAL,PWRHYDROUXX01,2029,6.732
GLOBAL,PWRHYDROUXX01,2030,6.732
GLOBAL,PWRHYDROUXX01,2031,6.732
GLOBAL,PWRHYDROUXX01,2032,6.732
GLOBAL,PWRHYDROUXX01,2033,6.732
GLOBAL,PWRHYDROUXX01,2034,6.732
GLOBAL,PWRHYDROUXX01,2035,6.732
GLOBAL,PWRHYDROUXX01,2036,6.732
GLOBAL,PWRHYDROUXX01,2037,6.732
GLOBAL,PWRHYDROUXX01,2038,6.732
GLOBAL,PWRHYDROUXX01,2039,6.732
GLOBAL,PWRHYDROUXX01,2040,6.732
GLOBAL,PWRHYDROUXX01,2041,6.732
GLOBAL,PWRHYDROUXX01,2042,6.732
GLOBAL,PWRHYDROUXX01,2043,6.732
GLOBAL,PWRHYDROUXX01,2044,6.732
GLOBAL,PWRHYDROUXX01,2045,6.732
GLOBAL,PWRHYDROUXX01,2046,6.732
GLOBAL,PWRHYDROUXX01,2047,6.732
GLOBAL,PWRHYDROUXX01,2048,6.732
GLOBAL,PWRHYDROUXX01,2049,6.732
GLOBAL,PWRHYDROUXX01,2050,6.732
GLOBAL,PWRSPVROUXX01,2021,1.3
GLOBAL,PWRSPVROUXX01,2022,1.3
GLOBAL,PWRSPVROUXX01,2023,1.3
GLOBAL,PWRSPVROUXX01,2024,1.3
GLOBAL,PWRSPVROUXX01,2025,1.3
GLOBAL,PWRSPVROUXX01,2026,1.3
GLOBAL,PWRSPVROUXX01,2027,1.3
GLOBAL,PWRSPVROUXX01,2028,1.3
GLOBAL,PWRSPVROUXX01,2029,1.3
GLOBAL,PWRSPVROUXX01,2030,1.3
GLOBAL,PWRSPVROUXX01,2031,1.3
GLOBAL,PWRSPVROUXX01,2032,1.3
GLOBAL,PWRSPVROUXX01,2033,1.3
GLOBAL,PWRSPVROUXX01,2034,1.3
GLOBAL,PWRSPVROUXX01,2035,1.3
GLOBAL,PWRSPVROUXX01,2036,1.3
GLOBAL,PWRSPVROUXX01,2037,1.3
GLOBAL,PWRSPVROUXX01,2038,1.3
GLOBAL,PWRSPVROUXX01,2039,1.3
GLOBAL,PWRSPVROUXX01,2040,1.3
GLOBAL,PWRSPVROUXX01,2041,1.3
GLOBAL,PWRSPVROUXX01,2042,1.3
GLOBAL,PWRSPVROUXX01,2043,1.3
GLOBAL,PWRSPVROUXX01,2044,1.3
GLOBAL,PWRSPVROUXX01,2045,0.0
GLOBAL,PWRSPVROUXX01,2046,0.0
GLOBAL,PWRSPVROUXX01,2047,0.0
GLOBAL,PWRSPVROUXX01,2048,0.0
GLOBAL,PWRSPVROUXX01,2049,0.0
GLOBAL,PWRSPVROUXX01,2050,0.0
GLOBAL,PWRURNROUXX01,2021,1.299
GLOBAL,PWRURNROUXX01,2022,1.299
GLOBAL,PWRURNROUXX01,2023,1.299
GLOBAL,PWRURNROUXX01,2024,1.299
GLOBAL,PWRURNROUXX01,2025,1.299
GLOBAL,PWRURNROUXX01,2026,1.299
GLOBAL,PWRURNROUXX01,2027,1.299
GLOBAL,PWRURNROUXX01,2028,1.299
GLOBAL,PWRURNROUXX01,2029,1.299
GLOBAL,PWRURNROUXX01,2030,1.299
GLOBAL,PWRURNROUXX01,2031,1.299
GLOBAL,PWRURNROUXX01,2032,1.299
GLOBAL,PWRURNROUXX01,2033,1.299
GLOBAL,PWRURNROUXX01,2034,1.299
GLOBAL,PWRURNROUXX01,2035,1.299
GLOBAL,PWRURNROUXX01,2036,1.299
GLOBAL,PWRURNROUXX01,2037,1.299
GLOBAL,PWRURNROUXX01,2038,1.299
GLOBAL,PWRURNROUXX01,2039,1.299
GLOBAL,PWRURNROUXX01,2040,1.299
GLOBAL,PWRURNROUXX01,2041,1.299
GLOBAL,PWRURNROUXX01,2042,1.299
GLOBAL,PWRURNROUXX01,2043,1.299
GLOBAL,PWRURNROUXX01,2044,1.299
GLOBAL,PWRURNROUXX01,2045,0.0
GLOBAL,PWRURNROUXX01,2046,0.0
GLOBAL,PWRURNROUXX01,2047,0.0
GLOBAL,PWRURNROUXX01,2048,0.0
GLOBAL,PWRURNROUXX01,2049,0.0
GLOBAL,PWRURNROUXX01,2050,0.0
GLOBAL,PWRWONROUXX01,2021,2.98
GLOBAL,PWRWONROUXX01,2022,2.98
GLOBAL,PWRWONROUXX01,2023,2.98
GLOBAL,PWRWONROUXX01,2024,2.98
GLOBAL,PWRWONROUXX01,2025,2.98
GLOBAL,PWRWONROUXX01,2026,2.98
GLOBAL,PWRWONROUXX01,2027,2.98
GLOBAL,PWRWONROUXX01,2028,2.98
GLOBAL,PWRWONROUXX01,2029,2.98
GLOBAL,PWRWONROUXX01,2030,2.98
GLOBAL,PWRWONROUXX01,2031,2.98
GLOBAL,PWRWONROUXX01,2032,2.98
GLOBAL,PWRWONROUXX01,2033,2.98
GLOBAL,PWRWONROUXX01,2034,2.98
GLOBAL,PWRWONROUXX01,2035,2.98
GLOBAL,PWRWONROUXX01,2036,2.98
GLOBAL,PWRWONROUXX01,2037,2.98
GLOBAL,PWRWONROUXX01,2038,2.98
GLOBAL,PWRWONROUXX01,2039,2.98
GLOBAL,PWRWONROUXX01,2040,0.14
GLOBAL,PWRWONROUXX01,2041,0.14
GLOBAL,PWRWONROUXX01,2042,0.0
GLOBAL,PWRWONROUXX01,2043,0.0
GLOBAL,PWRWONROUXX01,2044,0.0
GLOBAL,PWRWONROUXX01,2045,0.0
GLOBAL,PWRWONROUXX01,2046,0.0
GLOBAL,PWRWONROUXX01,2047,0.0
GLOBAL,PWRWONROUXX01,2048,0.0
GLOBAL,PWRWONROUXX01,2049,0.0
GLOBAL,PWRWONROUXX01,2050,0.0
GLOBAL,PWRCCGRUSCE00,2021,32.0732
GLOBAL,PWRCCGRUSCE00,2022,32.0732
GLOBAL,PWRCCGRUSCE00,2023,32.0732
GLOBAL,PWRCCGRUSCE00,2024,32.0732
GLOBAL,PWRCCGRUSCE00,2025,23.085
GLOBAL,PWRCCGRUSCE00,2026,23.085
GLOBAL,PWRCCGRUSCE00,2027,23.085
GLOBAL,PWRCCGRUSCE00,2028,23.085
GLOBAL,PWRCCGRUSCE00,2029,3.016
GLOBAL,PWRCCGRUSCE00,2030,3.016
GLOBAL,PWRCCGRUSCE00,2031,3.016
GLOBAL,PWRCCGRUSCE00,2032,3.016
GLOBAL,PWRCCGRUSCE00,2033,3.016
GLOBAL,PWRCCGRUSCE00,2034,2.5
GLOBAL,PWRCCGRUSCE00,2035,2.5
GLOBAL,PWRCCGRUSCE00,2036,2.282
GLOBAL,PWRCCGRUSCE00,2037,2.046
GLOBAL,PWRCCGRUSCE00,2038,2.046
GLOBAL,PWRCCGRUSCE00,2039,1.721
GLOBAL,PWRCCGRUSCE00,2040,1.721
GLOBAL,PWRCCGRUSCE00,2041,1.721
GLOBAL,PWRCCGRUSCE00,2042,1.585
GLOBAL,PWRCCGRUSCE00,2043,1.585
GLOBAL,PWRCCGRUSCE00,2044,1.35
GLOBAL,PWRCCGRUSCE00,2045,0.9
GLOBAL,PWRCCGRUSCE00,2046,0.9
GLOBAL,PWRCCGRUSCE00,2047,0.9
GLOBAL,PWRCCGRUSCE00,2048,0.9
GLOBAL,PWRCCGRUSCE00,2049,0.0
GLOBAL,PWRCCGRUSCE00,2050,0.0
GLOBAL,PWRCOARUSCE01,2021,4.384
GLOBAL,PWRCOARUSCE01,2022,4.384
GLOBAL,PWRCOARUSCE01,2023,4.384
GLOBAL,PWRCOARUSCE01,2024,4.384
GLOBAL,PWRCOARUSCE01,2025,4.384
GLOBAL,PWRCOARUSCE01,2026,4.384
GLOBAL,PWRCOARUSCE01,2027,4.384
GLOBAL,PWRCOARUSCE01,2028,4.193
GLOBAL,PWRCOARUSCE01,2029,0.0
GLOBAL,PWRCOARUSCE01,2030,0.0
GLOBAL,PWRCOARUSCE01,2031,0.0
GLOBAL,PWRCOARUSCE01,2032,0.0
GLOBAL,PWRCOARUSCE01,2033,0.0
GLOBAL,PWRCOARUSCE01,2034,0.0
GLOBAL,PWRCOARUSCE01,2035,0.0
GLOBAL,PWRCOARUSCE01,2036,0.0
GLOBAL,PWRCOARUSCE01,2037,0.0
GLOBAL,PWRCOARUSCE01,2038,0.0
GLOBAL,PWRCOARUSCE01,2039,0.0
GLOBAL,PWRCOARUSCE01,2040,0.0
GLOBAL,PWRCOARUSCE01,2041,0.0
GLOBAL,PWRCOARUSCE01,2042,0.0
GLOBAL,PWRCOARUSCE01,2043,0.0
GLOBAL,PWRCOARUSCE01,2044,0.0
GLOBAL,PWRCOARUSCE01,2045,0.0
GLOBAL,PWRCOARUSCE01,2046,0.0
GLOBAL,PWRCOARUSCE01,2047,0.0
GLOBAL,PWRCOARUSCE01,2048,0.0
GLOBAL,PWRCOARUSCE01,2049,0.0
GLOBAL,PWRCOARUSCE01,2050,0.0
GLOBAL,PWRHYDRUSCE01,2021,5.3698
GLOBAL,PWRHYDRUSCE01,2022,5.3698
GLOBAL,PWRHYDRUSCE01,2023,5.3698
GLOBAL,PWRHYDRUSCE01,2024,5.3698
GLOBAL,PWRHYDRUSCE01,2025,5.3698
GLOBAL,PWRHYDRUSCE01,2026,5.3698
GLOBAL,PWRHYDRUSCE01,2027,5.3698
GLOBAL,PWRHYDRUSCE01,2028,5.3698
GLOBAL,PWRHYDRUSCE01,2029,5.3698
GLOBAL,PWRHYDRUSCE01,2030,5.3698
GLOBAL,PWRHYDRUSCE01,2031,5.3698
GLOBAL,PWRHYDRUSCE01,2032,5.3698
GLOBAL,PWRHYDRUSCE01,2033,5.3698
GLOBAL,PWRHYDRUSCE01,2034,5.3698
GLOBAL,PWRHYDRUSCE01,2035,5.3698
GLOBAL,PWRHYDRUSCE01,2036,4.8838
GLOBAL,PWRHYDRUSCE01,2037,4.8838
GLOBAL,PWRHYDRUSCE01,2038,4.8838
GLOBAL,PWRHYDRUSCE01,2039,4.8838
GLOBAL,PWRHYDRUSCE01,2040,4.8838
GLOBAL,PWRHYDRUSCE01,2041,4.8838
GLOBAL,PWRHYDRUSCE01,2042,4.8838
GLOBAL,PWRHYDRUSCE01,2043,4.8838
GLOBAL,PWRHYDRUSCE01,2044,4.8838
GLOBAL,PWRHYDRUSCE01,2045,4.8838
GLOBAL,PWRHYDRUSCE01,2046,4.8838
GLOBAL,PWRHYDRUSCE01,2047,4.8838
GLOBAL,PWRHYDRUSCE01,2048,4.8838
GLOBAL,PWRHYDRUSCE01,2049,4.3638
GLOBAL,PWRHYDRUSCE01,2050,4.3638
GLOBAL,PWROCGRUSCE00,2021,2.528
GLOBAL,PWROCGRUSCE00,2022,2.528
GLOBAL,PWROCGRUSCE00,2023,2.528
GLOBAL,PWROCGRUSCE00,2024,2.528
GLOBAL,PWROCGRUSCE00,2025,0.984
GLOBAL,PWROCGRUSCE00,2026,0.984
GLOBAL,PWROCGRUSCE00,2027,0.984
GLOBAL,PWROCGRUSCE00,2028,0.984
GLOBAL,PWROCGRUSCE00,2029,0.198
GLOBAL,PWROCGRUSCE00,2030,0.198
GLOBAL,PWROCGRUSCE00,2031,0.198
GLOBAL,PWROCGRUSCE00,2032,0.198
GLOBAL,PWROCGRUSCE00,2033,0.198
GLOBAL,PWROCGRUSCE00,2034,0.198
GLOBAL,PWROCGRUSCE00,2035,0.198
GLOBAL,PWROCGRUSCE00,2036,0.138
GLOBAL,PWROCGRUSCE00,2037,0.138
GLOBAL,PWROCGRUSCE00,2038,0.138
GLOBAL,PWROCGRUSCE00,2039,0.138
GLOBAL,PWROCGRUSCE00,2040,0.138
GLOBAL,PWROCGRUSCE00,2041,0.117
GLOBAL,PWROCGRUSCE00,2042,0.0
GLOBAL,PWROCGRUSCE00,2043,0.0
GLOBAL,PWROCGRUSCE00,2044,0.0
GLOBAL,PWROCGRUSCE00,2045,0.0
GLOBAL,PWROCGRUSCE00,2046,0.0
GLOBAL,PWROCGRUSCE00,2047,0.0
GLOBAL,PWROCGRUSCE00,2048,0.0
GLOBAL,PWROCGRUSCE00,2049,0.0
GLOBAL,PWROCGRUSCE00,2050,0.0
GLOBAL,PWROILRUSCE01,2021,1.9039
GLOBAL,PWROILRUSCE01,2022,1.9039
GLOBAL,PWROILRUSCE01,2023,1.9039
GLOBAL,PWROILRUSCE01,2024,1.9039
GLOBAL,PWROILRUSCE01,2025,1.9039
GLOBAL,PWROILRUSCE01,2026,1.9039
GLOBAL,PWROILRUSCE01,2027,0.012
GLOBAL,PWROILRUSCE01,2028,0.012
GLOBAL,PWROILRUSCE01,2029,0.0
GLOBAL,PWROILRUSCE01,2030,0.0
GLOBAL,PWROILRUSCE01,2031,0.0
GLOBAL,PWROILRUSCE01,2032,0.0
GLOBAL,PWROILRUSCE01,2033,0.0
GLOBAL,PWROILRUSCE01,2034,0.0
GLOBAL,PWROILRUSCE01,2035,0.0
GLOBAL,PWROILRUSCE01,2036,0.0
GLOBAL,PWROILRUSCE01,2037,0.0
GLOBAL,PWROILRUSCE01,2038,0.0
GLOBAL,PWROILRUSCE01,2039,0.0
GLOBAL,PWROILRUSCE01,2040,0.0
GLOBAL,PWROILRUSCE01,2041,0.0
GLOBAL,PWROILRUSCE01,2042,0.0
GLOBAL,PWROILRUSCE01,2043,0.0
GLOBAL,PWROILRUSCE01,2044,0.0
GLOBAL,PWROILRUSCE01,2045,0.0
GLOBAL,PWROILRUSCE01,2046,0.0
GLOBAL,PWROILRUSCE01,2047,0.0
GLOBAL,PWROILRUSCE01,2048,0.0
GLOBAL,PWROILRUSCE01,2049,0.0
GLOBAL,PWROILRUSCE01,2050,0.0
GLOBAL,PWROTHRUSCE01,2021,0.018
GLOBAL,PWROTHRUSCE01,2022,0.018
GLOBAL,PWROTHRUSCE01,2023,0.0
GLOBAL,PWROTHRUSCE01,2024,0.0
GLOBAL,PWROTHRUSCE01,2025,0.0
GLOBAL,PWROTHRUSCE01,2026,0.0
GLOBAL,PWROTHRUSCE01,2027,0.0
GLOBAL,PWROTHRUSCE01,2028,0.0
GLOBAL,PWROTHRUSCE01,2029,0.0
GLOBAL,PWROTHRUSCE01,2030,0.0
GLOBAL,PWROTHRUSCE01,2031,0.0
GLOBAL,PWROTHRUSCE01,2032,0.0
GLOBAL,PWROTHRUSCE01,2033,0.0
GLOBAL,PWROTHRUSCE01,2034,0.0
GLOBAL,PWROTHRUSCE01,2035,0.0
GLOBAL,PWROTHRUSCE01,2036,0.0
GLOBAL,PWROTHRUSCE01,2037,0.0
GLOBAL,PWROTHRUSCE01,2038,0.0
GLOBAL,PWROTHRUSCE01,2039,0.0
GLOBAL,PWROTHRUSCE01,2040,0.0
GLOBAL,PWROTHRUSCE01,2041,0.0
GLOBAL,PWROTHRUSCE01,2042,0.0
GLOBAL,PWROTHRUSCE01,2043,0.0
GLOBAL,PWROTHRUSCE01,2044,0.0
GLOBAL,PWROTHRUSCE01,2045,0.0
GLOBAL,PWROTHRUSCE01,2046,0.0
GLOBAL,PWROTHRUSCE01,2047,0.0
GLOBAL,PWROTHRUSCE01,2048,0.0
GLOBAL,PWROTHRUSCE01,2049,0.0
GLOBAL,PWROTHRUSCE01,2050,0.0
GLOBAL,PWRSPVRUSCE01,2021,0.045
GLOBAL,PWRSPVRUSCE01,2022,0.045
GLOBAL,PWRSPVRUSCE01,2023,0.045
GLOBAL,PWRSPVRUSCE01,2024,0.045
GLOBAL,PWRSPVRUSCE01,2025,0.045
GLOBAL,PWRSPVRUSCE01,2026,0.045
GLOBAL,PWRSPVRUSCE01,2027,0.045
GLOBAL,PWRSPVRUSCE01,2028,0.045
GLOBAL,PWRSPVRUSCE01,2029,0.045
GLOBAL,PWRSPVRUSCE01,2030,0.045
GLOBAL,PWRSPVRUSCE01,2031,0.045
GLOBAL,PWRSPVRUSCE01,2032,0.045
GLOBAL,PWRSPVRUSCE01,2033,0.045
GLOBAL,PWRSPVRUSCE01,2034,0.045
GLOBAL,PWRSPVRUSCE01,2035,0.045
GLOBAL,PWRSPVRUSCE01,2036,0.045
GLOBAL,PWRSPVRUSCE01,2037,0.045
GLOBAL,PWRSPVRUSCE01,2038,0.045
GLOBAL,PWRSPVRUSCE01,2039,0.045
GLOBAL,PWRSPVRUSCE01,2040,0.045
GLOBAL,PWRSPVRUSCE01,2041,0.045
GLOBAL,PWRSPVRUSCE01,2042,0.045
GLOBAL,PWRSPVRUSCE01,2043,0.045
GLOBAL,PWRSPVRUSCE01,2044,0.045
GLOBAL,PWRSPVRUSCE01,2045,0.045
GLOBAL,PWRSPVRUSCE01,2046,0.015
GLOBAL,PWRSPVRUSCE01,2047,0.0
GLOBAL,PWRSPVRUSCE01,2048,0.0
GLOBAL,PWRSPVRUSCE01,2049,0.0
GLOBAL,PWRSPVRUSCE01,2050,0.0
GLOBAL,PWRURNRUSCE01,2021,12.874
GLOBAL,PWRURNRUSCE01,2022,12.874
GLOBAL,PWRURNRUSCE01,2023,12.874
GLOBAL,PWRURNRUSCE01,2024,12.874
GLOBAL,PWRURNRUSCE01,2025,12.874
GLOBAL,PWRURNRUSCE01,2026,12.874
GLOBAL,PWRURNRUSCE01,2027,12.874
GLOBAL,PWRURNRUSCE01,2028,12.874
GLOBAL,PWRURNRUSCE01,2029,12.874
GLOBAL,PWRURNRUSCE01,2030,12.874
GLOBAL,PWRURNRUSCE01,2031,12.874
GLOBAL,PWRURNRUSCE01,2032,12.874
GLOBAL,PWRURNRUSCE01,2033,12.874
GLOBAL,PWRURNRUSCE01,2034,12.874
GLOBAL,PWRURNRUSCE01,2035,12.874
GLOBAL,PWRURNRUSCE01,2036,12.874
GLOBAL,PWRURNRUSCE01,2037,12.874
GLOBAL,PWRURNRUSCE01,2038,12.874
GLOBAL,PWRURNRUSCE01,2039,12.874
GLOBAL,PWRURNRUSCE01,2040,12.874
GLOBAL,PWRURNRUSCE01,2041,12.874
GLOBAL,PWRURNRUSCE01,2042,12.874
GLOBAL,PWRURNRUSCE01,2043,12.874
GLOBAL,PWRURNRUSCE01,2044,12.874
GLOBAL,PWRURNRUSCE01,2045,0.0
GLOBAL,PWRURNRUSCE01,2046,0.0
GLOBAL,PWRURNRUSCE01,2047,0.0
GLOBAL,PWRURNRUSCE01,2048,0.0
GLOBAL,PWRURNRUSCE01,2049,0.0
GLOBAL,PWRURNRUSCE01,2050,0.0
GLOBAL,PWRWONRUSCE01,2021,0.005
GLOBAL,PWRWONRUSCE01,2022,0.005
GLOBAL,PWRWONRUSCE01,2023,0.005
GLOBAL,PWRWONRUSCE01,2024,0.005
GLOBAL,PWRWONRUSCE01,2025,0.005
GLOBAL,PWRWONRUSCE01,2026,0.005
GLOBAL,PWRWONRUSCE01,2027,0.005
GLOBAL,PWRWONRUSCE01,2028,0.005
GLOBAL,PWRWONRUSCE01,2029,0.0
GLOBAL,PWRWONRUSCE01,2030,0.0
GLOBAL,PWRWONRUSCE01,2031,0.0
GLOBAL,PWRWONRUSCE01,2032,0.0
GLOBAL,PWRWONRUSCE01,2033,0.0
GLOBAL,PWRWONRUSCE01,2034,0.0
GLOBAL,PWRWONRUSCE01,2035,0.0
GLOBAL,PWRWONRUSCE01,2036,0.0
GLOBAL,PWRWONRUSCE01,2037,0.0
GLOBAL,PWRWONRUSCE01,2038,0.0
GLOBAL,PWRWONRUSCE01,2039,0.0
GLOBAL,PWRWONRUSCE01,2040,0.0
GLOBAL,PWRWONRUSCE01,2041,0.0
GLOBAL,PWRWONRUSCE01,2042,0.0
GLOBAL,PWRWONRUSCE01,2043,0.0
GLOBAL,PWRWONRUSCE01,2044,0.0
GLOBAL,PWRWONRUSCE01,2045,0.0
GLOBAL,PWRWONRUSCE01,2046,0.0
GLOBAL,PWRWONRUSCE01,2047,0.0
GLOBAL,PWRWONRUSCE01,2048,0.0
GLOBAL,PWRWONRUSCE01,2049,0.0
GLOBAL,PWRWONRUSCE01,2050,0.0
GLOBAL,PWRCCGRUSFE00,2021,3.0767
GLOBAL,PWRCCGRUSFE00,2022,3.0767
GLOBAL,PWRCCGRUSFE00,2023,3.0767
GLOBAL,PWRCCGRUSFE00,2024,3.0767
GLOBAL,PWRCCGRUSFE00,2025,0.17
GLOBAL,PWRCCGRUSFE00,2026,0.17
GLOBAL,PWRCCGRUSFE00,2027,0.17
GLOBAL,PWRCCGRUSFE00,2028,0.17
GLOBAL,PWRCCGRUSFE00,2029,0.17
GLOBAL,PWRCCGRUSFE00,2030,0.17
GLOBAL,PWRCCGRUSFE00,2031,0.17
GLOBAL,PWRCCGRUSFE00,2032,0.17
GLOBAL,PWRCCGRUSFE00,2033,0.17
GLOBAL,PWRCCGRUSFE00,2034,0.17
GLOBAL,PWRCCGRUSFE00,2035,0.17
GLOBAL,PWRCCGRUSFE00,2036,0.17
GLOBAL,PWRCCGRUSFE00,2037,0.17
GLOBAL,PWRCCGRUSFE00,2038,0.17
GLOBAL,PWRCCGRUSFE00,2039,0.17
GLOBAL,PWRCCGRUSFE00,2040,0.17
GLOBAL,PWRCCGRUSFE00,2041,0.17
GLOBAL,PWRCCGRUSFE00,2042,0.17
GLOBAL,PWRCCGRUSFE00,2043,0.17
GLOBAL,PWRCCGRUSFE00,2044,0.17
GLOBAL,PWRCCGRUSFE00,2045,0.0
GLOBAL,PWRCCGRUSFE00,2046,0.0
GLOBAL,PWRCCGRUSFE00,2047,0.0
GLOBAL,PWRCCGRUSFE00,2048,0.0
GLOBAL,PWRCCGRUSFE00,2049,0.0
GLOBAL,PWRCCGRUSFE00,2050,0.0
GLOBAL,PWRCOARUSFE01,2021,5.245
GLOBAL,PWRCOARUSFE01,2022,5.245
GLOBAL,PWRCOARUSFE01,2023,5.245
GLOBAL,PWRCOARUSFE01,2024,5.245
GLOBAL,PWRCOARUSFE01,2025,5.245
GLOBAL,PWRCOARUSFE01,2026,5.245
GLOBAL,PWRCOARUSFE01,2027,5.245
GLOBAL,PWRCOARUSFE01,2028,1.765
GLOBAL,PWRCOARUSFE01,2029,0.0
GLOBAL,PWRCOARUSFE01,2030,0.0
GLOBAL,PWRCOARUSFE01,2031,0.0
GLOBAL,PWRCOARUSFE01,2032,0.0
GLOBAL,PWRCOARUSFE01,2033,0.0
GLOBAL,PWRCOARUSFE01,2034,0.0
GLOBAL,PWRCOARUSFE01,2035,0.0
GLOBAL,PWRCOARUSFE01,2036,0.0
GLOBAL,PWRCOARUSFE01,2037,0.0
GLOBAL,PWRCOARUSFE01,2038,0.0
GLOBAL,PWRCOARUSFE01,2039,0.0
GLOBAL,PWRCOARUSFE01,2040,0.0
GLOBAL,PWRCOARUSFE01,2041,0.0
GLOBAL,PWRCOARUSFE01,2042,0.0
GLOBAL,PWRCOARUSFE01,2043,0.0
GLOBAL,PWRCOARUSFE01,2044,0.0
GLOBAL,PWRCOARUSFE01,2045,0.0
GLOBAL,PWRCOARUSFE01,2046,0.0
GLOBAL,PWRCOARUSFE01,2047,0.0
GLOBAL,PWRCOARUSFE01,2048,0.0
GLOBAL,PWRCOARUSFE01,2049,0.0
GLOBAL,PWRCOARUSFE01,2050,0.0
GLOBAL,PWRGEORUSFE01,2021,0.074
GLOBAL,PWRGEORUSFE01,2022,0.074
GLOBAL,PWRGEORUSFE01,2023,0.074
GLOBAL,PWRGEORUSFE01,2024,0.074
GLOBAL,PWRGEORUSFE01,2025,0.074
GLOBAL,PWRGEORUSFE01,2026,0.0
GLOBAL,PWRGEORUSFE01,2027,0.0
GLOBAL,PWRGEORUSFE01,2028,0.0
GLOBAL,PWRGEORUSFE01,2029,0.0
GLOBAL,PWRGEORUSFE01,2030,0.0
GLOBAL,PWRGEORUSFE01,2031,0.0
GLOBAL,PWRGEORUSFE01,2032,0.0
GLOBAL,PWRGEORUSFE01,2033,0.0
GLOBAL,PWRGEORUSFE01,2034,0.0
GLOBAL,PWRGEORUSFE01,2035,0.0
GLOBAL,PWRGEORUSFE01,2036,0.0
GLOBAL,PWRGEORUSFE01,2037,0.0
GLOBAL,PWRGEORUSFE01,2038,0.0
GLOBAL,PWRGEORUSFE01,2039,0.0
GLOBAL,PWRGEORUSFE01,2040,0.0
GLOBAL,PWRGEORUSFE01,2041,0.0
GLOBAL,PWRGEORUSFE01,2042,0.0
GLOBAL,PWRGEORUSFE01,2043,0.0
GLOBAL,PWRGEORUSFE01,2044,0.0
GLOBAL,PWRGEORUSFE01,2045,0.0
GLOBAL,PWRGEORUSFE01,2046,0.0
GLOBAL,PWRGEORUSFE01,2047,0.0
GLOBAL,PWRGEORUSFE01,2048,0.0
GLOBAL,PWRGEORUSFE01,2049,0.0
GLOBAL,PWRGEORUSFE01,2050,0.0
GLOBAL,PWRHYDRUSFE01,2021,5.5152
GLOBAL,PWRHYDRUSFE01,2022,5.5152
GLOBAL,PWRHYDRUSFE01,2023,5.5152
GLOBAL,PWRHYDRUSFE01,2024,5.5152
GLOBAL,PWRHYDRUSFE01,2025,5.5152
GLOBAL,PWRHYDRUSFE01,2026,5.5152
GLOBAL,PWRHYDRUSFE01,2027,5.5152
GLOBAL,PWRHYDRUSFE01,2028,5.5152
GLOBAL,PWRHYDRUSFE01,2029,5.5152
GLOBAL,PWRHYDRUSFE01,2030,5.5152
GLOBAL,PWRHYDRUSFE01,2031,5.5152
GLOBAL,PWRHYDRUSFE01,2032,5.5152
GLOBAL,PWRHYDRUSFE01,2033,5.5152
GLOBAL,PWRHYDRUSFE01,2034,5.5152
GLOBAL,PWRHYDRUSFE01,2035,5.5152
GLOBAL,PWRHYDRUSFE01,2036,5.5152
GLOBAL,PWRHYDRUSFE01,2037,5.5152
GLOBAL,PWRHYDRUSFE01,2038,5.5152
GLOBAL,PWRHYDRUSFE01,2039,5.5152
GLOBAL,PWRHYDRUSFE01,2040,5.5152
GLOBAL,PWRHYDRUSFE01,2041,5.5152
GLOBAL,PWRHYDRUSFE01,2042,5.5152
GLOBAL,PWRHYDRUSFE01,2043,5.5152
GLOBAL,PWRHYDRUSFE01,2044,5.5152
GLOBAL,PWRHYDRUSFE01,2045,5.5152
GLOBAL,PWRHYDRUSFE01,2046,5.5152
GLOBAL,PWRHYDRUSFE01,2047,5.5152
GLOBAL,PWRHYDRUSFE01,2048,5.5152
GLOBAL,PWRHYDRUSFE01,2049,5.5152
GLOBAL,PWRHYDRUSFE01,2050,5.5152
GLOBAL,PWROCGRUSFE00,2021,0.474
GLOBAL,PWROCGRUSFE00,2022,0.474
GLOBAL,PWROCGRUSFE00,2023,0.474
GLOBAL,PWROCGRUSFE00,2024,0.474
GLOBAL,PWROCGRUSFE00,2025,0.17
GLOBAL,PWROCGRUSFE00,2026,0.17
GLOBAL,PWROCGRUSFE00,2027,0.17
GLOBAL,PWROCGRUSFE00,2028,0.17
GLOBAL,PWROCGRUSFE00,2029,0.17
GLOBAL,PWROCGRUSFE00,2030,0.122
GLOBAL,PWROCGRUSFE00,2031,0.122
GLOBAL,PWROCGRUSFE00,2032,0.122
GLOBAL,PWROCGRUSFE00,2033,0.122
GLOBAL,PWROCGRUSFE00,2034,0.05
GLOBAL,PWROCGRUSFE00,2035,0.05
GLOBAL,PWROCGRUSFE00,2036,0.05
GLOBAL,PWROCGRUSFE00,2037,0.05
GLOBAL,PWROCGRUSFE00,2038,0.05
GLOBAL,PWROCGRUSFE00,2039,0.05
GLOBAL,PWROCGRUSFE00,2040,0.05
GLOBAL,PWROCGRUSFE00,2041,0.05
GLOBAL,PWROCGRUSFE00,2042,0.05
GLOBAL,PWROCGRUSFE00,2043,0.05
GLOBAL,PWROCGRUSFE00,2044,0.05
GLOBAL,PWROCGRUSFE00,2045,0.0
GLOBAL,PWROCGRUSFE00,2046,0.0
GLOBAL,PWROCGRUSFE00,2047,0.0
GLOBAL,PWROCGRUSFE00,2048,0.0
GLOBAL,PWROCGRUSFE00,2049,0.0
GLOBAL,PWROCGRUSFE00,2050,0.0
GLOBAL,PWROILRUSFE01,2021,0.3703
GLOBAL,PWROILRUSFE01,2022,0.3703
GLOBAL,PWROILRUSFE01,2023,0.3703
GLOBAL,PWROILRUSFE01,2024,0.3703
GLOBAL,PWROILRUSFE01,2025,0.3703
GLOBAL,PWROILRUSFE01,2026,0.3703
GLOBAL,PWROILRUSFE01,2027,0.0
GLOBAL,PWROILRUSFE01,2028,0.0
GLOBAL,PWROILRUSFE01,2029,0.0
GLOBAL,PWROILRUSFE01,2030,0.0
GLOBAL,PWROILRUSFE01,2031,0.0
GLOBAL,PWROILRUSFE01,2032,0.0
GLOBAL,PWROILRUSFE01,2033,0.0
GLOBAL,PWROILRUSFE01,2034,0.0
GLOBAL,PWROILRUSFE01,2035,0.0
GLOBAL,PWROILRUSFE01,2036,0.0
GLOBAL,PWROILRUSFE01,2037,0.0
GLOBAL,PWROILRUSFE01,2038,0.0
GLOBAL,PWROILRUSFE01,2039,0.0
GLOBAL,PWROILRUSFE01,2040,0.0
GLOBAL,PWROILRUSFE01,2041,0.0
GLOBAL,PWROILRUSFE01,2042,0.0
GLOBAL,PWROILRUSFE01,2043,0.0
GLOBAL,PWROILRUSFE01,2044,0.0
GLOBAL,PWROILRUSFE01,2045,0.0
GLOBAL,PWROILRUSFE01,2046,0.0
GLOBAL,PWROILRUSFE01,2047,0.0
GLOBAL,PWROILRUSFE01,2048,0.0
GLOBAL,PWROILRUSFE01,2049,0.0
GLOBAL,PWROILRUSFE01,2050,0.0
GLOBAL,PWRSPVRUSFE01,2021,0.001
GLOBAL,PWRSPVRUSFE01,2022,0.001
GLOBAL,PWRSPVRUSFE01,2023,0.001
GLOBAL,PWRSPVRUSFE01,2024,0.001
GLOBAL,PWRSPVRUSFE01,2025,0.001
GLOBAL,PWRSPVRUSFE01,2026,0.001
GLOBAL,PWRSPVRUSFE01,2027,0.001
GLOBAL,PWRSPVRUSFE01,2028,0.001
GLOBAL,PWRSPVRUSFE01,2029,0.001
GLOBAL,PWRSPVRUSFE01,2030,0.001
GLOBAL,PWRSPVRUSFE01,2031,0.001
GLOBAL,PWRSPVRUSFE01,2032,0.001
GLOBAL,PWRSPVRUSFE01,2033,0.001
GLOBAL,PWRSPVRUSFE01,2034,0.001
GLOBAL,PWRSPVRUSFE01,2035,0.001
GLOBAL,PWRSPVRUSFE01,2036,0.001
GLOBAL,PWRSPVRUSFE01,2037,0.001
GLOBAL,PWRSPVRUSFE01,2038,0.001
GLOBAL,PWRSPVRUSFE01,2039,0.001
GLOBAL,PWRSPVRUSFE01,2040,0.001
GLOBAL,PWRSPVRUSFE01,2041,0.001
GLOBAL,PWRSPVRUSFE01,2042,0.001
GLOBAL,PWRSPVRUSFE01,2043,0.001
GLOBAL,PWRSPVRUSFE01,2044,0.001
GLOBAL,PWRSPVRUSFE01,2045,0.0
GLOBAL,PWRSPVRUSFE01,2046,0.0
GLOBAL,PWRSPVRUSFE01,2047,0.0
GLOBAL,PWRSPVRUSFE01,2048,0.0
GLOBAL,PWRSPVRUSFE01,2049,0.0
GLOBAL,PWRSPVRUSFE01,2050,0.0
GLOBAL,PWRURNRUSFE01,2021,0.048
GLOBAL,PWRURNRUSFE01,2022,0.048
GLOBAL,PWRURNRUSFE01,2023,0.048
GLOBAL,PWRURNRUSFE01,2024,0.048
GLOBAL,PWRURNRUSFE01,2025,0.048
GLOBAL,PWRURNRUSFE01,2026,0.048
GLOBAL,PWRURNRUSFE01,2027,0.048
GLOBAL,PWRURNRUSFE01,2028,0.048
GLOBAL,PWRURNRUSFE01,2029,0.048
GLOBAL,PWRURNRUSFE01,2030,0.048
GLOBAL,PWRURNRUSFE01,2031,0.048
GLOBAL,PWRURNRUSFE01,2032,0.048
GLOBAL,PWRURNRUSFE01,2033,0.048
GLOBAL,PWRURNRUSFE01,2034,0.048
GLOBAL,PWRURNRUSFE01,2035,0.048
GLOBAL,PWRURNRUSFE01,2036,0.048
GLOBAL,PWRURNRUSFE01,2037,0.048
GLOBAL,PWRURNRUSFE01,2038,0.048
GLOBAL,PWRURNRUSFE01,2039,0.048
GLOBAL,PWRURNRUSFE01,2040,0.048
GLOBAL,PWRURNRUSFE01,2041,0.048
GLOBAL,PWRURNRUSFE01,2042,0.048
GLOBAL,PWRURNRUSFE01,2043,0.048
GLOBAL,PWRURNRUSFE01,2044,0.048
GLOBAL,PWRURNRUSFE01,2045,0.0
GLOBAL,PWRURNRUSFE01,2046,0.0
GLOBAL,PWRURNRUSFE01,2047,0.0
GLOBAL,PWRURNRUSFE01,2048,0.0
GLOBAL,PWRURNRUSFE01,2049,0.0
GLOBAL,PWRURNRUSFE01,2050,0.0
GLOBAL,PWRCCGRUSMV00,2021,13.0592
GLOBAL,PWRCCGRUSMV00,2022,13.0592
GLOBAL,PWRCCGRUSMV00,2023,13.0592
GLOBAL,PWRCCGRUSMV00,2024,13.0592
GLOBAL,PWRCCGRUSMV00,2025,6.208
GLOBAL,PWRCCGRUSMV00,2026,6.208
GLOBAL,PWRCCGRUSMV00,2027,6.208
GLOBAL,PWRCCGRUSMV00,2028,6.208
GLOBAL,PWRCCGRUSMV00,2029,0.655
GLOBAL,PWRCCGRUSMV00,2030,0.655
GLOBAL,PWRCCGRUSMV00,2031,0.655
GLOBAL,PWRCCGRUSMV00,2032,0.655
GLOBAL,PWRCCGRUSMV00,2033,0.655
GLOBAL,PWRCCGRUSMV00,2034,0.0
GLOBAL,PWRCCGRUSMV00,2035,0.0
GLOBAL,PWRCCGRUSMV00,2036,0.0
GLOBAL,PWRCCGRUSMV00,2037,0.0
GLOBAL,PWRCCGRUSMV00,2038,0.0
GLOBAL,PWRCCGRUSMV00,2039,0.0
GLOBAL,PWRCCGRUSMV00,2040,0.0
GLOBAL,PWRCCGRUSMV00,2041,0.0
GLOBAL,PWRCCGRUSMV00,2042,0.0
GLOBAL,PWRCCGRUSMV00,2043,0.0
GLOBAL,PWRCCGRUSMV00,2044,0.0
GLOBAL,PWRCCGRUSMV00,2045,0.0
GLOBAL,PWRCCGRUSMV00,2046,0.0
GLOBAL,PWRCCGRUSMV00,2047,0.0
GLOBAL,PWRCCGRUSMV00,2048,0.0
GLOBAL,PWRCCGRUSMV00,2049,0.0
GLOBAL,PWRCCGRUSMV00,2050,0.0
GLOBAL,PWRCOARUSMV01,2021,0.625
GLOBAL,PWRCOARUSMV01,2022,0.625
GLOBAL,PWRCOARUSMV01,2023,0.625
GLOBAL,PWRCOARUSMV01,2024,0.625
GLOBAL,PWRCOARUSMV01,2025,0.625
GLOBAL,PWRCOARUSMV01,2026,0.625
GLOBAL,PWRCOARUSMV01,2027,0.625
GLOBAL,PWRCOARUSMV01,2028,0.621
GLOBAL,PWRCOARUSMV01,2029,0.0
GLOBAL,PWRCOARUSMV01,2030,0.0
GLOBAL,PWRCOARUSMV01,2031,0.0
GLOBAL,PWRCOARUSMV01,2032,0.0
GLOBAL,PWRCOARUSMV01,2033,0.0
GLOBAL,PWRCOARUSMV01,2034,0.0
GLOBAL,PWRCOARUSMV01,2035,0.0
GLOBAL,PWRCOARUSMV01,2036,0.0
GLOBAL,PWRCOARUSMV01,2037,0.0
GLOBAL,PWRCOARUSMV01,2038,0.0
GLOBAL,PWRCOARUSMV01,2039,0.0
GLOBAL,PWRCOARUSMV01,2040,0.0
GLOBAL,PWRCOARUSMV01,2041,0.0
GLOBAL,PWRCOARUSMV01,2042,0.0
GLOBAL,PWRCOARUSMV01,2043,0.0
GLOBAL,PWRCOARUSMV01,2044,0.0
GLOBAL,PWRCOARUSMV01,2045,0.0
GLOBAL,PWRCOARUSMV01,2046,0.0
GLOBAL,PWRCOARUSMV01,2047,0.0
GLOBAL,PWRCOARUSMV01,2048,0.0
GLOBAL,PWRCOARUSMV01,2049,0.0
GLOBAL,PWRCOARUSMV01,2050,0.0
GLOBAL,PWRHYDRUSMV01,2021,7.1243
GLOBAL,PWRHYDRUSMV01,2022,7.1243
GLOBAL,PWRHYDRUSMV01,2023,7.1243
GLOBAL,PWRHYDRUSMV01,2024,7.1243
GLOBAL,PWRHYDRUSMV01,2025,7.1243
GLOBAL,PWRHYDRUSMV01,2026,7.1223
GLOBAL,PWRHYDRUSMV01,2027,7.1223
GLOBAL,PWRHYDRUSMV01,2028,7.1223
GLOBAL,PWRHYDRUSMV01,2029,7.1223
GLOBAL,PWRHYDRUSMV01,2030,7.1223
GLOBAL,PWRHYDRUSMV01,2031,7.1223
GLOBAL,PWRHYDRUSMV01,2032,7.1223
GLOBAL,PWRHYDRUSMV01,2033,7.1223
GLOBAL,PWRHYDRUSMV01,2034,7.1223
GLOBAL,PWRHYDRUSMV01,2035,7.1223
GLOBAL,PWRHYDRUSMV01,2036,7.1223
GLOBAL,PWRHYDRUSMV01,2037,7.1223
GLOBAL,PWRHYDRUSMV01,2038,7.1223
GLOBAL,PWRHYDRUSMV01,2039,7.1223
GLOBAL,PWRHYDRUSMV01,2040,7.1223
GLOBAL,PWRHYDRUSMV01,2041,7.1223
GLOBAL,PWRHYDRUSMV01,2042,7.1223
GLOBAL,PWRHYDRUSMV01,2043,7.1223
GLOBAL,PWRHYDRUSMV01,2044,7.1223
GLOBAL,PWRHYDRUSMV01,2045,7.1223
GLOBAL,PWRHYDRUSMV01,2046,7.1223
GLOBAL,PWRHYDRUSMV01,2047,7.1223
GLOBAL,PWRHYDRUSMV01,2048,7.1223
GLOBAL,PWRHYDRUSMV01,2049,7.0943
GLOBAL,PWRHYDRUSMV01,2050,7.0943
GLOBAL,PWROCGRUSMV00,2021,0.287
GLOBAL,PWROCGRUSMV00,2022,0.287
GLOBAL,PWROCGRUSMV00,2023,0.287
GLOBAL,PWROCGRUSMV00,2024,0.287
GLOBAL,PWROCGRUSMV00,2025,0.269
GLOBAL,PWROCGRUSMV00,2026,0.269
GLOBAL,PWROCGRUSMV00,2027,0.269
GLOBAL,PWROCGRUSMV00,2028,0.269
GLOBAL,PWROCGRUSMV00,2029,0.0
GLOBAL,PWROCGRUSMV00,2030,0.0
GLOBAL,PWROCGRUSMV00,2031,0.0
GLOBAL,PWROCGRUSMV00,2032,0.0
GLOBAL,PWROCGRUSMV00,2033,0.0
GLOBAL,PWROCGRUSMV00,2034,0.0
GLOBAL,PWROCGRUSMV00,2035,0.0
GLOBAL,PWROCGRUSMV00,2036,0.0
GLOBAL,PWROCGRUSMV00,2037,0.0
GLOBAL,PWROCGRUSMV00,2038,0.0
GLOBAL,PWROCGRUSMV00,2039,0.0
GLOBAL,PWROCGRUSMV00,2040,0.0
GLOBAL,PWROCGRUSMV00,2041,0.0
GLOBAL,PWROCGRUSMV00,2042,0.0
GLOBAL,PWROCGRUSMV00,2043,0.0
GLOBAL,PWROCGRUSMV00,2044,0.0
GLOBAL,PWROCGRUSMV00,2045,0.0
GLOBAL,PWROCGRUSMV00,2046,0.0
GLOBAL,PWROCGRUSMV00,2047,0.0
GLOBAL,PWROCGRUSMV00,2048,0.0
GLOBAL,PWROCGRUSMV00,2049,0.0
GLOBAL,PWROCGRUSMV00,2050,0.0
GLOBAL,PWRURNRUSMV01,2021,3.997
GLOBAL,PWRURNRUSMV01,2022,3.997
GLOBAL,PWRURNRUSMV01,2023,3.997
GLOBAL,PWRURNRUSMV01,2024,3.997
GLOBAL,PWRURNRUSMV01,2025,3.997
GLOBAL,PWRURNRUSMV01,2026,3.997
GLOBAL,PWRURNRUSMV01,2027,3.997
GLOBAL,PWRURNRUSMV01,2028,3.997
GLOBAL,PWRURNRUSMV01,2029,3.997
GLOBAL,PWRURNRUSMV01,2030,3.997
GLOBAL,PWRURNRUSMV01,2031,3.997
GLOBAL,PWRURNRUSMV01,2032,3.997
GLOBAL,PWRURNRUSMV01,2033,3.997
GLOBAL,PWRURNRUSMV01,2034,3.997
GLOBAL,PWRURNRUSMV01,2035,3.997
GLOBAL,PWRURNRUSMV01,2036,3.997
GLOBAL,PWRURNRUSMV01,2037,3.997
GLOBAL,PWRURNRUSMV01,2038,3.997
GLOBAL,PWRURNRUSMV01,2039,3.997
GLOBAL,PWRURNRUSMV01,2040,3.997
GLOBAL,PWRURNRUSMV01,2041,3.997
GLOBAL,PWRURNRUSMV01,2042,3.997
GLOBAL,PWRURNRUSMV01,2043,3.997
GLOBAL,PWRURNRUSMV01,2044,3.997
GLOBAL,PWRURNRUSMV01,2045,0.0
GLOBAL,PWRURNRUSMV01,2046,0.0
GLOBAL,PWRURNRUSMV01,2047,0.0
GLOBAL,PWRURNRUSMV01,2048,0.0
GLOBAL,PWRURNRUSMV01,2049,0.0
GLOBAL,PWRURNRUSMV01,2050,0.0
GLOBAL,PWRWONRUSMV01,2021,0.035
GLOBAL,PWRWONRUSMV01,2022,0.035
GLOBAL,PWRWONRUSMV01,2023,0.035
GLOBAL,PWRWONRUSMV01,2024,0.035
GLOBAL,PWRWONRUSMV01,2025,0.035
GLOBAL,PWRWONRUSMV01,2026,0.035
GLOBAL,PWRWONRUSMV01,2027,0.035
GLOBAL,PWRWONRUSMV01,2028,0.035
GLOBAL,PWRWONRUSMV01,2029,0.035
GLOBAL,PWRWONRUSMV01,2030,0.035
GLOBAL,PWRWONRUSMV01,2031,0.035
GLOBAL,PWRWONRUSMV01,2032,0.035
GLOBAL,PWRWONRUSMV01,2033,0.035
GLOBAL,PWRWONRUSMV01,2034,0.035
GLOBAL,PWRWONRUSMV01,2035,0.035
GLOBAL,PWRWONRUSMV01,2036,0.035
GLOBAL,PWRWONRUSMV01,2037,0.035
GLOBAL,PWRWONRUSMV01,2038,0.035
GLOBAL,PWRWONRUSMV01,2039,0.035
GLOBAL,PWRWONRUSMV01,2040,0.0
GLOBAL,PWRWONRUSMV01,2041,0.0
GLOBAL,PWRWONRUSMV01,2042,0.0
GLOBAL,PWRWONRUSMV01,2043,0.0
GLOBAL,PWRWONRUSMV01,2044,0.0
GLOBAL,PWRWONRUSMV01,2045,0.0
GLOBAL,PWRWONRUSMV01,2046,0.0
GLOBAL,PWRWONRUSMV01,2047,0.0
GLOBAL,PWRWONRUSMV01,2048,0.0
GLOBAL,PWRWONRUSMV01,2049,0.0
GLOBAL,PWRWONRUSMV01,2050,0.0
GLOBAL,PWRBIORUSNW01,2021,1.4
GLOBAL,PWRBIORUSNW01,2022,1.4
GLOBAL,PWRBIORUSNW01,2023,1.4
GLOBAL,PWRBIORUSNW01,2024,1.4
GLOBAL,PWRBIORUSNW01,2025,1.4
GLOBAL,PWRBIORUSNW01,2026,1.4
GLOBAL,PWRBIORUSNW01,2027,1.4
GLOBAL,PWRBIORUSNW01,2028,1.4
GLOBAL,PWRBIORUSNW01,2029,1.4
GLOBAL,PWRBIORUSNW01,2030,1.4
GLOBAL,PWRBIORUSNW01,2031,1.4
GLOBAL,PWRBIORUSNW01,2032,0.0
GLOBAL,PWRBIORUSNW01,2033,0.0
GLOBAL,PWRBIORUSNW01,2034,0.0
GLOBAL,PWRBIORUSNW01,2035,0.0
GLOBAL,PWRBIORUSNW01,2036,0.0
GLOBAL,PWRBIORUSNW01,2037,0.0
GLOBAL,PWRBIORUSNW01,2038,0.0
GLOBAL,PWRBIORUSNW01,2039,0.0
GLOBAL,PWRBIORUSNW01,2040,0.0
GLOBAL,PWRBIORUSNW01,2041,0.0
GLOBAL,PWRBIORUSNW01,2042,0.0
GLOBAL,PWRBIORUSNW01,2043,0.0
GLOBAL,PWRBIORUSNW01,2044,0.0
GLOBAL,PWRBIORUSNW01,2045,0.0
GLOBAL,PWRBIORUSNW01,2046,0.0
GLOBAL,PWRBIORUSNW01,2047,0.0
GLOBAL,PWRBIORUSNW01,2048,0.0
GLOBAL,PWRBIORUSNW01,2049,0.0
GLOBAL,PWRBIORUSNW01,2050,0.0
GLOBAL,PWRCCGRUSNW00,2021,11.2756
GLOBAL,PWRCCGRUSNW00,2022,11.2756
GLOBAL,PWRCCGRUSNW00,2023,11.2756
GLOBAL,PWRCCGRUSNW00,2024,10.8356
GLOBAL,PWRCCGRUSNW00,2025,5.926
GLOBAL,PWRCCGRUSNW00,2026,5.926
GLOBAL,PWRCCGRUSNW00,2027,5.926
GLOBAL,PWRCCGRUSNW00,2028,5.926
GLOBAL,PWRCCGRUSNW00,2029,2.911
GLOBAL,PWRCCGRUSNW00,2030,2.911
GLOBAL,PWRCCGRUSNW00,2031,2.911
GLOBAL,PWRCCGRUSNW00,2032,2.911
GLOBAL,PWRCCGRUSNW00,2033,2.911
GLOBAL,PWRCCGRUSNW00,2034,0.0
GLOBAL,PWRCCGRUSNW00,2035,0.0
GLOBAL,PWRCCGRUSNW00,2036,0.0
GLOBAL,PWRCCGRUSNW00,2037,0.0
GLOBAL,PWRCCGRUSNW00,2038,0.0
GLOBAL,PWRCCGRUSNW00,2039,0.0
GLOBAL,PWRCCGRUSNW00,2040,0.0
GLOBAL,PWRCCGRUSNW00,2041,0.0
GLOBAL,PWRCCGRUSNW00,2042,0.0
GLOBAL,PWRCCGRUSNW00,2043,0.0
GLOBAL,PWRCCGRUSNW00,2044,0.0
GLOBAL,PWRCCGRUSNW00,2045,0.0
GLOBAL,PWRCCGRUSNW00,2046,0.0
GLOBAL,PWRCCGRUSNW00,2047,0.0
GLOBAL,PWRCCGRUSNW00,2048,0.0
GLOBAL,PWRCCGRUSNW00,2049,0.0
GLOBAL,PWRCCGRUSNW00,2050,0.0
GLOBAL,PWRCOARUSNW01,2021,1.557
GLOBAL,PWRCOARUSNW01,2022,1.557
GLOBAL,PWRCOARUSNW01,2023,1.557
GLOBAL,PWRCOARUSNW01,2024,1.557
GLOBAL,PWRCOARUSNW01,2025,1.557
GLOBAL,PWRCOARUSNW01,2026,1.557
GLOBAL,PWRCOARUSNW01,2027,1.557
GLOBAL,PWRCOARUSNW01,2028,1.557
GLOBAL,PWRCOARUSNW01,2029,0.0
GLOBAL,PWRCOARUSNW01,2030,0.0
GLOBAL,PWRCOARUSNW01,2031,0.0
GLOBAL,PWRCOARUSNW01,2032,0.0
GLOBAL,PWRCOARUSNW01,2033,0.0
GLOBAL,PWRCOARUSNW01,2034,0.0
GLOBAL,PWRCOARUSNW01,2035,0.0
GLOBAL,PWRCOARUSNW01,2036,0.0
GLOBAL,PWRCOARUSNW01,2037,0.0
GLOBAL,PWRCOARUSNW01,2038,0.0
GLOBAL,PWRCOARUSNW01,2039,0.0
GLOBAL,PWRCOARUSNW01,2040,0.0
GLOBAL,PWRCOARUSNW01,2041,0.0
GLOBAL,PWRCOARUSNW01,2042,0.0
GLOBAL,PWRCOARUSNW01,2043,0.0
GLOBAL,PWRCOARUSNW01,2044,0.0
GLOBAL,PWRCOARUSNW01,2045,0.0
GLOBAL,PWRCOARUSNW01,2046,0.0
GLOBAL,PWRCOARUSNW01,2047,0.0
GLOBAL,PWRCOARUSNW01,2048,0.0
GLOBAL,PWRCOARUSNW01,2049,0.0
GLOBAL,PWRCOARUSNW01,2050,0.0
GLOBAL,PWRHYDRUSNW01,2021,3.2207
GLOBAL,PWRHYDRUSNW01,2022,3.2207
GLOBAL,PWRHYDRUSNW01,2023,3.2207
GLOBAL,PWRHYDRUSNW01,2024,3.2207
GLOBAL,PWRHYDRUSNW01,2025,3.2207
GLOBAL,PWRHYDRUSNW01,2026,3.2207
GLOBAL,PWRHYDRUSNW01,2027,3.1347
GLOBAL,PWRHYDRUSNW01,2028,3.1347
GLOBAL,PWRHYDRUSNW01,2029,3.1347
GLOBAL,PWRHYDRUSNW01,2030,3.1087
GLOBAL,PWRHYDRUSNW01,2031,3.1087
GLOBAL,PWRHYDRUSNW01,2032,3.1087
GLOBAL,PWRHYDRUSNW01,2033,3.1087
GLOBAL,PWRHYDRUSNW01,2034,3.0097
GLOBAL,PWRHYDRUSNW01,2035,2.8317
GLOBAL,PWRHYDRUSNW01,2036,2.8317
GLOBAL,PWRHYDRUSNW01,2037,2.8317
GLOBAL,PWRHYDRUSNW01,2038,2.7787
GLOBAL,PWRHYDRUSNW01,2039,2.6567
GLOBAL,PWRHYDRUSNW01,2040,2.6567
GLOBAL,PWRHYDRUSNW01,2041,2.6567
GLOBAL,PWRHYDRUSNW01,2042,2.6567
GLOBAL,PWRHYDRUSNW01,2043,2.6567
GLOBAL,PWRHYDRUSNW01,2044,2.6567
GLOBAL,PWRHYDRUSNW01,2045,2.6567
GLOBAL,PWRHYDRUSNW01,2046,2.6567
GLOBAL,PWRHYDRUSNW01,2047,2.6567
GLOBAL,PWRHYDRUSNW01,2048,2.6567
GLOBAL,PWRHYDRUSNW01,2049,2.5937
GLOBAL,PWRHYDRUSNW01,2050,2.4377
GLOBAL,PWROCGRUSNW00,2021,0.433
GLOBAL,PWROCGRUSNW00,2022,0.433
GLOBAL,PWROCGRUSNW00,2023,0.433
GLOBAL,PWROCGRUSNW00,2024,0.433
GLOBAL,PWROCGRUSNW00,2025,0.223
GLOBAL,PWROCGRUSNW00,2026,0.223
GLOBAL,PWROCGRUSNW00,2027,0.223
GLOBAL,PWROCGRUSNW00,2028,0.223
GLOBAL,PWROCGRUSNW00,2029,0.11
GLOBAL,PWROCGRUSNW00,2030,0.11
GLOBAL,PWROCGRUSNW00,2031,0.11
GLOBAL,PWROCGRUSNW00,2032,0.11
GLOBAL,PWROCGRUSNW00,2033,0.11
GLOBAL,PWROCGRUSNW00,2034,0.11
GLOBAL,PWROCGRUSNW00,2035,0.11
GLOBAL,PWROCGRUSNW00,2036,0.11
GLOBAL,PWROCGRUSNW00,2037,0.11
GLOBAL,PWROCGRUSNW00,2038,0.11
GLOBAL,PWROCGRUSNW00,2039,0.11
GLOBAL,PWROCGRUSNW00,2040,0.11
GLOBAL,PWROCGRUSNW00,2041,0.11
GLOBAL,PWROCGRUSNW00,2042,0.11
GLOBAL,PWROCGRUSNW00,2043,0.11
GLOBAL,PWROCGRUSNW00,2044,0.11
GLOBAL,PWROCGRUSNW00,2045,0.0
GLOBAL,PWROCGRUSNW00,2046,0.0
GLOBAL,PWROCGRUSNW00,2047,0.0
GLOBAL,PWROCGRUSNW00,2048,0.0
GLOBAL,PWROCGRUSNW00,2049,0.0
GLOBAL,PWROCGRUSNW00,2050,0.0
GLOBAL,PWROILRUSNW01,2021,0.8126
GLOBAL,PWROILRUSNW01,2022,0.8126
GLOBAL,PWROILRUSNW01,2023,0.8126
GLOBAL,PWROILRUSNW01,2024,0.8126
GLOBAL,PWROILRUSNW01,2025,0.8126
GLOBAL,PWROILRUSNW01,2026,0.8126
GLOBAL,PWROILRUSNW01,2027,0.012
GLOBAL,PWROILRUSNW01,2028,0.012
GLOBAL,PWROILRUSNW01,2029,0.0
GLOBAL,PWROILRUSNW01,2030,0.0
GLOBAL,PWROILRUSNW01,2031,0.0
GLOBAL,PWROILRUSNW01,2032,0.0
GLOBAL,PWROILRUSNW01,2033,0.0
GLOBAL,PWROILRUSNW01,2034,0.0
GLOBAL,PWROILRUSNW01,2035,0.0
GLOBAL,PWROILRUSNW01,2036,0.0
GLOBAL,PWROILRUSNW01,2037,0.0
GLOBAL,PWROILRUSNW01,2038,0.0
GLOBAL,PWROILRUSNW01,2039,0.0
GLOBAL,PWROILRUSNW01,2040,0.0
GLOBAL,PWROILRUSNW01,2041,0.0
GLOBAL,PWROILRUSNW01,2042,0.0
GLOBAL,PWROILRUSNW01,2043,0.0
GLOBAL,PWROILRUSNW01,2044,0.0
GLOBAL,PWROILRUSNW01,2045,0.0
GLOBAL,PWROILRUSNW01,2046,0.0
GLOBAL,PWROILRUSNW01,2047,0.0
GLOBAL,PWROILRUSNW01,2048,0.0
GLOBAL,PWROILRUSNW01,2049,0.0
GLOBAL,PWROILRUSNW01,2050,0.0
GLOBAL,PWRURNRUSNW01,2021,5.758
GLOBAL,PWRURNRUSNW01,2022,5.758
GLOBAL,PWRURNRUSNW01,2023,5.758
GLOBAL,PWRURNRUSNW01,2024,5.758
GLOBAL,PWRURNRUSNW01,2025,5.758
GLOBAL,PWRURNRUSNW01,2026,5.758
GLOBAL,PWRURNRUSNW01,2027,5.758
GLOBAL,PWRURNRUSNW01,2028,5.758
GLOBAL,PWRURNRUSNW01,2029,5.758
GLOBAL,PWRURNRUSNW01,2030,5.758
GLOBAL,PWRURNRUSNW01,2031,5.758
GLOBAL,PWRURNRUSNW01,2032,5.758
GLOBAL,PWRURNRUSNW01,2033,5.758
GLOBAL,PWRURNRUSNW01,2034,5.758
GLOBAL,PWRURNRUSNW01,2035,5.758
GLOBAL,PWRURNRUSNW01,2036,5.758
GLOBAL,PWRURNRUSNW01,2037,5.758
GLOBAL,PWRURNRUSNW01,2038,5.758
GLOBAL,PWRURNRUSNW01,2039,5.758
GLOBAL,PWRURNRUSNW01,2040,5.758
GLOBAL,PWRURNRUSNW01,2041,5.758
GLOBAL,PWRURNRUSNW01,2042,5.758
GLOBAL,PWRURNRUSNW01,2043,5.758
GLOBAL,PWRURNRUSNW01,2044,5.758
GLOBAL,PWRURNRUSNW01,2045,0.0
GLOBAL,PWRURNRUSNW01,2046,0.0
GLOBAL,PWRURNRUSNW01,2047,0.0
GLOBAL,PWRURNRUSNW01,2048,0.0
GLOBAL,PWRURNRUSNW01,2049,0.0
GLOBAL,PWRURNRUSNW01,2050,0.0
GLOBAL,PWRCCGRUSSI00,2021,0.966
GLOBAL,PWRCCGRUSSI00,2022,0.966
GLOBAL,PWRCCGRUSSI00,2023,0.966
GLOBAL,PWRCCGRUSSI00,2024,0.966
GLOBAL,PWRCCGRUSSI00,2025,0.766
GLOBAL,PWRCCGRUSSI00,2026,0.766
GLOBAL,PWRCCGRUSSI00,2027,0.766
GLOBAL,PWRCCGRUSSI00,2028,0.766
GLOBAL,PWRCCGRUSSI00,2029,0.34
GLOBAL,PWRCCGRUSSI00,2030,0.34
GLOBAL,PWRCCGRUSSI00,2031,0.34
GLOBAL,PWRCCGRUSSI00,2032,0.34
GLOBAL,PWRCCGRUSSI00,2033,0.34
GLOBAL,PWRCCGRUSSI00,2034,0.2
GLOBAL,PWRCCGRUSSI00,2035,0.2
GLOBAL,PWRCCGRUSSI00,2036,0.2
GLOBAL,PWRCCGRUSSI00,2037,0.2
GLOBAL,PWRCCGRUSSI00,2038,0.0
GLOBAL,PWRCCGRUSSI00,2039,0.0
GLOBAL,PWRCCGRUSSI00,2040,0.0
GLOBAL,PWRCCGRUSSI00,2041,0.0
GLOBAL,PWRCCGRUSSI00,2042,0.0
GLOBAL,PWRCCGRUSSI00,2043,0.0
GLOBAL,PWRCCGRUSSI00,2044,0.0
GLOBAL,PWRCCGRUSSI00,2045,0.0
GLOBAL,PWRCCGRUSSI00,2046,0.0
GLOBAL,PWRCCGRUSSI00,2047,0.0
GLOBAL,PWRCCGRUSSI00,2048,0.0
GLOBAL,PWRCCGRUSSI00,2049,0.0
GLOBAL,PWRCCGRUSSI00,2050,0.0
GLOBAL,PWRCOARUSSI01,2021,22.928
GLOBAL,PWRCOARUSSI01,2022,22.928
GLOBAL,PWRCOARUSSI01,2023,22.928
GLOBAL,PWRCOARUSSI01,2024,22.928
GLOBAL,PWRCOARUSSI01,2025,22.928
GLOBAL,PWRCOARUSSI01,2026,22.274
GLOBAL,PWRCOARUSSI01,2027,22.274
GLOBAL,PWRCOARUSSI01,2028,14.262
GLOBAL,PWRCOARUSSI01,2029,4.578
GLOBAL,PWRCOARUSSI01,2030,4.578
GLOBAL,PWRCOARUSSI01,2031,4.578
GLOBAL,PWRCOARUSSI01,2032,4.578
GLOBAL,PWRCOARUSSI01,2033,4.578
GLOBAL,PWRCOARUSSI01,2034,0.0
GLOBAL,PWRCOARUSSI01,2035,0.0
GLOBAL,PWRCOARUSSI01,2036,0.0
GLOBAL,PWRCOARUSSI01,2037,0.0
GLOBAL,PWRCOARUSSI01,2038,0.0
GLOBAL,PWRCOARUSSI01,2039,0.0
GLOBAL,PWRCOARUSSI01,2040,0.0
GLOBAL,PWRCOARUSSI01,2041,0.0
GLOBAL,PWRCOARUSSI01,2042,0.0
GLOBAL,PWRCOARUSSI01,2043,0.0
GLOBAL,PWRCOARUSSI01,2044,0.0
GLOBAL,PWRCOARUSSI01,2045,0.0
GLOBAL,PWRCOARUSSI01,2046,0.0
GLOBAL,PWRCOARUSSI01,2047,0.0
GLOBAL,PWRCOARUSSI01,2048,0.0
GLOBAL,PWRCOARUSSI01,2049,0.0
GLOBAL,PWRCOARUSSI01,2050,0.0
GLOBAL,PWRHYDRUSSI01,2021,21.4459
GLOBAL,PWRHYDRUSSI01,2022,21.4459
GLOBAL,PWRHYDRUSSI01,2023,21.4459
GLOBAL,PWRHYDRUSSI01,2024,21.4459
GLOBAL,PWRHYDRUSSI01,2025,21.4459
GLOBAL,PWRHYDRUSSI01,2026,21.4459
GLOBAL,PWRHYDRUSSI01,2027,21.4459
GLOBAL,PWRHYDRUSSI01,2028,21.4459
GLOBAL,PWRHYDRUSSI01,2029,21.4459
GLOBAL,PWRHYDRUSSI01,2030,21.4459
GLOBAL,PWRHYDRUSSI01,2031,21.4459
GLOBAL,PWRHYDRUSSI01,2032,21.4459
GLOBAL,PWRHYDRUSSI01,2033,21.4459
GLOBAL,PWRHYDRUSSI01,2034,21.4459
GLOBAL,PWRHYDRUSSI01,2035,21.4459
GLOBAL,PWRHYDRUSSI01,2036,21.4459
GLOBAL,PWRHYDRUSSI01,2037,21.4459
GLOBAL,PWRHYDRUSSI01,2038,21.4459
GLOBAL,PWRHYDRUSSI01,2039,21.4459
GLOBAL,PWRHYDRUSSI01,2040,21.4459
GLOBAL,PWRHYDRUSSI01,2041,21.4459
GLOBAL,PWRHYDRUSSI01,2042,21.4459
GLOBAL,PWRHYDRUSSI01,2043,21.4459
GLOBAL,PWRHYDRUSSI01,2044,21.4459
GLOBAL,PWRHYDRUSSI01,2045,21.4459
GLOBAL,PWRHYDRUSSI01,2046,21.4459
GLOBAL,PWRHYDRUSSI01,2047,21.4459
GLOBAL,PWRHYDRUSSI01,2048,21.4459
GLOBAL,PWRHYDRUSSI01,2049,21.4459
GLOBAL,PWRHYDRUSSI01,2050,21.4459
GLOBAL,PWROCGRUSSI00,2021,0.3021
GLOBAL,PWROCGRUSSI00,2022,0.3021
GLOBAL,PWROCGRUSSI00,2023,0.3021
GLOBAL,PWROCGRUSSI00,2024,0.3021
GLOBAL,PWROCGRUSSI00,2025,0.024
GLOBAL,PWROCGRUSSI00,2026,0.024
GLOBAL,PWROCGRUSSI00,2027,0.024
GLOBAL,PWROCGRUSSI00,2028,0.024
GLOBAL,PWROCGRUSSI00,2029,0.024
GLOBAL,PWROCGRUSSI00,2030,0.024
GLOBAL,PWROCGRUSSI00,2031,0.024
GLOBAL,PWROCGRUSSI00,2032,0.024
GLOBAL,PWROCGRUSSI00,2033,0.0
GLOBAL,PWROCGRUSSI00,2034,0.0
GLOBAL,PWROCGRUSSI00,2035,0.0
GLOBAL,PWROCGRUSSI00,2036,0.0
GLOBAL,PWROCGRUSSI00,2037,0.0
GLOBAL,PWROCGRUSSI00,2038,0.0
GLOBAL,PWROCGRUSSI00,2039,0.0
GLOBAL,PWROCGRUSSI00,2040,0.0
GLOBAL,PWROCGRUSSI00,2041,0.0
GLOBAL,PWROCGRUSSI00,2042,0.0
GLOBAL,PWROCGRUSSI00,2043,0.0
GLOBAL,PWROCGRUSSI00,2044,0.0
GLOBAL,PWROCGRUSSI00,2045,0.0
GLOBAL,PWROCGRUSSI00,2046,0.0
GLOBAL,PWROCGRUSSI00,2047,0.0
GLOBAL,PWROCGRUSSI00,2048,0.0
GLOBAL,PWROCGRUSSI00,2049,0.0
GLOBAL,PWROCGRUSSI00,2050,0.0
GLOBAL,PWROTHRUSSI01,2021,0.012
GLOBAL,PWROTHRUSSI01,2022,0.012
GLOBAL,PWROTHRUSSI01,2023,0.0
GLOBAL,PWROTHRUSSI01,2024,0.0
GLOBAL,PWROTHRUSSI01,2025,0.0
GLOBAL,PWROTHRUSSI01,2026,0.0
GLOBAL,PWROTHRUSSI01,2027,0.0
GLOBAL,PWROTHRUSSI01,2028,0.0
GLOBAL,PWROTHRUSSI01,2029,0.0
GLOBAL,PWROTHRUSSI01,2030,0.0
GLOBAL,PWROTHRUSSI01,2031,0.0
GLOBAL,PWROTHRUSSI01,2032,0.0
GLOBAL,PWROTHRUSSI01,2033,0.0
GLOBAL,PWROTHRUSSI01,2034,0.0
GLOBAL,PWROTHRUSSI01,2035,0.0
GLOBAL,PWROTHRUSSI01,2036,0.0
GLOBAL,PWROTHRUSSI01,2037,0.0
GLOBAL,PWROTHRUSSI01,2038,0.0
GLOBAL,PWROTHRUSSI01,2039,0.0
GLOBAL,PWROTHRUSSI01,2040,0.0
GLOBAL,PWROTHRUSSI01,2041,0.0
GLOBAL,PWROTHRUSSI01,2042,0.0
GLOBAL,PWROTHRUSSI01,2043,0.0
GLOBAL,PWROTHRUSSI01,2044,0.0
GLOBAL,PWROTHRUSSI01,2045,0.0
GLOBAL,PWROTHRUSSI01,2046,0.0
GLOBAL,PWROTHRUSSI01,2047,0.0
GLOBAL,PWROTHRUSSI01,2048,0.0
GLOBAL,PWROTHRUSSI01,2049,0.0
GLOBAL,PWROTHRUSSI01,2050,0.0
GLOBAL,PWRSPVRUSSI01,2021,0.03
GLOBAL,PWRSPVRUSSI01,2022,0.03
GLOBAL,PWRSPVRUSSI01,2023,0.03
GLOBAL,PWRSPVRUSSI01,2024,0.03
GLOBAL,PWRSPVRUSSI01,2025,0.03
GLOBAL,PWRSPVRUSSI01,2026,0.03
GLOBAL,PWRSPVRUSSI01,2027,0.03
GLOBAL,PWRSPVRUSSI01,2028,0.03
GLOBAL,PWRSPVRUSSI01,2029,0.03
GLOBAL,PWRSPVRUSSI01,2030,0.03
GLOBAL,PWRSPVRUSSI01,2031,0.03
GLOBAL,PWRSPVRUSSI01,2032,0.03
GLOBAL,PWRSPVRUSSI01,2033,0.03
GLOBAL,PWRSPVRUSSI01,2034,0.03
GLOBAL,PWRSPVRUSSI01,2035,0.03
GLOBAL,PWRSPVRUSSI01,2036,0.03
GLOBAL,PWRSPVRUSSI01,2037,0.03
GLOBAL,PWRSPVRUSSI01,2038,0.03
GLOBAL,PWRSPVRUSSI01,2039,0.03
GLOBAL,PWRSPVRUSSI01,2040,0.03
GLOBAL,PWRSPVRUSSI01,2041,0.03
GLOBAL,PWRSPVRUSSI01,2042,0.03
GLOBAL,PWRSPVRUSSI01,2043,0.03
GLOBAL,PWRSPVRUSSI01,2044,0.03
GLOBAL,PWRSPVRUSSI01,2045,0.015
GLOBAL,PWRSPVRUSSI01,2046,0.0
GLOBAL,PWRSPVRUSSI01,2047,0.0
GLOBAL,PWRSPVRUSSI01,2048,0.0
GLOBAL,PWRSPVRUSSI01,2049,0.0
GLOBAL,PWRSPVRUSSI01,2050,0.0
GLOBAL,PWRCCGRUSSO00,2021,8.1242
GLOBAL,PWRCCGRUSSO00,2022,8.1242
GLOBAL,PWRCCGRUSSO00,2023,8.1242
GLOBAL,PWRCCGRUSSO00,2024,8.1242
GLOBAL,PWRCCGRUSSO00,2025,5.877
GLOBAL,PWRCCGRUSSO00,2026,5.877
GLOBAL,PWRCCGRUSSO00,2027,5.877
GLOBAL,PWRCCGRUSSO00,2028,5.877
GLOBAL,PWRCCGRUSSO00,2029,1.013
GLOBAL,PWRCCGRUSSO00,2030,1.013
GLOBAL,PWRCCGRUSSO00,2031,1.013
GLOBAL,PWRCCGRUSSO00,2032,1.013
GLOBAL,PWRCCGRUSSO00,2033,1.013
GLOBAL,PWRCCGRUSSO00,2034,1.013
GLOBAL,PWRCCGRUSSO00,2035,0.852
GLOBAL,PWRCCGRUSSO00,2036,0.852
GLOBAL,PWRCCGRUSSO00,2037,0.852
GLOBAL,PWRCCGRUSSO00,2038,0.852
GLOBAL,PWRCCGRUSSO00,2039,0.852
GLOBAL,PWRCCGRUSSO00,2040,0.852
GLOBAL,PWRCCGRUSSO00,2041,0.852
GLOBAL,PWRCCGRUSSO00,2042,0.852
GLOBAL,PWRCCGRUSSO00,2043,0.852
GLOBAL,PWRCCGRUSSO00,2044,0.303
GLOBAL,PWRCCGRUSSO00,2045,0.0
GLOBAL,PWRCCGRUSSO00,2046,0.0
GLOBAL,PWRCCGRUSSO00,2047,0.0
GLOBAL,PWRCCGRUSSO00,2048,0.0
GLOBAL,PWRCCGRUSSO00,2049,0.0
GLOBAL,PWRCCGRUSSO00,2050,0.0
GLOBAL,PWRCOARUSSO01,2021,2.295
GLOBAL,PWRCOARUSSO01,2022,2.295
GLOBAL,PWRCOARUSSO01,2023,2.295
GLOBAL,PWRCOARUSSO01,2024,2.295
GLOBAL,PWRCOARUSSO01,2025,2.295
GLOBAL,PWRCOARUSSO01,2026,2.295
GLOBAL,PWRCOARUSSO01,2027,2.295
GLOBAL,PWRCOARUSSO01,2028,2.216
GLOBAL,PWRCOARUSSO01,2029,0.0
GLOBAL,PWRCOARUSSO01,2030,0.0
GLOBAL,PWRCOARUSSO01,2031,0.0
GLOBAL,PWRCOARUSSO01,2032,0.0
GLOBAL,PWRCOARUSSO01,2033,0.0
GLOBAL,PWRCOARUSSO01,2034,0.0
GLOBAL,PWRCOARUSSO01,2035,0.0
GLOBAL,PWRCOARUSSO01,2036,0.0
GLOBAL,PWRCOARUSSO01,2037,0.0
GLOBAL,PWRCOARUSSO01,2038,0.0
GLOBAL,PWRCOARUSSO01,2039,0.0
GLOBAL,PWRCOARUSSO01,2040,0.0
GLOBAL,PWRCOARUSSO01,2041,0.0
GLOBAL,PWRCOARUSSO01,2042,0.0
GLOBAL,PWRCOARUSSO01,2043,0.0
GLOBAL,PWRCOARUSSO01,2044,0.0
GLOBAL,PWRCOARUSSO01,2045,0.0
GLOBAL,PWRCOARUSSO01,2046,0.0
GLOBAL,PWRCOARUSSO01,2047,0.0
GLOBAL,PWRCOARUSSO01,2048,0.0
GLOBAL,PWRCOARUSSO01,2049,0.0
GLOBAL,PWRCOARUSSO01,2050,0.0
GLOBAL,PWRHYDRUSSO01,2021,5.5418
GLOBAL,PWRHYDRUSSO01,2022,5.5418
GLOBAL,PWRHYDRUSSO01,2023,5.5418
GLOBAL,PWRHYDRUSSO01,2024,5.5418
GLOBAL,PWRHYDRUSSO01,2025,5.5418
GLOBAL,PWRHYDRUSSO01,2026,5.5418
GLOBAL,PWRHYDRUSSO01,2027,5.5418
GLOBAL,PWRHYDRUSSO01,2028,5.5418
GLOBAL,PWRHYDRUSSO01,2029,5.5418
GLOBAL,PWRHYDRUSSO01,2030,5.5418
GLOBAL,PWRHYDRUSSO01,2031,5.5418
GLOBAL,PWRHYDRUSSO01,2032,5.5418
GLOBAL,PWRHYDRUSSO01,2033,5.5418
GLOBAL,PWRHYDRUSSO01,2034,5.5418
GLOBAL,PWRHYDRUSSO01,2035,5.5418
GLOBAL,PWRHYDRUSSO01,2036,5.5418
GLOBAL,PWRHYDRUSSO01,2037,5.5418
GLOBAL,PWRHYDRUSSO01,2038,5.5418
GLOBAL,PWRHYDRUSSO01,2039,5.5418
GLOBAL,PWRHYDRUSSO01,2040,5.5418
GLOBAL,PWRHYDRUSSO01,2041,5.5418
GLOBAL,PWRHYDRUSSO01,2042,5.5418
GLOBAL,PWRHYDRUSSO01,2043,5.5418
GLOBAL,PWRHYDRUSSO01,2044,5.5418
GLOBAL,PWRHYDRUSSO01,2045,5.5418
GLOBAL,PWRHYDRUSSO01,2046,5.5418
GLOBAL,PWRHYDRUSSO01,2047,5.5418
GLOBAL,PWRHYDRUSSO01,2048,5.5418
GLOBAL,PWRHYDRUSSO01,2049,5.5418
GLOBAL,PWRHYDRUSSO01,2050,5.5418
GLOBAL,PWROCGRUSSO00,2021,0.236
GLOBAL,PWROCGRUSSO00,2022,0.236
GLOBAL,PWROCGRUSSO00,2023,0.236
GLOBAL,PWROCGRUSSO00,2024,0.236
GLOBAL,PWROCGRUSSO00,2025,0.1
GLOBAL,PWROCGRUSSO00,2026,0.1
GLOBAL,PWROCGRUSSO00,2027,0.1
GLOBAL,PWROCGRUSSO00,2028,0.1
GLOBAL,PWROCGRUSSO00,2029,0.0
GLOBAL,PWROCGRUSSO00,2030,0.0
GLOBAL,PWROCGRUSSO00,2031,0.0
GLOBAL,PWROCGRUSSO00,2032,0.0
GLOBAL,PWROCGRUSSO00,2033,0.0
GLOBAL,PWROCGRUSSO00,2034,0.0
GLOBAL,PWROCGRUSSO00,2035,0.0
GLOBAL,PWROCGRUSSO00,2036,0.0
GLOBAL,PWROCGRUSSO00,2037,0.0
GLOBAL,PWROCGRUSSO00,2038,0.0
GLOBAL,PWROCGRUSSO00,2039,0.0
GLOBAL,PWROCGRUSSO00,2040,0.0
GLOBAL,PWROCGRUSSO00,2041,0.0
GLOBAL,PWROCGRUSSO00,2042,0.0
GLOBAL,PWROCGRUSSO00,2043,0.0
GLOBAL,PWROCGRUSSO00,2044,0.0
GLOBAL,PWROCGRUSSO00,2045,0.0
GLOBAL,PWROCGRUSSO00,2046,0.0
GLOBAL,PWROCGRUSSO00,2047,0.0
GLOBAL,PWROCGRUSSO00,2048,0.0
GLOBAL,PWROCGRUSSO00,2049,0.0
GLOBAL,PWROCGRUSSO00,2050,0.0
GLOBAL,PWRURNRUSSO01,2021,3.997
GLOBAL,PWRURNRUSSO01,2022,3.997
GLOBAL,PWRURNRUSSO01,2023,3.997
GLOBAL,PWRURNRUSSO01,2024,3.997
GLOBAL,PWRURNRUSSO01,2025,3.997
GLOBAL,PWRURNRUSSO01,2026,3.997
GLOBAL,PWRURNRUSSO01,2027,3.997
GLOBAL,PWRURNRUSSO01,2028,3.997
GLOBAL,PWRURNRUSSO01,2029,3.997
GLOBAL,PWRURNRUSSO01,2030,3.997
GLOBAL,PWRURNRUSSO01,2031,3.997
GLOBAL,PWRURNRUSSO01,2032,3.997
GLOBAL,PWRURNRUSSO01,2033,3.997
GLOBAL,PWRURNRUSSO01,2034,3.997
GLOBAL,PWRURNRUSSO01,2035,3.997
GLOBAL,PWRURNRUSSO01,2036,3.997
GLOBAL,PWRURNRUSSO01,2037,3.997
GLOBAL,PWRURNRUSSO01,2038,3.997
GLOBAL,PWRURNRUSSO01,2039,3.997
GLOBAL,PWRURNRUSSO01,2040,3.997
GLOBAL,PWRURNRUSSO01,2041,3.997
GLOBAL,PWRURNRUSSO01,2042,3.997
GLOBAL,PWRURNRUSSO01,2043,3.997
GLOBAL,PWRURNRUSSO01,2044,3.997
GLOBAL,PWRURNRUSSO01,2045,3.997
GLOBAL,PWRURNRUSSO01,2046,3.997
GLOBAL,PWRURNRUSSO01,2047,3.997
GLOBAL,PWRURNRUSSO01,2048,3.997
GLOBAL,PWRURNRUSSO01,2049,3.997
GLOBAL,PWRURNRUSSO01,2050,3.997
GLOBAL,PWRCCGRUSUR00,2021,40.1883
GLOBAL,PWRCCGRUSUR00,2022,40.1883
GLOBAL,PWRCCGRUSUR00,2023,40.1883
GLOBAL,PWRCCGRUSUR00,2024,38.1723
GLOBAL,PWRCCGRUSUR00,2025,34.635
GLOBAL,PWRCCGRUSUR00,2026,34.635
GLOBAL,PWRCCGRUSUR00,2027,34.635
GLOBAL,PWRCCGRUSUR00,2028,34.635
GLOBAL,PWRCCGRUSUR00,2029,17.221
GLOBAL,PWRCCGRUSUR00,2030,17.221
GLOBAL,PWRCCGRUSUR00,2031,17.221
GLOBAL,PWRCCGRUSUR00,2032,17.221
GLOBAL,PWRCCGRUSUR00,2033,17.221
GLOBAL,PWRCCGRUSUR00,2034,3.338
GLOBAL,PWRCCGRUSUR00,2035,3.338
GLOBAL,PWRCCGRUSUR00,2036,3.338
GLOBAL,PWRCCGRUSUR00,2037,3.338
GLOBAL,PWRCCGRUSUR00,2038,3.023
GLOBAL,PWRCCGRUSUR00,2039,3.023
GLOBAL,PWRCCGRUSUR00,2040,3.023
GLOBAL,PWRCCGRUSUR00,2041,3.023
GLOBAL,PWRCCGRUSUR00,2042,3.023
GLOBAL,PWRCCGRUSUR00,2043,2.042
GLOBAL,PWRCCGRUSUR00,2044,2.042
GLOBAL,PWRCCGRUSUR00,2045,0.0
GLOBAL,PWRCCGRUSUR00,2046,0.0
GLOBAL,PWRCCGRUSUR00,2047,0.0
GLOBAL,PWRCCGRUSUR00,2048,0.0
GLOBAL,PWRCCGRUSUR00,2049,0.0
GLOBAL,PWRCCGRUSUR00,2050,0.0
GLOBAL,PWRCOARUSUR01,2021,9.048
GLOBAL,PWRCOARUSUR01,2022,9.048
GLOBAL,PWRCOARUSUR01,2023,9.048
GLOBAL,PWRCOARUSUR01,2024,9.048
GLOBAL,PWRCOARUSUR01,2025,9.048
GLOBAL,PWRCOARUSUR01,2026,9.048
GLOBAL,PWRCOARUSUR01,2027,9.048
GLOBAL,PWRCOARUSUR01,2028,8.091
GLOBAL,PWRCOARUSUR01,2029,0.2
GLOBAL,PWRCOARUSUR01,2030,0.2
GLOBAL,PWRCOARUSUR01,2031,0.2
GLOBAL,PWRCOARUSUR01,2032,0.2
GLOBAL,PWRCOARUSUR01,2033,0.2
GLOBAL,PWRCOARUSUR01,2034,0.0
GLOBAL,PWRCOARUSUR01,2035,0.0
GLOBAL,PWRCOARUSUR01,2036,0.0
GLOBAL,PWRCOARUSUR01,2037,0.0
GLOBAL,PWRCOARUSUR01,2038,0.0
GLOBAL,PWRCOARUSUR01,2039,0.0
GLOBAL,PWRCOARUSUR01,2040,0.0
GLOBAL,PWRCOARUSUR01,2041,0.0
GLOBAL,PWRCOARUSUR01,2042,0.0
GLOBAL,PWRCOARUSUR01,2043,0.0
GLOBAL,PWRCOARUSUR01,2044,0.0
GLOBAL,PWRCOARUSUR01,2045,0.0
GLOBAL,PWRCOARUSUR01,2046,0.0
GLOBAL,PWRCOARUSUR01,2047,0.0
GLOBAL,PWRCOARUSUR01,2048,0.0
GLOBAL,PWRCOARUSUR01,2049,0.0
GLOBAL,PWRCOARUSUR01,2050,0.0
GLOBAL,PWRHYDRUSUR01,2021,1.9609
GLOBAL,PWRHYDRUSUR01,2022,1.9609
GLOBAL,PWRHYDRUSUR01,2023,1.9609
GLOBAL,PWRHYDRUSUR01,2024,1.9609
GLOBAL,PWRHYDRUSUR01,2025,1.9609
GLOBAL,PWRHYDRUSUR01,2026,1.9609
GLOBAL,PWRHYDRUSUR01,2027,1.9609
GLOBAL,PWRHYDRUSUR01,2028,1.9609
GLOBAL,PWRHYDRUSUR01,2029,1.9609
GLOBAL,PWRHYDRUSUR01,2030,1.9609
GLOBAL,PWRHYDRUSUR01,2031,1.9609
GLOBAL,PWRHYDRUSUR01,2032,1.9609
GLOBAL,PWRHYDRUSUR01,2033,1.9609
GLOBAL,PWRHYDRUSUR01,2034,1.9609
GLOBAL,PWRHYDRUSUR01,2035,1.9609
GLOBAL,PWRHYDRUSUR01,2036,1.9609
GLOBAL,PWRHYDRUSUR01,2037,1.9609
GLOBAL,PWRHYDRUSUR01,2038,1.9609
GLOBAL,PWRHYDRUSUR01,2039,1.9609
GLOBAL,PWRHYDRUSUR01,2040,1.9609
GLOBAL,PWRHYDRUSUR01,2041,1.9609
GLOBAL,PWRHYDRUSUR01,2042,1.9609
GLOBAL,PWRHYDRUSUR01,2043,1.9609
GLOBAL,PWRHYDRUSUR01,2044,1.9539
GLOBAL,PWRHYDRUSUR01,2045,1.9539
GLOBAL,PWRHYDRUSUR01,2046,1.9539
GLOBAL,PWRHYDRUSUR01,2047,1.9539
GLOBAL,PWRHYDRUSUR01,2048,1.9539
GLOBAL,PWRHYDRUSUR01,2049,1.9539
GLOBAL,PWRHYDRUSUR01,2050,1.4099
GLOBAL,PWROCGRUSUR00,2021,1.139
GLOBAL,PWROCGRUSUR00,2022,1.139
GLOBAL,PWROCGRUSUR00,2023,1.139
GLOBAL,PWROCGRUSUR00,2024,1.139
GLOBAL,PWROCGRUSUR00,2025,0.377
GLOBAL,PWROCGRUSUR00,2026,0.377
GLOBAL,PWROCGRUSUR00,2027,0.377
GLOBAL,PWROCGRUSUR00,2028,0.377
GLOBAL,PWROCGRUSUR00,2029,0.017
GLOBAL,PWROCGRUSUR00,2030,0.017
GLOBAL,PWROCGRUSUR00,2031,0.017
GLOBAL,PWROCGRUSUR00,2032,0.017
GLOBAL,PWROCGRUSUR00,2033,0.015
GLOBAL,PWROCGRUSUR00,2034,0.015
GLOBAL,PWROCGRUSUR00,2035,0.0
GLOBAL,PWROCGRUSUR00,2036,0.0
GLOBAL,PWROCGRUSUR00,2037,0.0
GLOBAL,PWROCGRUSUR00,2038,0.0
GLOBAL,PWROCGRUSUR00,2039,0.0
GLOBAL,PWROCGRUSUR00,2040,0.0
GLOBAL,PWROCGRUSUR00,2041,0.0
GLOBAL,PWROCGRUSUR00,2042,0.0
GLOBAL,PWROCGRUSUR00,2043,0.0
GLOBAL,PWROCGRUSUR00,2044,0.0
GLOBAL,PWROCGRUSUR00,2045,0.0
GLOBAL,PWROCGRUSUR00,2046,0.0
GLOBAL,PWROCGRUSUR00,2047,0.0
GLOBAL,PWROCGRUSUR00,2048,0.0
GLOBAL,PWROCGRUSUR00,2049,0.0
GLOBAL,PWROCGRUSUR00,2050,0.0
GLOBAL,PWROILRUSUR01,2021,2.6641
GLOBAL,PWROILRUSUR01,2022,2.6641
GLOBAL,PWROILRUSUR01,2023,2.6641
GLOBAL,PWROILRUSUR01,2024,2.6641
GLOBAL,PWROILRUSUR01,2025,2.6641
GLOBAL,PWROILRUSUR01,2026,2.6641
GLOBAL,PWROILRUSUR01,2027,0.0
GLOBAL,PWROILRUSUR01,2028,0.0
GLOBAL,PWROILRUSUR01,2029,0.0
GLOBAL,PWROILRUSUR01,2030,0.0
GLOBAL,PWROILRUSUR01,2031,0.0
GLOBAL,PWROILRUSUR01,2032,0.0
GLOBAL,PWROILRUSUR01,2033,0.0
GLOBAL,PWROILRUSUR01,2034,0.0
GLOBAL,PWROILRUSUR01,2035,0.0
GLOBAL,PWROILRUSUR01,2036,0.0
GLOBAL,PWROILRUSUR01,2037,0.0
GLOBAL,PWROILRUSUR01,2038,0.0
GLOBAL,PWROILRUSUR01,2039,0.0
GLOBAL,PWROILRUSUR01,2040,0.0
GLOBAL,PWROILRUSUR01,2041,0.0
GLOBAL,PWROILRUSUR01,2042,0.0
GLOBAL,PWROILRUSUR01,2043,0.0
GLOBAL,PWROILRUSUR01,2044,0.0
GLOBAL,PWROILRUSUR01,2045,0.0
GLOBAL,PWROILRUSUR01,2046,0.0
GLOBAL,PWROILRUSUR01,2047,0.0
GLOBAL,PWROILRUSUR01,2048,0.0
GLOBAL,PWROILRUSUR01,2049,0.0
GLOBAL,PWROILRUSUR01,2050,0.0
GLOBAL,PWRSPVRUSUR01,2021,0.1
GLOBAL,PWRSPVRUSUR01,2022,0.1
GLOBAL,PWRSPVRUSUR01,2023,0.1
GLOBAL,PWRSPVRUSUR01,2024,0.1
GLOBAL,PWRSPVRUSUR01,2025,0.1
GLOBAL,PWRSPVRUSUR01,2026,0.1
GLOBAL,PWRSPVRUSUR01,2027,0.1
GLOBAL,PWRSPVRUSUR01,2028,0.1
GLOBAL,PWRSPVRUSUR01,2029,0.1
GLOBAL,PWRSPVRUSUR01,2030,0.1
GLOBAL,PWRSPVRUSUR01,2031,0.1
GLOBAL,PWRSPVRUSUR01,2032,0.1
GLOBAL,PWRSPVRUSUR01,2033,0.1
GLOBAL,PWRSPVRUSUR01,2034,0.1
GLOBAL,PWRSPVRUSUR01,2035,0.1
GLOBAL,PWRSPVRUSUR01,2036,0.1
GLOBAL,PWRSPVRUSUR01,2037,0.1
GLOBAL,PWRSPVRUSUR01,2038,0.1
GLOBAL,PWRSPVRUSUR01,2039,0.1
GLOBAL,PWRSPVRUSUR01,2040,0.1
GLOBAL,PWRSPVRUSUR01,2041,0.1
GLOBAL,PWRSPVRUSUR01,2042,0.1
GLOBAL,PWRSPVRUSUR01,2043,0.1
GLOBAL,PWRSPVRUSUR01,2044,0.1
GLOBAL,PWRSPVRUSUR01,2045,0.075
GLOBAL,PWRSPVRUSUR01,2046,0.065
GLOBAL,PWRSPVRUSUR01,2047,0.0
GLOBAL,PWRSPVRUSUR01,2048,0.0
GLOBAL,PWRSPVRUSUR01,2049,0.0
GLOBAL,PWRSPVRUSUR01,2050,0.0
GLOBAL,PWRURNRUSUR01,2021,1.479
GLOBAL,PWRURNRUSUR01,2022,1.479
GLOBAL,PWRURNRUSUR01,2023,1.479
GLOBAL,PWRURNRUSUR01,2024,1.479
GLOBAL,PWRURNRUSUR01,2025,0.0
GLOBAL,PWRURNRUSUR01,2026,0.0
GLOBAL,PWRURNRUSUR01,2027,0.0
GLOBAL,PWRURNRUSUR01,2028,0.0
GLOBAL,PWRURNRUSUR01,2029,0.0
GLOBAL,PWRURNRUSUR01,2030,0.0
GLOBAL,PWRURNRUSUR01,2031,0.0
GLOBAL,PWRURNRUSUR01,2032,0.0
GLOBAL,PWRURNRUSUR01,2033,0.0
GLOBAL,PWRURNRUSUR01,2034,0.0
GLOBAL,PWRURNRUSUR01,2035,0.0
GLOBAL,PWRURNRUSUR01,2036,0.0
GLOBAL,PWRURNRUSUR01,2037,0.0
GLOBAL,PWRURNRUSUR01,2038,0.0
GLOBAL,PWRURNRUSUR01,2039,0.0
GLOBAL,PWRURNRUSUR01,2040,0.0
GLOBAL,PWRURNRUSUR01,2041,0.0
GLOBAL,PWRURNRUSUR01,2042,0.0
GLOBAL,PWRURNRUSUR01,2043,0.0
GLOBAL,PWRURNRUSUR01,2044,0.0
GLOBAL,PWRURNRUSUR01,2045,0.0
GLOBAL,PWRURNRUSUR01,2046,0.0
GLOBAL,PWRURNRUSUR01,2047,0.0
GLOBAL,PWRURNRUSUR01,2048,0.0
GLOBAL,PWRURNRUSUR01,2049,0.0
GLOBAL,PWRURNRUSUR01,2050,0.0
GLOBAL,PWRWONRUSUR01,2021,0.002
GLOBAL,PWRWONRUSUR01,2022,0.002
GLOBAL,PWRWONRUSUR01,2023,0.002
GLOBAL,PWRWONRUSUR01,2024,0.002
GLOBAL,PWRWONRUSUR01,2025,0.002
GLOBAL,PWRWONRUSUR01,2026,0.002
GLOBAL,PWRWONRUSUR01,2027,0.002
GLOBAL,PWRWONRUSUR01,2028,0.002
GLOBAL,PWRWONRUSUR01,2029,0.002
GLOBAL,PWRWONRUSUR01,2030,0.002
GLOBAL,PWRWONRUSUR01,2031,0.002
GLOBAL,PWRWONRUSUR01,2032,0.0
GLOBAL,PWRWONRUSUR01,2033,0.0
GLOBAL,PWRWONRUSUR01,2034,0.0
GLOBAL,PWRWONRUSUR01,2035,0.0
GLOBAL,PWRWONRUSUR01,2036,0.0
GLOBAL,PWRWONRUSUR01,2037,0.0
GLOBAL,PWRWONRUSUR01,2038,0.0
GLOBAL,PWRWONRUSUR01,2039,0.0
GLOBAL,PWRWONRUSUR01,2040,0.0
GLOBAL,PWRWONRUSUR01,2041,0.0
GLOBAL,PWRWONRUSUR01,2042,0.0
GLOBAL,PWRWONRUSUR01,2043,0.0
GLOBAL,PWRWONRUSUR01,2044,0.0
GLOBAL,PWRWONRUSUR01,2045,0.0
GLOBAL,PWRWONRUSUR01,2046,0.0
GLOBAL,PWRWONRUSUR01,2047,0.0
GLOBAL,PWRWONRUSUR01,2048,0.0
GLOBAL,PWRWONRUSUR01,2049,0.0
GLOBAL,PWRWONRUSUR01,2050,0.0
GLOBAL,PWRHYDRWAXX01,2021,0.129
GLOBAL,PWRHYDRWAXX01,2022,0.129
GLOBAL,PWRHYDRWAXX01,2023,0.129
GLOBAL,PWRHYDRWAXX01,2024,0.129
GLOBAL,PWRHYDRWAXX01,2025,0.129
GLOBAL,PWRHYDRWAXX01,2026,0.129
GLOBAL,PWRHYDRWAXX01,2027,0.129
GLOBAL,PWRHYDRWAXX01,2028,0.129
GLOBAL,PWRHYDRWAXX01,2029,0.129
GLOBAL,PWRHYDRWAXX01,2030,0.129
GLOBAL,PWRHYDRWAXX01,2031,0.129
GLOBAL,PWRHYDRWAXX01,2032,0.129
GLOBAL,PWRHYDRWAXX01,2033,0.129
GLOBAL,PWRHYDRWAXX01,2034,0.129
GLOBAL,PWRHYDRWAXX01,2035,0.129
GLOBAL,PWRHYDRWAXX01,2036,0.129
GLOBAL,PWRHYDRWAXX01,2037,0.129
GLOBAL,PWRHYDRWAXX01,2038,0.129
GLOBAL,PWRHYDRWAXX01,2039,0.129
GLOBAL,PWRHYDRWAXX01,2040,0.129
GLOBAL,PWRHYDRWAXX01,2041,0.129
GLOBAL,PWRHYDRWAXX01,2042,0.129
GLOBAL,PWRHYDRWAXX01,2043,0.129
GLOBAL,PWRHYDRWAXX01,2044,0.129
GLOBAL,PWRHYDRWAXX01,2045,0.129
GLOBAL,PWRHYDRWAXX01,2046,0.129
GLOBAL,PWRHYDRWAXX01,2047,0.129
GLOBAL,PWRHYDRWAXX01,2048,0.129
GLOBAL,PWRHYDRWAXX01,2049,0.129
GLOBAL,PWRHYDRWAXX01,2050,0.129
GLOBAL,PWROCGRWAXX00,2021,0.026
GLOBAL,PWROCGRWAXX00,2022,0.026
GLOBAL,PWROCGRWAXX00,2023,0.026
GLOBAL,PWROCGRWAXX00,2024,0.026
GLOBAL,PWROCGRWAXX00,2025,0.026
GLOBAL,PWROCGRWAXX00,2026,0.026
GLOBAL,PWROCGRWAXX00,2027,0.026
GLOBAL,PWROCGRWAXX00,2028,0.026
GLOBAL,PWROCGRWAXX00,2029,0.026
GLOBAL,PWROCGRWAXX00,2030,0.026
GLOBAL,PWROCGRWAXX00,2031,0.026
GLOBAL,PWROCGRWAXX00,2032,0.026
GLOBAL,PWROCGRWAXX00,2033,0.026
GLOBAL,PWROCGRWAXX00,2034,0.026
GLOBAL,PWROCGRWAXX00,2035,0.026
GLOBAL,PWROCGRWAXX00,2036,0.026
GLOBAL,PWROCGRWAXX00,2037,0.026
GLOBAL,PWROCGRWAXX00,2038,0.026
GLOBAL,PWROCGRWAXX00,2039,0.026
GLOBAL,PWROCGRWAXX00,2040,0.026
GLOBAL,PWROCGRWAXX00,2041,0.026
GLOBAL,PWROCGRWAXX00,2042,0.026
GLOBAL,PWROCGRWAXX00,2043,0.026
GLOBAL,PWROCGRWAXX00,2044,0.026
GLOBAL,PWROCGRWAXX00,2045,0.026
GLOBAL,PWROCGRWAXX00,2046,0.026
GLOBAL,PWROCGRWAXX00,2047,0.0
GLOBAL,PWROCGRWAXX00,2048,0.0
GLOBAL,PWROCGRWAXX00,2049,0.0
GLOBAL,PWROCGRWAXX00,2050,0.0
GLOBAL,PWROILRWAXX01,2021,0.028
GLOBAL,PWROILRWAXX01,2022,0.028
GLOBAL,PWROILRWAXX01,2023,0.028
GLOBAL,PWROILRWAXX01,2024,0.028
GLOBAL,PWROILRWAXX01,2025,0.028
GLOBAL,PWROILRWAXX01,2026,0.028
GLOBAL,PWROILRWAXX01,2027,0.028
GLOBAL,PWROILRWAXX01,2028,0.028
GLOBAL,PWROILRWAXX01,2029,0.028
GLOBAL,PWROILRWAXX01,2030,0.028
GLOBAL,PWROILRWAXX01,2031,0.028
GLOBAL,PWROILRWAXX01,2032,0.028
GLOBAL,PWROILRWAXX01,2033,0.028
GLOBAL,PWROILRWAXX01,2034,0.028
GLOBAL,PWROILRWAXX01,2035,0.028
GLOBAL,PWROILRWAXX01,2036,0.02
GLOBAL,PWROILRWAXX01,2037,0.02
GLOBAL,PWROILRWAXX01,2038,0.02
GLOBAL,PWROILRWAXX01,2039,0.02
GLOBAL,PWROILRWAXX01,2040,0.0
GLOBAL,PWROILRWAXX01,2041,0.0
GLOBAL,PWROILRWAXX01,2042,0.0
GLOBAL,PWROILRWAXX01,2043,0.0
GLOBAL,PWROILRWAXX01,2044,0.0
GLOBAL,PWROILRWAXX01,2045,0.0
GLOBAL,PWROILRWAXX01,2046,0.0
GLOBAL,PWROILRWAXX01,2047,0.0
GLOBAL,PWROILRWAXX01,2048,0.0
GLOBAL,PWROILRWAXX01,2049,0.0
GLOBAL,PWROILRWAXX01,2050,0.0
GLOBAL,PWRSPVRWAXX01,2021,0.009
GLOBAL,PWRSPVRWAXX01,2022,0.009
GLOBAL,PWRSPVRWAXX01,2023,0.009
GLOBAL,PWRSPVRWAXX01,2024,0.009
GLOBAL,PWRSPVRWAXX01,2025,0.009
GLOBAL,PWRSPVRWAXX01,2026,0.009
GLOBAL,PWRSPVRWAXX01,2027,0.009
GLOBAL,PWRSPVRWAXX01,2028,0.009
GLOBAL,PWRSPVRWAXX01,2029,0.009
GLOBAL,PWRSPVRWAXX01,2030,0.009
GLOBAL,PWRSPVRWAXX01,2031,0.009
GLOBAL,PWRSPVRWAXX01,2032,0.009
GLOBAL,PWRSPVRWAXX01,2033,0.009
GLOBAL,PWRSPVRWAXX01,2034,0.009
GLOBAL,PWRSPVRWAXX01,2035,0.009
GLOBAL,PWRSPVRWAXX01,2036,0.009
GLOBAL,PWRSPVRWAXX01,2037,0.009
GLOBAL,PWRSPVRWAXX01,2038,0.009
GLOBAL,PWRSPVRWAXX01,2039,0.009
GLOBAL,PWRSPVRWAXX01,2040,0.009
GLOBAL,PWRSPVRWAXX01,2041,0.009
GLOBAL,PWRSPVRWAXX01,2042,0.009
GLOBAL,PWRSPVRWAXX01,2043,0.009
GLOBAL,PWRSPVRWAXX01,2044,0.009
GLOBAL,PWRSPVRWAXX01,2045,0.009
GLOBAL,PWRSPVRWAXX01,2046,0.0
GLOBAL,PWRSPVRWAXX01,2047,0.0
GLOBAL,PWRSPVRWAXX01,2048,0.0
GLOBAL,PWRSPVRWAXX01,2049,0.0
GLOBAL,PWRSPVRWAXX01,2050,0.0
GLOBAL,PWRWASRWAXX01,2021,0.004
GLOBAL,PWRWASRWAXX01,2022,0.004
GLOBAL,PWRWASRWAXX01,2023,0.004
GLOBAL,PWRWASRWAXX01,2024,0.004
GLOBAL,PWRWASRWAXX01,2025,0.004
GLOBAL,PWRWASRWAXX01,2026,0.004
GLOBAL,PWRWASRWAXX01,2027,0.004
GLOBAL,PWRWASRWAXX01,2028,0.004
GLOBAL,PWRWASRWAXX01,2029,0.004
GLOBAL,PWRWASRWAXX01,2030,0.004
GLOBAL,PWRWASRWAXX01,2031,0.004
GLOBAL,PWRWASRWAXX01,2032,0.004
GLOBAL,PWRWASRWAXX01,2033,0.004
GLOBAL,PWRWASRWAXX01,2034,0.004
GLOBAL,PWRWASRWAXX01,2035,0.004
GLOBAL,PWRWASRWAXX01,2036,0.004
GLOBAL,PWRWASRWAXX01,2037,0.004
GLOBAL,PWRWASRWAXX01,2038,0.004
GLOBAL,PWRWASRWAXX01,2039,0.004
GLOBAL,PWRWASRWAXX01,2040,0.004
GLOBAL,PWRWASRWAXX01,2041,0.0
GLOBAL,PWRWASRWAXX01,2042,0.0
GLOBAL,PWRWASRWAXX01,2043,0.0
GLOBAL,PWRWASRWAXX01,2044,0.0
GLOBAL,PWRWASRWAXX01,2045,0.0
GLOBAL,PWRWASRWAXX01,2046,0.0
GLOBAL,PWRWASRWAXX01,2047,0.0
GLOBAL,PWRWASRWAXX01,2048,0.0
GLOBAL,PWRWASRWAXX01,2049,0.0
GLOBAL,PWRWASRWAXX01,2050,0.0
GLOBAL,PWRCCGSAUXX00,2021,34.117
GLOBAL,PWRCCGSAUXX00,2022,34.117
GLOBAL,PWRCCGSAUXX00,2023,31.618
GLOBAL,PWRCCGSAUXX00,2024,31.618
GLOBAL,PWRCCGSAUXX00,2025,31.618
GLOBAL,PWRCCGSAUXX00,2026,31.618
GLOBAL,PWRCCGSAUXX00,2027,31.618
GLOBAL,PWRCCGSAUXX00,2028,31.618
GLOBAL,PWRCCGSAUXX00,2029,31.298
GLOBAL,PWRCCGSAUXX00,2030,31.298
GLOBAL,PWRCCGSAUXX00,2031,30.9
GLOBAL,PWRCCGSAUXX00,2032,30.9
GLOBAL,PWRCCGSAUXX00,2033,30.738
GLOBAL,PWRCCGSAUXX00,2034,23.613
GLOBAL,PWRCCGSAUXX00,2035,23.469
GLOBAL,PWRCCGSAUXX00,2036,21.605
GLOBAL,PWRCCGSAUXX00,2037,21.452
GLOBAL,PWRCCGSAUXX00,2038,21.452
GLOBAL,PWRCCGSAUXX00,2039,19.382
GLOBAL,PWRCCGSAUXX00,2040,18.138
GLOBAL,PWRCCGSAUXX00,2041,15.194
GLOBAL,PWRCCGSAUXX00,2042,15.194
GLOBAL,PWRCCGSAUXX00,2043,14.746
GLOBAL,PWRCCGSAUXX00,2044,14.746
GLOBAL,PWRCCGSAUXX00,2045,6.418
GLOBAL,PWRCCGSAUXX00,2046,3.47
GLOBAL,PWRCCGSAUXX00,2047,0.0
GLOBAL,PWRCCGSAUXX00,2048,0.0
GLOBAL,PWRCCGSAUXX00,2049,0.0
GLOBAL,PWRCCGSAUXX00,2050,0.0
GLOBAL,PWROCGSAUXX00,2021,0.4
GLOBAL,PWROCGSAUXX00,2022,0.4
GLOBAL,PWROCGSAUXX00,2023,0.4
GLOBAL,PWROCGSAUXX00,2024,0.4
GLOBAL,PWROCGSAUXX00,2025,0.4
GLOBAL,PWROCGSAUXX00,2026,0.4
GLOBAL,PWROCGSAUXX00,2027,0.4
GLOBAL,PWROCGSAUXX00,2028,0.4
GLOBAL,PWROCGSAUXX00,2029,0.204
GLOBAL,PWROCGSAUXX00,2030,0.204
GLOBAL,PWROCGSAUXX00,2031,0.204
GLOBAL,PWROCGSAUXX00,2032,0.204
GLOBAL,PWROCGSAUXX00,2033,0.204
GLOBAL,PWROCGSAUXX00,2034,0.149
GLOBAL,PWROCGSAUXX00,2035,0.149
GLOBAL,PWROCGSAUXX00,2036,0.0
GLOBAL,PWROCGSAUXX00,2037,0.0
GLOBAL,PWROCGSAUXX00,2038,0.0
GLOBAL,PWROCGSAUXX00,2039,0.0
GLOBAL,PWROCGSAUXX00,2040,0.0
GLOBAL,PWROCGSAUXX00,2041,0.0
GLOBAL,PWROCGSAUXX00,2042,0.0
GLOBAL,PWROCGSAUXX00,2043,0.0
GLOBAL,PWROCGSAUXX00,2044,0.0
GLOBAL,PWROCGSAUXX00,2045,0.0
GLOBAL,PWROCGSAUXX00,2046,0.0
GLOBAL,PWROCGSAUXX00,2047,0.0
GLOBAL,PWROCGSAUXX00,2048,0.0
GLOBAL,PWROCGSAUXX00,2049,0.0
GLOBAL,PWROCGSAUXX00,2050,0.0
GLOBAL,PWROILSAUXX01,2021,49.684
GLOBAL,PWROILSAUXX01,2022,49.684
GLOBAL,PWROILSAUXX01,2023,49.684
GLOBAL,PWROILSAUXX01,2024,49.684
GLOBAL,PWROILSAUXX01,2025,49.684
GLOBAL,PWROILSAUXX01,2026,49.684
GLOBAL,PWROILSAUXX01,2027,49.684
GLOBAL,PWROILSAUXX01,2028,49.684
GLOBAL,PWROILSAUXX01,2029,48.824
GLOBAL,PWROILSAUXX01,2030,47.636
GLOBAL,PWROILSAUXX01,2031,46.724
GLOBAL,PWROILSAUXX01,2032,46.724
GLOBAL,PWROILSAUXX01,2033,46.621
GLOBAL,PWROILSAUXX01,2034,42.843
GLOBAL,PWROILSAUXX01,2035,42.843
GLOBAL,PWROILSAUXX01,2036,41.037
GLOBAL,PWROILSAUXX01,2037,39.977
GLOBAL,PWROILSAUXX01,2038,39.961
GLOBAL,PWROILSAUXX01,2039,35.414
GLOBAL,PWROILSAUXX01,2040,34.222
GLOBAL,PWROILSAUXX01,2041,28.852
GLOBAL,PWROILSAUXX01,2042,28.852
GLOBAL,PWROILSAUXX01,2043,26.101
GLOBAL,PWROILSAUXX01,2044,13.638
GLOBAL,PWROILSAUXX01,2045,10.576
GLOBAL,PWROILSAUXX01,2046,10.108
GLOBAL,PWROILSAUXX01,2047,0.0
GLOBAL,PWROILSAUXX01,2048,0.0
GLOBAL,PWROILSAUXX01,2049,0.0
GLOBAL,PWROILSAUXX01,2050,0.0
GLOBAL,PWRSPVSAUXX01,2021,0.049
GLOBAL,PWRSPVSAUXX01,2022,0.049
GLOBAL,PWRSPVSAUXX01,2023,0.049
GLOBAL,PWRSPVSAUXX01,2024,0.049
GLOBAL,PWRSPVSAUXX01,2025,0.049
GLOBAL,PWRSPVSAUXX01,2026,0.049
GLOBAL,PWRSPVSAUXX01,2027,0.049
GLOBAL,PWRSPVSAUXX01,2028,0.049
GLOBAL,PWRSPVSAUXX01,2029,0.049
GLOBAL,PWRSPVSAUXX01,2030,0.049
GLOBAL,PWRSPVSAUXX01,2031,0.049
GLOBAL,PWRSPVSAUXX01,2032,0.049
GLOBAL,PWRSPVSAUXX01,2033,0.049
GLOBAL,PWRSPVSAUXX01,2034,0.049
GLOBAL,PWRSPVSAUXX01,2035,0.049
GLOBAL,PWRSPVSAUXX01,2036,0.049
GLOBAL,PWRSPVSAUXX01,2037,0.049
GLOBAL,PWRSPVSAUXX01,2038,0.049
GLOBAL,PWRSPVSAUXX01,2039,0.049
GLOBAL,PWRSPVSAUXX01,2040,0.049
GLOBAL,PWRSPVSAUXX01,2041,0.049
GLOBAL,PWRSPVSAUXX01,2042,0.049
GLOBAL,PWRSPVSAUXX01,2043,0.034
GLOBAL,PWRSPVSAUXX01,2044,0.034
GLOBAL,PWRSPVSAUXX01,2045,0.0
GLOBAL,PWRSPVSAUXX01,2046,0.0
GLOBAL,PWRSPVSAUXX01,2047,0.0
GLOBAL,PWRSPVSAUXX01,2048,0.0
GLOBAL,PWRSPVSAUXX01,2049,0.0
GLOBAL,PWRSPVSAUXX01,2050,0.0
GLOBAL,PWRBIOSDNXX01,2021,0.191
GLOBAL,PWRBIOSDNXX01,2022,0.191
GLOBAL,PWRBIOSDNXX01,2023,0.191
GLOBAL,PWRBIOSDNXX01,2024,0.191
GLOBAL,PWRBIOSDNXX01,2025,0.191
GLOBAL,PWRBIOSDNXX01,2026,0.191
GLOBAL,PWRBIOSDNXX01,2027,0.191
GLOBAL,PWRBIOSDNXX01,2028,0.191
GLOBAL,PWRBIOSDNXX01,2029,0.191
GLOBAL,PWRBIOSDNXX01,2030,0.191
GLOBAL,PWRBIOSDNXX01,2031,0.191
GLOBAL,PWRBIOSDNXX01,2032,0.0
GLOBAL,PWRBIOSDNXX01,2033,0.0
GLOBAL,PWRBIOSDNXX01,2034,0.0
GLOBAL,PWRBIOSDNXX01,2035,0.0
GLOBAL,PWRBIOSDNXX01,2036,0.0
GLOBAL,PWRBIOSDNXX01,2037,0.0
GLOBAL,PWRBIOSDNXX01,2038,0.0
GLOBAL,PWRBIOSDNXX01,2039,0.0
GLOBAL,PWRBIOSDNXX01,2040,0.0
GLOBAL,PWRBIOSDNXX01,2041,0.0
GLOBAL,PWRBIOSDNXX01,2042,0.0
GLOBAL,PWRBIOSDNXX01,2043,0.0
GLOBAL,PWRBIOSDNXX01,2044,0.0
GLOBAL,PWRBIOSDNXX01,2045,0.0
GLOBAL,PWRBIOSDNXX01,2046,0.0
GLOBAL,PWRBIOSDNXX01,2047,0.0
GLOBAL,PWRBIOSDNXX01,2048,0.0
GLOBAL,PWRBIOSDNXX01,2049,0.0
GLOBAL,PWRBIOSDNXX01,2050,0.0
GLOBAL,PWRCCGSDNXX00,2021,0.319
GLOBAL,PWRCCGSDNXX00,2022,0.319
GLOBAL,PWRCCGSDNXX00,2023,0.319
GLOBAL,PWRCCGSDNXX00,2024,0.319
GLOBAL,PWRCCGSDNXX00,2025,0.0
GLOBAL,PWRCCGSDNXX00,2026,0.0
GLOBAL,PWRCCGSDNXX00,2027,0.0
GLOBAL,PWRCCGSDNXX00,2028,0.0
GLOBAL,PWRCCGSDNXX00,2029,0.0
GLOBAL,PWRCCGSDNXX00,2030,0.0
GLOBAL,PWRCCGSDNXX00,2031,0.0
GLOBAL,PWRCCGSDNXX00,2032,0.0
GLOBAL,PWRCCGSDNXX00,2033,0.0
GLOBAL,PWRCCGSDNXX00,2034,0.0
GLOBAL,PWRCCGSDNXX00,2035,0.0
GLOBAL,PWRCCGSDNXX00,2036,0.0
GLOBAL,PWRCCGSDNXX00,2037,0.0
GLOBAL,PWRCCGSDNXX00,2038,0.0
GLOBAL,PWRCCGSDNXX00,2039,0.0
GLOBAL,PWRCCGSDNXX00,2040,0.0
GLOBAL,PWRCCGSDNXX00,2041,0.0
GLOBAL,PWRCCGSDNXX00,2042,0.0
GLOBAL,PWRCCGSDNXX00,2043,0.0
GLOBAL,PWRCCGSDNXX00,2044,0.0
GLOBAL,PWRCCGSDNXX00,2045,0.0
GLOBAL,PWRCCGSDNXX00,2046,0.0
GLOBAL,PWRCCGSDNXX00,2047,0.0
GLOBAL,PWRCCGSDNXX00,2048,0.0
GLOBAL,PWRCCGSDNXX00,2049,0.0
GLOBAL,PWRCCGSDNXX00,2050,0.0
GLOBAL,PWRHYDSDNXX01,2021,2.252
GLOBAL,PWRHYDSDNXX01,2022,2.252
GLOBAL,PWRHYDSDNXX01,2023,2.252
GLOBAL,PWRHYDSDNXX01,2024,2.252
GLOBAL,PWRHYDSDNXX01,2025,2.252
GLOBAL,PWRHYDSDNXX01,2026,2.252
GLOBAL,PWRHYDSDNXX01,2027,2.252
GLOBAL,PWRHYDSDNXX01,2028,2.252
GLOBAL,PWRHYDSDNXX01,2029,2.252
GLOBAL,PWRHYDSDNXX01,2030,2.252
GLOBAL,PWRHYDSDNXX01,2031,2.252
GLOBAL,PWRHYDSDNXX01,2032,2.252
GLOBAL,PWRHYDSDNXX01,2033,2.252
GLOBAL,PWRHYDSDNXX01,2034,2.252
GLOBAL,PWRHYDSDNXX01,2035,2.252
GLOBAL,PWRHYDSDNXX01,2036,2.252
GLOBAL,PWRHYDSDNXX01,2037,2.252
GLOBAL,PWRHYDSDNXX01,2038,2.252
GLOBAL,PWRHYDSDNXX01,2039,2.252
GLOBAL,PWRHYDSDNXX01,2040,2.252
GLOBAL,PWRHYDSDNXX01,2041,2.252
GLOBAL,PWRHYDSDNXX01,2042,2.252
GLOBAL,PWRHYDSDNXX01,2043,2.252
GLOBAL,PWRHYDSDNXX01,2044,2.252
GLOBAL,PWRHYDSDNXX01,2045,2.252
GLOBAL,PWRHYDSDNXX01,2046,2.252
GLOBAL,PWRHYDSDNXX01,2047,2.252
GLOBAL,PWRHYDSDNXX01,2048,2.252
GLOBAL,PWRHYDSDNXX01,2049,2.252
GLOBAL,PWRHYDSDNXX01,2050,2.252
GLOBAL,PWROILSDNXX01,2021,0.9263
GLOBAL,PWROILSDNXX01,2022,0.9263
GLOBAL,PWROILSDNXX01,2023,0.9263
GLOBAL,PWROILSDNXX01,2024,0.9263
GLOBAL,PWROILSDNXX01,2025,0.9263
GLOBAL,PWROILSDNXX01,2026,0.9263
GLOBAL,PWROILSDNXX01,2027,0.0
GLOBAL,PWROILSDNXX01,2028,0.0
GLOBAL,PWROILSDNXX01,2029,0.0
GLOBAL,PWROILSDNXX01,2030,0.0
GLOBAL,PWROILSDNXX01,2031,0.0
GLOBAL,PWROILSDNXX01,2032,0.0
GLOBAL,PWROILSDNXX01,2033,0.0
GLOBAL,PWROILSDNXX01,2034,0.0
GLOBAL,PWROILSDNXX01,2035,0.0
GLOBAL,PWROILSDNXX01,2036,0.0
GLOBAL,PWROILSDNXX01,2037,0.0
GLOBAL,PWROILSDNXX01,2038,0.0
GLOBAL,PWROILSDNXX01,2039,0.0
GLOBAL,PWROILSDNXX01,2040,0.0
GLOBAL,PWROILSDNXX01,2041,0.0
GLOBAL,PWROILSDNXX01,2042,0.0
GLOBAL,PWROILSDNXX01,2043,0.0
GLOBAL,PWROILSDNXX01,2044,0.0
GLOBAL,PWROILSDNXX01,2045,0.0
GLOBAL,PWROILSDNXX01,2046,0.0
GLOBAL,PWROILSDNXX01,2047,0.0
GLOBAL,PWROILSDNXX01,2048,0.0
GLOBAL,PWROILSDNXX01,2049,0.0
GLOBAL,PWROILSDNXX01,2050,0.0
GLOBAL,PWRBIOSENXX01,2021,0.025
GLOBAL,PWRBIOSENXX01,2022,0.025
GLOBAL,PWRBIOSENXX01,2023,0.025
GLOBAL,PWRBIOSENXX01,2024,0.025
GLOBAL,PWRBIOSENXX01,2025,0.025
GLOBAL,PWRBIOSENXX01,2026,0.025
GLOBAL,PWRBIOSENXX01,2027,0.025
GLOBAL,PWRBIOSENXX01,2028,0.025
GLOBAL,PWRBIOSENXX01,2029,0.025
GLOBAL,PWRBIOSENXX01,2030,0.025
GLOBAL,PWRBIOSENXX01,2031,0.025
GLOBAL,PWRBIOSENXX01,2032,0.0
GLOBAL,PWRBIOSENXX01,2033,0.0
GLOBAL,PWRBIOSENXX01,2034,0.0
GLOBAL,PWRBIOSENXX01,2035,0.0
GLOBAL,PWRBIOSENXX01,2036,0.0
GLOBAL,PWRBIOSENXX01,2037,0.0
GLOBAL,PWRBIOSENXX01,2038,0.0
GLOBAL,PWRBIOSENXX01,2039,0.0
GLOBAL,PWRBIOSENXX01,2040,0.0
GLOBAL,PWRBIOSENXX01,2041,0.0
GLOBAL,PWRBIOSENXX01,2042,0.0
GLOBAL,PWRBIOSENXX01,2043,0.0
GLOBAL,PWRBIOSENXX01,2044,0.0
GLOBAL,PWRBIOSENXX01,2045,0.0
GLOBAL,PWRBIOSENXX01,2046,0.0
GLOBAL,PWRBIOSENXX01,2047,0.0
GLOBAL,PWRBIOSENXX01,2048,0.0
GLOBAL,PWRBIOSENXX01,2049,0.0
GLOBAL,PWRBIOSENXX01,2050,0.0
GLOBAL,PWRHYDSENXX01,2021,0.12
GLOBAL,PWRHYDSENXX01,2022,0.12
GLOBAL,PWRHYDSENXX01,2023,0.12
GLOBAL,PWRHYDSENXX01,2024,0.12
GLOBAL,PWRHYDSENXX01,2025,0.12
GLOBAL,PWRHYDSENXX01,2026,0.12
GLOBAL,PWRHYDSENXX01,2027,0.12
GLOBAL,PWRHYDSENXX01,2028,0.12
GLOBAL,PWRHYDSENXX01,2029,0.12
GLOBAL,PWRHYDSENXX01,2030,0.12
GLOBAL,PWRHYDSENXX01,2031,0.12
GLOBAL,PWRHYDSENXX01,2032,0.12
GLOBAL,PWRHYDSENXX01,2033,0.12
GLOBAL,PWRHYDSENXX01,2034,0.12
GLOBAL,PWRHYDSENXX01,2035,0.12
GLOBAL,PWRHYDSENXX01,2036,0.12
GLOBAL,PWRHYDSENXX01,2037,0.12
GLOBAL,PWRHYDSENXX01,2038,0.12
GLOBAL,PWRHYDSENXX01,2039,0.12
GLOBAL,PWRHYDSENXX01,2040,0.12
GLOBAL,PWRHYDSENXX01,2041,0.12
GLOBAL,PWRHYDSENXX01,2042,0.12
GLOBAL,PWRHYDSENXX01,2043,0.12
GLOBAL,PWRHYDSENXX01,2044,0.12
GLOBAL,PWRHYDSENXX01,2045,0.12
GLOBAL,PWRHYDSENXX01,2046,0.12
GLOBAL,PWRHYDSENXX01,2047,0.12
GLOBAL,PWRHYDSENXX01,2048,0.12
GLOBAL,PWRHYDSENXX01,2049,0.12
GLOBAL,PWRHYDSENXX01,2050,0.12
GLOBAL,PWROILSENXX01,2021,0.8555
GLOBAL,PWROILSENXX01,2022,0.8555
GLOBAL,PWROILSENXX01,2023,0.8555
GLOBAL,PWROILSENXX01,2024,0.8555
GLOBAL,PWROILSENXX01,2025,0.8555
GLOBAL,PWROILSENXX01,2026,0.8555
GLOBAL,PWROILSENXX01,2027,0.0
GLOBAL,PWROILSENXX01,2028,0.0
GLOBAL,PWROILSENXX01,2029,0.0
GLOBAL,PWROILSENXX01,2030,0.0
GLOBAL,PWROILSENXX01,2031,0.0
GLOBAL,PWROILSENXX01,2032,0.0
GLOBAL,PWROILSENXX01,2033,0.0
GLOBAL,PWROILSENXX01,2034,0.0
GLOBAL,PWROILSENXX01,2035,0.0
GLOBAL,PWROILSENXX01,2036,0.0
GLOBAL,PWROILSENXX01,2037,0.0
GLOBAL,PWROILSENXX01,2038,0.0
GLOBAL,PWROILSENXX01,2039,0.0
GLOBAL,PWROILSENXX01,2040,0.0
GLOBAL,PWROILSENXX01,2041,0.0
GLOBAL,PWROILSENXX01,2042,0.0
GLOBAL,PWROILSENXX01,2043,0.0
GLOBAL,PWROILSENXX01,2044,0.0
GLOBAL,PWROILSENXX01,2045,0.0
GLOBAL,PWROILSENXX01,2046,0.0
GLOBAL,PWROILSENXX01,2047,0.0
GLOBAL,PWROILSENXX01,2048,0.0
GLOBAL,PWROILSENXX01,2049,0.0
GLOBAL,PWROILSENXX01,2050,0.0
GLOBAL,PWRSPVSENXX01,2021,0.011
GLOBAL,PWRSPVSENXX01,2022,0.011
GLOBAL,PWRSPVSENXX01,2023,0.011
GLOBAL,PWRSPVSENXX01,2024,0.011
GLOBAL,PWRSPVSENXX01,2025,0.011
GLOBAL,PWRSPVSENXX01,2026,0.011
GLOBAL,PWRSPVSENXX01,2027,0.011
GLOBAL,PWRSPVSENXX01,2028,0.011
GLOBAL,PWRSPVSENXX01,2029,0.011
GLOBAL,PWRSPVSENXX01,2030,0.011
GLOBAL,PWRSPVSENXX01,2031,0.011
GLOBAL,PWRSPVSENXX01,2032,0.011
GLOBAL,PWRSPVSENXX01,2033,0.011
GLOBAL,PWRSPVSENXX01,2034,0.011
GLOBAL,PWRSPVSENXX01,2035,0.011
GLOBAL,PWRSPVSENXX01,2036,0.011
GLOBAL,PWRSPVSENXX01,2037,0.011
GLOBAL,PWRSPVSENXX01,2038,0.011
GLOBAL,PWRSPVSENXX01,2039,0.011
GLOBAL,PWRSPVSENXX01,2040,0.011
GLOBAL,PWRSPVSENXX01,2041,0.011
GLOBAL,PWRSPVSENXX01,2042,0.011
GLOBAL,PWRSPVSENXX01,2043,0.011
GLOBAL,PWRSPVSENXX01,2044,0.011
GLOBAL,PWRSPVSENXX01,2045,0.0
GLOBAL,PWRSPVSENXX01,2046,0.0
GLOBAL,PWRSPVSENXX01,2047,0.0
GLOBAL,PWRSPVSENXX01,2048,0.0
GLOBAL,PWRSPVSENXX01,2049,0.0
GLOBAL,PWRSPVSENXX01,2050,0.0
GLOBAL,PWRCCGSGPXX00,2021,9.556
GLOBAL,PWRCCGSGPXX00,2022,9.556
GLOBAL,PWRCCGSGPXX00,2023,9.556
GLOBAL,PWRCCGSGPXX00,2024,9.556
GLOBAL,PWRCCGSGPXX00,2025,0.0
GLOBAL,PWRCCGSGPXX00,2026,0.0
GLOBAL,PWRCCGSGPXX00,2027,0.0
GLOBAL,PWRCCGSGPXX00,2028,0.0
GLOBAL,PWRCCGSGPXX00,2029,0.0
GLOBAL,PWRCCGSGPXX00,2030,0.0
GLOBAL,PWRCCGSGPXX00,2031,0.0
GLOBAL,PWRCCGSGPXX00,2032,0.0
GLOBAL,PWRCCGSGPXX00,2033,0.0
GLOBAL,PWRCCGSGPXX00,2034,0.0
GLOBAL,PWRCCGSGPXX00,2035,0.0
GLOBAL,PWRCCGSGPXX00,2036,0.0
GLOBAL,PWRCCGSGPXX00,2037,0.0
GLOBAL,PWRCCGSGPXX00,2038,0.0
GLOBAL,PWRCCGSGPXX00,2039,0.0
GLOBAL,PWRCCGSGPXX00,2040,0.0
GLOBAL,PWRCCGSGPXX00,2041,0.0
GLOBAL,PWRCCGSGPXX00,2042,0.0
GLOBAL,PWRCCGSGPXX00,2043,0.0
GLOBAL,PWRCCGSGPXX00,2044,0.0
GLOBAL,PWRCCGSGPXX00,2045,0.0
GLOBAL,PWRCCGSGPXX00,2046,0.0
GLOBAL,PWRCCGSGPXX00,2047,0.0
GLOBAL,PWRCCGSGPXX00,2048,0.0
GLOBAL,PWRCCGSGPXX00,2049,0.0
GLOBAL,PWRCCGSGPXX00,2050,0.0
GLOBAL,PWROILSGPXX01,2021,3.948
GLOBAL,PWROILSGPXX01,2022,3.948
GLOBAL,PWROILSGPXX01,2023,3.948
GLOBAL,PWROILSGPXX01,2024,3.948
GLOBAL,PWROILSGPXX01,2025,3.948
GLOBAL,PWROILSGPXX01,2026,3.948
GLOBAL,PWROILSGPXX01,2027,0.0
GLOBAL,PWROILSGPXX01,2028,0.0
GLOBAL,PWROILSGPXX01,2029,0.0
GLOBAL,PWROILSGPXX01,2030,0.0
GLOBAL,PWROILSGPXX01,2031,0.0
GLOBAL,PWROILSGPXX01,2032,0.0
GLOBAL,PWROILSGPXX01,2033,0.0
GLOBAL,PWROILSGPXX01,2034,0.0
GLOBAL,PWROILSGPXX01,2035,0.0
GLOBAL,PWROILSGPXX01,2036,0.0
GLOBAL,PWROILSGPXX01,2037,0.0
GLOBAL,PWROILSGPXX01,2038,0.0
GLOBAL,PWROILSGPXX01,2039,0.0
GLOBAL,PWROILSGPXX01,2040,0.0
GLOBAL,PWROILSGPXX01,2041,0.0
GLOBAL,PWROILSGPXX01,2042,0.0
GLOBAL,PWROILSGPXX01,2043,0.0
GLOBAL,PWROILSGPXX01,2044,0.0
GLOBAL,PWROILSGPXX01,2045,0.0
GLOBAL,PWROILSGPXX01,2046,0.0
GLOBAL,PWROILSGPXX01,2047,0.0
GLOBAL,PWROILSGPXX01,2048,0.0
GLOBAL,PWROILSGPXX01,2049,0.0
GLOBAL,PWROILSGPXX01,2050,0.0
GLOBAL,PWRSPVSGPXX01,2021,0.06
GLOBAL,PWRSPVSGPXX01,2022,0.06
GLOBAL,PWRSPVSGPXX01,2023,0.06
GLOBAL,PWRSPVSGPXX01,2024,0.06
GLOBAL,PWRSPVSGPXX01,2025,0.06
GLOBAL,PWRSPVSGPXX01,2026,0.06
GLOBAL,PWRSPVSGPXX01,2027,0.06
GLOBAL,PWRSPVSGPXX01,2028,0.06
GLOBAL,PWRSPVSGPXX01,2029,0.06
GLOBAL,PWRSPVSGPXX01,2030,0.06
GLOBAL,PWRSPVSGPXX01,2031,0.06
GLOBAL,PWRSPVSGPXX01,2032,0.06
GLOBAL,PWRSPVSGPXX01,2033,0.06
GLOBAL,PWRSPVSGPXX01,2034,0.06
GLOBAL,PWRSPVSGPXX01,2035,0.06
GLOBAL,PWRSPVSGPXX01,2036,0.06
GLOBAL,PWRSPVSGPXX01,2037,0.06
GLOBAL,PWRSPVSGPXX01,2038,0.06
GLOBAL,PWRSPVSGPXX01,2039,0.06
GLOBAL,PWRSPVSGPXX01,2040,0.06
GLOBAL,PWRSPVSGPXX01,2041,0.06
GLOBAL,PWRSPVSGPXX01,2042,0.06
GLOBAL,PWRSPVSGPXX01,2043,0.06
GLOBAL,PWRSPVSGPXX01,2044,0.06
GLOBAL,PWRSPVSGPXX01,2045,0.0
GLOBAL,PWRSPVSGPXX01,2046,0.0
GLOBAL,PWRSPVSGPXX01,2047,0.0
GLOBAL,PWRSPVSGPXX01,2048,0.0
GLOBAL,PWRSPVSGPXX01,2049,0.0
GLOBAL,PWRSPVSGPXX01,2050,0.0
GLOBAL,PWRWASSGPXX01,2021,0.158
GLOBAL,PWRWASSGPXX01,2022,0.158
GLOBAL,PWRWASSGPXX01,2023,0.158
GLOBAL,PWRWASSGPXX01,2024,0.158
GLOBAL,PWRWASSGPXX01,2025,0.158
GLOBAL,PWRWASSGPXX01,2026,0.158
GLOBAL,PWRWASSGPXX01,2027,0.158
GLOBAL,PWRWASSGPXX01,2028,0.158
GLOBAL,PWRWASSGPXX01,2029,0.158
GLOBAL,PWRWASSGPXX01,2030,0.158
GLOBAL,PWRWASSGPXX01,2031,0.158
GLOBAL,PWRWASSGPXX01,2032,0.0
GLOBAL,PWRWASSGPXX01,2033,0.0
GLOBAL,PWRWASSGPXX01,2034,0.0
GLOBAL,PWRWASSGPXX01,2035,0.0
GLOBAL,PWRWASSGPXX01,2036,0.0
GLOBAL,PWRWASSGPXX01,2037,0.0
GLOBAL,PWRWASSGPXX01,2038,0.0
GLOBAL,PWRWASSGPXX01,2039,0.0
GLOBAL,PWRWASSGPXX01,2040,0.0
GLOBAL,PWRWASSGPXX01,2041,0.0
GLOBAL,PWRWASSGPXX01,2042,0.0
GLOBAL,PWRWASSGPXX01,2043,0.0
GLOBAL,PWRWASSGPXX01,2044,0.0
GLOBAL,PWRWASSGPXX01,2045,0.0
GLOBAL,PWRWASSGPXX01,2046,0.0
GLOBAL,PWRWASSGPXX01,2047,0.0
GLOBAL,PWRWASSGPXX01,2048,0.0
GLOBAL,PWRWASSGPXX01,2049,0.0
GLOBAL,PWRWASSGPXX01,2050,0.0
GLOBAL,PWRHYDSLEXX01,2021,0.05
GLOBAL,PWRHYDSLEXX01,2022,0.05
GLOBAL,PWRHYDSLEXX01,2023,0.05
GLOBAL,PWRHYDSLEXX01,2024,0.05
GLOBAL,PWRHYDSLEXX01,2025,0.05
GLOBAL,PWRHYDSLEXX01,2026,0.05
GLOBAL,PWRHYDSLEXX01,2027,0.05
GLOBAL,PWRHYDSLEXX01,2028,0.05
GLOBAL,PWRHYDSLEXX01,2029,0.05
GLOBAL,PWRHYDSLEXX01,2030,0.05
GLOBAL,PWRHYDSLEXX01,2031,0.05
GLOBAL,PWRHYDSLEXX01,2032,0.05
GLOBAL,PWRHYDSLEXX01,2033,0.05
GLOBAL,PWRHYDSLEXX01,2034,0.05
GLOBAL,PWRHYDSLEXX01,2035,0.05
GLOBAL,PWRHYDSLEXX01,2036,0.05
GLOBAL,PWRHYDSLEXX01,2037,0.05
GLOBAL,PWRHYDSLEXX01,2038,0.05
GLOBAL,PWRHYDSLEXX01,2039,0.05
GLOBAL,PWRHYDSLEXX01,2040,0.05
GLOBAL,PWRHYDSLEXX01,2041,0.05
GLOBAL,PWRHYDSLEXX01,2042,0.05
GLOBAL,PWRHYDSLEXX01,2043,0.05
GLOBAL,PWRHYDSLEXX01,2044,0.05
GLOBAL,PWRHYDSLEXX01,2045,0.05
GLOBAL,PWRHYDSLEXX01,2046,0.05
GLOBAL,PWRHYDSLEXX01,2047,0.05
GLOBAL,PWRHYDSLEXX01,2048,0.05
GLOBAL,PWRHYDSLEXX01,2049,0.05
GLOBAL,PWRHYDSLEXX01,2050,0.05
GLOBAL,PWROILSLEXX01,2021,0.076
GLOBAL,PWROILSLEXX01,2022,0.076
GLOBAL,PWROILSLEXX01,2023,0.076
GLOBAL,PWROILSLEXX01,2024,0.076
GLOBAL,PWROILSLEXX01,2025,0.076
GLOBAL,PWROILSLEXX01,2026,0.076
GLOBAL,PWROILSLEXX01,2027,0.0
GLOBAL,PWROILSLEXX01,2028,0.0
GLOBAL,PWROILSLEXX01,2029,0.0
GLOBAL,PWROILSLEXX01,2030,0.0
GLOBAL,PWROILSLEXX01,2031,0.0
GLOBAL,PWROILSLEXX01,2032,0.0
GLOBAL,PWROILSLEXX01,2033,0.0
GLOBAL,PWROILSLEXX01,2034,0.0
GLOBAL,PWROILSLEXX01,2035,0.0
GLOBAL,PWROILSLEXX01,2036,0.0
GLOBAL,PWROILSLEXX01,2037,0.0
GLOBAL,PWROILSLEXX01,2038,0.0
GLOBAL,PWROILSLEXX01,2039,0.0
GLOBAL,PWROILSLEXX01,2040,0.0
GLOBAL,PWROILSLEXX01,2041,0.0
GLOBAL,PWROILSLEXX01,2042,0.0
GLOBAL,PWROILSLEXX01,2043,0.0
GLOBAL,PWROILSLEXX01,2044,0.0
GLOBAL,PWROILSLEXX01,2045,0.0
GLOBAL,PWROILSLEXX01,2046,0.0
GLOBAL,PWROILSLEXX01,2047,0.0
GLOBAL,PWROILSLEXX01,2048,0.0
GLOBAL,PWROILSLEXX01,2049,0.0
GLOBAL,PWROILSLEXX01,2050,0.0
GLOBAL,PWRBIOSLVXX01,2021,0.202
GLOBAL,PWRBIOSLVXX01,2022,0.202
GLOBAL,PWRBIOSLVXX01,2023,0.202
GLOBAL,PWRBIOSLVXX01,2024,0.202
GLOBAL,PWRBIOSLVXX01,2025,0.202
GLOBAL,PWRBIOSLVXX01,2026,0.202
GLOBAL,PWRBIOSLVXX01,2027,0.202
GLOBAL,PWRBIOSLVXX01,2028,0.202
GLOBAL,PWRBIOSLVXX01,2029,0.202
GLOBAL,PWRBIOSLVXX01,2030,0.202
GLOBAL,PWRBIOSLVXX01,2031,0.202
GLOBAL,PWRBIOSLVXX01,2032,0.0
GLOBAL,PWRBIOSLVXX01,2033,0.0
GLOBAL,PWRBIOSLVXX01,2034,0.0
GLOBAL,PWRBIOSLVXX01,2035,0.0
GLOBAL,PWRBIOSLVXX01,2036,0.0
GLOBAL,PWRBIOSLVXX01,2037,0.0
GLOBAL,PWRBIOSLVXX01,2038,0.0
GLOBAL,PWRBIOSLVXX01,2039,0.0
GLOBAL,PWRBIOSLVXX01,2040,0.0
GLOBAL,PWRBIOSLVXX01,2041,0.0
GLOBAL,PWRBIOSLVXX01,2042,0.0
GLOBAL,PWRBIOSLVXX01,2043,0.0
GLOBAL,PWRBIOSLVXX01,2044,0.0
GLOBAL,PWRBIOSLVXX01,2045,0.0
GLOBAL,PWRBIOSLVXX01,2046,0.0
GLOBAL,PWRBIOSLVXX01,2047,0.0
GLOBAL,PWRBIOSLVXX01,2048,0.0
GLOBAL,PWRBIOSLVXX01,2049,0.0
GLOBAL,PWRBIOSLVXX01,2050,0.0
GLOBAL,PWRGEOSLVXX01,2021,0.204
GLOBAL,PWRGEOSLVXX01,2022,0.204
GLOBAL,PWRGEOSLVXX01,2023,0.204
GLOBAL,PWRGEOSLVXX01,2024,0.204
GLOBAL,PWRGEOSLVXX01,2025,0.204
GLOBAL,PWRGEOSLVXX01,2026,0.0
GLOBAL,PWRGEOSLVXX01,2027,0.0
GLOBAL,PWRGEOSLVXX01,2028,0.0
GLOBAL,PWRGEOSLVXX01,2029,0.0
GLOBAL,PWRGEOSLVXX01,2030,0.0
GLOBAL,PWRGEOSLVXX01,2031,0.0
GLOBAL,PWRGEOSLVXX01,2032,0.0
GLOBAL,PWRGEOSLVXX01,2033,0.0
GLOBAL,PWRGEOSLVXX01,2034,0.0
GLOBAL,PWRGEOSLVXX01,2035,0.0
GLOBAL,PWRGEOSLVXX01,2036,0.0
GLOBAL,PWRGEOSLVXX01,2037,0.0
GLOBAL,PWRGEOSLVXX01,2038,0.0
GLOBAL,PWRGEOSLVXX01,2039,0.0
GLOBAL,PWRGEOSLVXX01,2040,0.0
GLOBAL,PWRGEOSLVXX01,2041,0.0
GLOBAL,PWRGEOSLVXX01,2042,0.0
GLOBAL,PWRGEOSLVXX01,2043,0.0
GLOBAL,PWRGEOSLVXX01,2044,0.0
GLOBAL,PWRGEOSLVXX01,2045,0.0
GLOBAL,PWRGEOSLVXX01,2046,0.0
GLOBAL,PWRGEOSLVXX01,2047,0.0
GLOBAL,PWRGEOSLVXX01,2048,0.0
GLOBAL,PWRGEOSLVXX01,2049,0.0
GLOBAL,PWRGEOSLVXX01,2050,0.0
GLOBAL,PWRHYDSLVXX01,2021,0.469
GLOBAL,PWRHYDSLVXX01,2022,0.469
GLOBAL,PWRHYDSLVXX01,2023,0.469
GLOBAL,PWRHYDSLVXX01,2024,0.469
GLOBAL,PWRHYDSLVXX01,2025,0.469
GLOBAL,PWRHYDSLVXX01,2026,0.469
GLOBAL,PWRHYDSLVXX01,2027,0.469
GLOBAL,PWRHYDSLVXX01,2028,0.469
GLOBAL,PWRHYDSLVXX01,2029,0.469
GLOBAL,PWRHYDSLVXX01,2030,0.469
GLOBAL,PWRHYDSLVXX01,2031,0.469
GLOBAL,PWRHYDSLVXX01,2032,0.469
GLOBAL,PWRHYDSLVXX01,2033,0.469
GLOBAL,PWRHYDSLVXX01,2034,0.469
GLOBAL,PWRHYDSLVXX01,2035,0.469
GLOBAL,PWRHYDSLVXX01,2036,0.469
GLOBAL,PWRHYDSLVXX01,2037,0.469
GLOBAL,PWRHYDSLVXX01,2038,0.469
GLOBAL,PWRHYDSLVXX01,2039,0.469
GLOBAL,PWRHYDSLVXX01,2040,0.469
GLOBAL,PWRHYDSLVXX01,2041,0.469
GLOBAL,PWRHYDSLVXX01,2042,0.469
GLOBAL,PWRHYDSLVXX01,2043,0.469
GLOBAL,PWRHYDSLVXX01,2044,0.469
GLOBAL,PWRHYDSLVXX01,2045,0.469
GLOBAL,PWRHYDSLVXX01,2046,0.469
GLOBAL,PWRHYDSLVXX01,2047,0.469
GLOBAL,PWRHYDSLVXX01,2048,0.469
GLOBAL,PWRHYDSLVXX01,2049,0.469
GLOBAL,PWRHYDSLVXX01,2050,0.469
GLOBAL,PWROILSLVXX01,2021,0.9518
GLOBAL,PWROILSLVXX01,2022,0.9518
GLOBAL,PWROILSLVXX01,2023,0.9518
GLOBAL,PWROILSLVXX01,2024,0.9518
GLOBAL,PWROILSLVXX01,2025,0.9518
GLOBAL,PWROILSLVXX01,2026,0.9518
GLOBAL,PWROILSLVXX01,2027,0.0
GLOBAL,PWROILSLVXX01,2028,0.0
GLOBAL,PWROILSLVXX01,2029,0.0
GLOBAL,PWROILSLVXX01,2030,0.0
GLOBAL,PWROILSLVXX01,2031,0.0
GLOBAL,PWROILSLVXX01,2032,0.0
GLOBAL,PWROILSLVXX01,2033,0.0
GLOBAL,PWROILSLVXX01,2034,0.0
GLOBAL,PWROILSLVXX01,2035,0.0
GLOBAL,PWROILSLVXX01,2036,0.0
GLOBAL,PWROILSLVXX01,2037,0.0
GLOBAL,PWROILSLVXX01,2038,0.0
GLOBAL,PWROILSLVXX01,2039,0.0
GLOBAL,PWROILSLVXX01,2040,0.0
GLOBAL,PWROILSLVXX01,2041,0.0
GLOBAL,PWROILSLVXX01,2042,0.0
GLOBAL,PWROILSLVXX01,2043,0.0
GLOBAL,PWROILSLVXX01,2044,0.0
GLOBAL,PWROILSLVXX01,2045,0.0
GLOBAL,PWROILSLVXX01,2046,0.0
GLOBAL,PWROILSLVXX01,2047,0.0
GLOBAL,PWROILSLVXX01,2048,0.0
GLOBAL,PWROILSLVXX01,2049,0.0
GLOBAL,PWROILSLVXX01,2050,0.0
GLOBAL,PWRSPVSLVXX01,2021,0.016
GLOBAL,PWRSPVSLVXX01,2022,0.016
GLOBAL,PWRSPVSLVXX01,2023,0.016
GLOBAL,PWRSPVSLVXX01,2024,0.016
GLOBAL,PWRSPVSLVXX01,2025,0.016
GLOBAL,PWRSPVSLVXX01,2026,0.016
GLOBAL,PWRSPVSLVXX01,2027,0.016
GLOBAL,PWRSPVSLVXX01,2028,0.016
GLOBAL,PWRSPVSLVXX01,2029,0.016
GLOBAL,PWRSPVSLVXX01,2030,0.016
GLOBAL,PWRSPVSLVXX01,2031,0.016
GLOBAL,PWRSPVSLVXX01,2032,0.016
GLOBAL,PWRSPVSLVXX01,2033,0.016
GLOBAL,PWRSPVSLVXX01,2034,0.016
GLOBAL,PWRSPVSLVXX01,2035,0.016
GLOBAL,PWRSPVSLVXX01,2036,0.016
GLOBAL,PWRSPVSLVXX01,2037,0.016
GLOBAL,PWRSPVSLVXX01,2038,0.016
GLOBAL,PWRSPVSLVXX01,2039,0.016
GLOBAL,PWRSPVSLVXX01,2040,0.016
GLOBAL,PWRSPVSLVXX01,2041,0.016
GLOBAL,PWRSPVSLVXX01,2042,0.016
GLOBAL,PWRSPVSLVXX01,2043,0.016
GLOBAL,PWRSPVSLVXX01,2044,0.016
GLOBAL,PWRSPVSLVXX01,2045,0.0
GLOBAL,PWRSPVSLVXX01,2046,0.0
GLOBAL,PWRSPVSLVXX01,2047,0.0
GLOBAL,PWRSPVSLVXX01,2048,0.0
GLOBAL,PWRSPVSLVXX01,2049,0.0
GLOBAL,PWRSPVSLVXX01,2050,0.0
GLOBAL,PWRCOASRBXX01,2021,5.566
GLOBAL,PWRCOASRBXX01,2022,5.566
GLOBAL,PWRCOASRBXX01,2023,5.566
GLOBAL,PWRCOASRBXX01,2024,5.566
GLOBAL,PWRCOASRBXX01,2025,5.566
GLOBAL,PWRCOASRBXX01,2026,5.566
GLOBAL,PWRCOASRBXX01,2027,5.566
GLOBAL,PWRCOASRBXX01,2028,0.0
GLOBAL,PWRCOASRBXX01,2029,0.0
GLOBAL,PWRCOASRBXX01,2030,0.0
GLOBAL,PWRCOASRBXX01,2031,0.0
GLOBAL,PWRCOASRBXX01,2032,0.0
GLOBAL,PWRCOASRBXX01,2033,0.0
GLOBAL,PWRCOASRBXX01,2034,0.0
GLOBAL,PWRCOASRBXX01,2035,0.0
GLOBAL,PWRCOASRBXX01,2036,0.0
GLOBAL,PWRCOASRBXX01,2037,0.0
GLOBAL,PWRCOASRBXX01,2038,0.0
GLOBAL,PWRCOASRBXX01,2039,0.0
GLOBAL,PWRCOASRBXX01,2040,0.0
GLOBAL,PWRCOASRBXX01,2041,0.0
GLOBAL,PWRCOASRBXX01,2042,0.0
GLOBAL,PWRCOASRBXX01,2043,0.0
GLOBAL,PWRCOASRBXX01,2044,0.0
GLOBAL,PWRCOASRBXX01,2045,0.0
GLOBAL,PWRCOASRBXX01,2046,0.0
GLOBAL,PWRCOASRBXX01,2047,0.0
GLOBAL,PWRCOASRBXX01,2048,0.0
GLOBAL,PWRCOASRBXX01,2049,0.0
GLOBAL,PWRCOASRBXX01,2050,0.0
GLOBAL,PWRHYDSRBXX01,2021,2.39
GLOBAL,PWRHYDSRBXX01,2022,2.39
GLOBAL,PWRHYDSRBXX01,2023,2.39
GLOBAL,PWRHYDSRBXX01,2024,2.39
GLOBAL,PWRHYDSRBXX01,2025,2.39
GLOBAL,PWRHYDSRBXX01,2026,2.39
GLOBAL,PWRHYDSRBXX01,2027,2.39
GLOBAL,PWRHYDSRBXX01,2028,2.39
GLOBAL,PWRHYDSRBXX01,2029,2.39
GLOBAL,PWRHYDSRBXX01,2030,2.39
GLOBAL,PWRHYDSRBXX01,2031,2.39
GLOBAL,PWRHYDSRBXX01,2032,2.39
GLOBAL,PWRHYDSRBXX01,2033,2.39
GLOBAL,PWRHYDSRBXX01,2034,2.39
GLOBAL,PWRHYDSRBXX01,2035,2.39
GLOBAL,PWRHYDSRBXX01,2036,2.39
GLOBAL,PWRHYDSRBXX01,2037,2.39
GLOBAL,PWRHYDSRBXX01,2038,2.39
GLOBAL,PWRHYDSRBXX01,2039,2.39
GLOBAL,PWRHYDSRBXX01,2040,2.39
GLOBAL,PWRHYDSRBXX01,2041,2.39
GLOBAL,PWRHYDSRBXX01,2042,2.39
GLOBAL,PWRHYDSRBXX01,2043,2.39
GLOBAL,PWRHYDSRBXX01,2044,2.39
GLOBAL,PWRHYDSRBXX01,2045,2.39
GLOBAL,PWRHYDSRBXX01,2046,2.39
GLOBAL,PWRHYDSRBXX01,2047,2.39
GLOBAL,PWRHYDSRBXX01,2048,2.39
GLOBAL,PWRHYDSRBXX01,2049,2.39
GLOBAL,PWRHYDSRBXX01,2050,2.39
GLOBAL,PWRSPVSRBXX01,2021,0.012
GLOBAL,PWRSPVSRBXX01,2022,0.012
GLOBAL,PWRSPVSRBXX01,2023,0.012
GLOBAL,PWRSPVSRBXX01,2024,0.012
GLOBAL,PWRSPVSRBXX01,2025,0.012
GLOBAL,PWRSPVSRBXX01,2026,0.012
GLOBAL,PWRSPVSRBXX01,2027,0.012
GLOBAL,PWRSPVSRBXX01,2028,0.012
GLOBAL,PWRSPVSRBXX01,2029,0.012
GLOBAL,PWRSPVSRBXX01,2030,0.012
GLOBAL,PWRSPVSRBXX01,2031,0.012
GLOBAL,PWRSPVSRBXX01,2032,0.012
GLOBAL,PWRSPVSRBXX01,2033,0.012
GLOBAL,PWRSPVSRBXX01,2034,0.012
GLOBAL,PWRSPVSRBXX01,2035,0.012
GLOBAL,PWRSPVSRBXX01,2036,0.012
GLOBAL,PWRSPVSRBXX01,2037,0.012
GLOBAL,PWRSPVSRBXX01,2038,0.012
GLOBAL,PWRSPVSRBXX01,2039,0.012
GLOBAL,PWRSPVSRBXX01,2040,0.012
GLOBAL,PWRSPVSRBXX01,2041,0.012
GLOBAL,PWRSPVSRBXX01,2042,0.012
GLOBAL,PWRSPVSRBXX01,2043,0.012
GLOBAL,PWRSPVSRBXX01,2044,0.012
GLOBAL,PWRSPVSRBXX01,2045,0.0
GLOBAL,PWRSPVSRBXX01,2046,0.0
GLOBAL,PWRSPVSRBXX01,2047,0.0
GLOBAL,PWRSPVSRBXX01,2048,0.0
GLOBAL,PWRSPVSRBXX01,2049,0.0
GLOBAL,PWRSPVSRBXX01,2050,0.0
GLOBAL,PWRBIOSVKXX01,2021,0.258
GLOBAL,PWRBIOSVKXX01,2022,0.258
GLOBAL,PWRBIOSVKXX01,2023,0.258
GLOBAL,PWRBIOSVKXX01,2024,0.258
GLOBAL,PWRBIOSVKXX01,2025,0.258
GLOBAL,PWRBIOSVKXX01,2026,0.258
GLOBAL,PWRBIOSVKXX01,2027,0.258
GLOBAL,PWRBIOSVKXX01,2028,0.258
GLOBAL,PWRBIOSVKXX01,2029,0.258
GLOBAL,PWRBIOSVKXX01,2030,0.258
GLOBAL,PWRBIOSVKXX01,2031,0.258
GLOBAL,PWRBIOSVKXX01,2032,0.0
GLOBAL,PWRBIOSVKXX01,2033,0.0
GLOBAL,PWRBIOSVKXX01,2034,0.0
GLOBAL,PWRBIOSVKXX01,2035,0.0
GLOBAL,PWRBIOSVKXX01,2036,0.0
GLOBAL,PWRBIOSVKXX01,2037,0.0
GLOBAL,PWRBIOSVKXX01,2038,0.0
GLOBAL,PWRBIOSVKXX01,2039,0.0
GLOBAL,PWRBIOSVKXX01,2040,0.0
GLOBAL,PWRBIOSVKXX01,2041,0.0
GLOBAL,PWRBIOSVKXX01,2042,0.0
GLOBAL,PWRBIOSVKXX01,2043,0.0
GLOBAL,PWRBIOSVKXX01,2044,0.0
GLOBAL,PWRBIOSVKXX01,2045,0.0
GLOBAL,PWRBIOSVKXX01,2046,0.0
GLOBAL,PWRBIOSVKXX01,2047,0.0
GLOBAL,PWRBIOSVKXX01,2048,0.0
GLOBAL,PWRBIOSVKXX01,2049,0.0
GLOBAL,PWRBIOSVKXX01,2050,0.0
GLOBAL,PWRCCGSVKXX00,2021,1.013
GLOBAL,PWRCCGSVKXX00,2022,1.013
GLOBAL,PWRCCGSVKXX00,2023,1.013
GLOBAL,PWRCCGSVKXX00,2024,1.013
GLOBAL,PWRCCGSVKXX00,2025,0.0
GLOBAL,PWRCCGSVKXX00,2026,0.0
GLOBAL,PWRCCGSVKXX00,2027,0.0
GLOBAL,PWRCCGSVKXX00,2028,0.0
GLOBAL,PWRCCGSVKXX00,2029,0.0
GLOBAL,PWRCCGSVKXX00,2030,0.0
GLOBAL,PWRCCGSVKXX00,2031,0.0
GLOBAL,PWRCCGSVKXX00,2032,0.0
GLOBAL,PWRCCGSVKXX00,2033,0.0
GLOBAL,PWRCCGSVKXX00,2034,0.0
GLOBAL,PWRCCGSVKXX00,2035,0.0
GLOBAL,PWRCCGSVKXX00,2036,0.0
GLOBAL,PWRCCGSVKXX00,2037,0.0
GLOBAL,PWRCCGSVKXX00,2038,0.0
GLOBAL,PWRCCGSVKXX00,2039,0.0
GLOBAL,PWRCCGSVKXX00,2040,0.0
GLOBAL,PWRCCGSVKXX00,2041,0.0
GLOBAL,PWRCCGSVKXX00,2042,0.0
GLOBAL,PWRCCGSVKXX00,2043,0.0
GLOBAL,PWRCCGSVKXX00,2044,0.0
GLOBAL,PWRCCGSVKXX00,2045,0.0
GLOBAL,PWRCCGSVKXX00,2046,0.0
GLOBAL,PWRCCGSVKXX00,2047,0.0
GLOBAL,PWRCCGSVKXX00,2048,0.0
GLOBAL,PWRCCGSVKXX00,2049,0.0
GLOBAL,PWRCCGSVKXX00,2050,0.0
GLOBAL,PWRCOASVKXX01,2021,1.397
GLOBAL,PWRCOASVKXX01,2022,1.397
GLOBAL,PWRCOASVKXX01,2023,1.397
GLOBAL,PWRCOASVKXX01,2024,1.397
GLOBAL,PWRCOASVKXX01,2025,1.397
GLOBAL,PWRCOASVKXX01,2026,1.397
GLOBAL,PWRCOASVKXX01,2027,1.397
GLOBAL,PWRCOASVKXX01,2028,0.0
GLOBAL,PWRCOASVKXX01,2029,0.0
GLOBAL,PWRCOASVKXX01,2030,0.0
GLOBAL,PWRCOASVKXX01,2031,0.0
GLOBAL,PWRCOASVKXX01,2032,0.0
GLOBAL,PWRCOASVKXX01,2033,0.0
GLOBAL,PWRCOASVKXX01,2034,0.0
GLOBAL,PWRCOASVKXX01,2035,0.0
GLOBAL,PWRCOASVKXX01,2036,0.0
GLOBAL,PWRCOASVKXX01,2037,0.0
GLOBAL,PWRCOASVKXX01,2038,0.0
GLOBAL,PWRCOASVKXX01,2039,0.0
GLOBAL,PWRCOASVKXX01,2040,0.0
GLOBAL,PWRCOASVKXX01,2041,0.0
GLOBAL,PWRCOASVKXX01,2042,0.0
GLOBAL,PWRCOASVKXX01,2043,0.0
GLOBAL,PWRCOASVKXX01,2044,0.0
GLOBAL,PWRCOASVKXX01,2045,0.0
GLOBAL,PWRCOASVKXX01,2046,0.0
GLOBAL,PWRCOASVKXX01,2047,0.0
GLOBAL,PWRCOASVKXX01,2048,0.0
GLOBAL,PWRCOASVKXX01,2049,0.0
GLOBAL,PWRCOASVKXX01,2050,0.0
GLOBAL,PWRHYDSVKXX01,2021,2.325
GLOBAL,PWRHYDSVKXX01,2022,2.325
GLOBAL,PWRHYDSVKXX01,2023,2.325
GLOBAL,PWRHYDSVKXX01,2024,2.325
GLOBAL,PWRHYDSVKXX01,2025,2.325
GLOBAL,PWRHYDSVKXX01,2026,2.325
GLOBAL,PWRHYDSVKXX01,2027,2.325
GLOBAL,PWRHYDSVKXX01,2028,2.325
GLOBAL,PWRHYDSVKXX01,2029,2.325
GLOBAL,PWRHYDSVKXX01,2030,2.325
GLOBAL,PWRHYDSVKXX01,2031,2.325
GLOBAL,PWRHYDSVKXX01,2032,2.325
GLOBAL,PWRHYDSVKXX01,2033,2.325
GLOBAL,PWRHYDSVKXX01,2034,2.325
GLOBAL,PWRHYDSVKXX01,2035,2.325
GLOBAL,PWRHYDSVKXX01,2036,2.325
GLOBAL,PWRHYDSVKXX01,2037,2.325
GLOBAL,PWRHYDSVKXX01,2038,2.325
GLOBAL,PWRHYDSVKXX01,2039,2.325
GLOBAL,PWRHYDSVKXX01,2040,2.325
GLOBAL,PWRHYDSVKXX01,2041,2.325
GLOBAL,PWRHYDSVKXX01,2042,2.325
GLOBAL,PWRHYDSVKXX01,2043,2.325
GLOBAL,PWRHYDSVKXX01,2044,2.325
GLOBAL,PWRHYDSVKXX01,2045,2.325
GLOBAL,PWRHYDSVKXX01,2046,2.325
GLOBAL,PWRHYDSVKXX01,2047,2.325
GLOBAL,PWRHYDSVKXX01,2048,2.325
GLOBAL,PWRHYDSVKXX01,2049,2.325
GLOBAL,PWRHYDSVKXX01,2050,2.325
GLOBAL,PWROCGSVKXX00,2021,0.08
GLOBAL,PWROCGSVKXX00,2022,0.08
GLOBAL,PWROCGSVKXX00,2023,0.08
GLOBAL,PWROCGSVKXX00,2024,0.08
GLOBAL,PWROCGSVKXX00,2025,0.0
GLOBAL,PWROCGSVKXX00,2026,0.0
GLOBAL,PWROCGSVKXX00,2027,0.0
GLOBAL,PWROCGSVKXX00,2028,0.0
GLOBAL,PWROCGSVKXX00,2029,0.0
GLOBAL,PWROCGSVKXX00,2030,0.0
GLOBAL,PWROCGSVKXX00,2031,0.0
GLOBAL,PWROCGSVKXX00,2032,0.0
GLOBAL,PWROCGSVKXX00,2033,0.0
GLOBAL,PWROCGSVKXX00,2034,0.0
GLOBAL,PWROCGSVKXX00,2035,0.0
GLOBAL,PWROCGSVKXX00,2036,0.0
GLOBAL,PWROCGSVKXX00,2037,0.0
GLOBAL,PWROCGSVKXX00,2038,0.0
GLOBAL,PWROCGSVKXX00,2039,0.0
GLOBAL,PWROCGSVKXX00,2040,0.0
GLOBAL,PWROCGSVKXX00,2041,0.0
GLOBAL,PWROCGSVKXX00,2042,0.0
GLOBAL,PWROCGSVKXX00,2043,0.0
GLOBAL,PWROCGSVKXX00,2044,0.0
GLOBAL,PWROCGSVKXX00,2045,0.0
GLOBAL,PWROCGSVKXX00,2046,0.0
GLOBAL,PWROCGSVKXX00,2047,0.0
GLOBAL,PWROCGSVKXX00,2048,0.0
GLOBAL,PWROCGSVKXX00,2049,0.0
GLOBAL,PWROCGSVKXX00,2050,0.0
GLOBAL,PWROILSVKXX01,2021,0.195
GLOBAL,PWROILSVKXX01,2022,0.195
GLOBAL,PWROILSVKXX01,2023,0.195
GLOBAL,PWROILSVKXX01,2024,0.195
GLOBAL,PWROILSVKXX01,2025,0.195
GLOBAL,PWROILSVKXX01,2026,0.195
GLOBAL,PWROILSVKXX01,2027,0.0
GLOBAL,PWROILSVKXX01,2028,0.0
GLOBAL,PWROILSVKXX01,2029,0.0
GLOBAL,PWROILSVKXX01,2030,0.0
GLOBAL,PWROILSVKXX01,2031,0.0
GLOBAL,PWROILSVKXX01,2032,0.0
GLOBAL,PWROILSVKXX01,2033,0.0
GLOBAL,PWROILSVKXX01,2034,0.0
GLOBAL,PWROILSVKXX01,2035,0.0
GLOBAL,PWROILSVKXX01,2036,0.0
GLOBAL,PWROILSVKXX01,2037,0.0
GLOBAL,PWROILSVKXX01,2038,0.0
GLOBAL,PWROILSVKXX01,2039,0.0
GLOBAL,PWROILSVKXX01,2040,0.0
GLOBAL,PWROILSVKXX01,2041,0.0
GLOBAL,PWROILSVKXX01,2042,0.0
GLOBAL,PWROILSVKXX01,2043,0.0
GLOBAL,PWROILSVKXX01,2044,0.0
GLOBAL,PWROILSVKXX01,2045,0.0
GLOBAL,PWROILSVKXX01,2046,0.0
GLOBAL,PWROILSVKXX01,2047,0.0
GLOBAL,PWROILSVKXX01,2048,0.0
GLOBAL,PWROILSVKXX01,2049,0.0
GLOBAL,PWROILSVKXX01,2050,0.0
GLOBAL,PWRSPVSVKXX01,2021,0.533
GLOBAL,PWRSPVSVKXX01,2022,0.533
GLOBAL,PWRSPVSVKXX01,2023,0.533
GLOBAL,PWRSPVSVKXX01,2024,0.533
GLOBAL,PWRSPVSVKXX01,2025,0.533
GLOBAL,PWRSPVSVKXX01,2026,0.533
GLOBAL,PWRSPVSVKXX01,2027,0.533
GLOBAL,PWRSPVSVKXX01,2028,0.533
GLOBAL,PWRSPVSVKXX01,2029,0.533
GLOBAL,PWRSPVSVKXX01,2030,0.533
GLOBAL,PWRSPVSVKXX01,2031,0.533
GLOBAL,PWRSPVSVKXX01,2032,0.533
GLOBAL,PWRSPVSVKXX01,2033,0.533
GLOBAL,PWRSPVSVKXX01,2034,0.533
GLOBAL,PWRSPVSVKXX01,2035,0.533
GLOBAL,PWRSPVSVKXX01,2036,0.533
GLOBAL,PWRSPVSVKXX01,2037,0.533
GLOBAL,PWRSPVSVKXX01,2038,0.533
GLOBAL,PWRSPVSVKXX01,2039,0.533
GLOBAL,PWRSPVSVKXX01,2040,0.533
GLOBAL,PWRSPVSVKXX01,2041,0.533
GLOBAL,PWRSPVSVKXX01,2042,0.533
GLOBAL,PWRSPVSVKXX01,2043,0.533
GLOBAL,PWRSPVSVKXX01,2044,0.533
GLOBAL,PWRSPVSVKXX01,2045,0.0
GLOBAL,PWRSPVSVKXX01,2046,0.0
GLOBAL,PWRSPVSVKXX01,2047,0.0
GLOBAL,PWRSPVSVKXX01,2048,0.0
GLOBAL,PWRSPVSVKXX01,2049,0.0
GLOBAL,PWRSPVSVKXX01,2050,0.0
GLOBAL,PWRURNSVKXX01,2021,1.814
GLOBAL,PWRURNSVKXX01,2022,1.814
GLOBAL,PWRURNSVKXX01,2023,1.814
GLOBAL,PWRURNSVKXX01,2024,1.814
GLOBAL,PWRURNSVKXX01,2025,1.814
GLOBAL,PWRURNSVKXX01,2026,1.814
GLOBAL,PWRURNSVKXX01,2027,1.814
GLOBAL,PWRURNSVKXX01,2028,1.814
GLOBAL,PWRURNSVKXX01,2029,1.814
GLOBAL,PWRURNSVKXX01,2030,1.814
GLOBAL,PWRURNSVKXX01,2031,1.814
GLOBAL,PWRURNSVKXX01,2032,1.814
GLOBAL,PWRURNSVKXX01,2033,1.814
GLOBAL,PWRURNSVKXX01,2034,1.814
GLOBAL,PWRURNSVKXX01,2035,1.814
GLOBAL,PWRURNSVKXX01,2036,1.814
GLOBAL,PWRURNSVKXX01,2037,1.814
GLOBAL,PWRURNSVKXX01,2038,1.814
GLOBAL,PWRURNSVKXX01,2039,1.814
GLOBAL,PWRURNSVKXX01,2040,1.814
GLOBAL,PWRURNSVKXX01,2041,1.814
GLOBAL,PWRURNSVKXX01,2042,1.814
GLOBAL,PWRURNSVKXX01,2043,1.814
GLOBAL,PWRURNSVKXX01,2044,1.814
GLOBAL,PWRURNSVKXX01,2045,0.0
GLOBAL,PWRURNSVKXX01,2046,0.0
GLOBAL,PWRURNSVKXX01,2047,0.0
GLOBAL,PWRURNSVKXX01,2048,0.0
GLOBAL,PWRURNSVKXX01,2049,0.0
GLOBAL,PWRURNSVKXX01,2050,0.0
GLOBAL,PWRWAVSVKXX01,2021,0.03
GLOBAL,PWRWAVSVKXX01,2022,0.0
GLOBAL,PWRWAVSVKXX01,2023,0.0
GLOBAL,PWRWAVSVKXX01,2024,0.0
GLOBAL,PWRWAVSVKXX01,2025,0.0
GLOBAL,PWRWAVSVKXX01,2026,0.0
GLOBAL,PWRWAVSVKXX01,2027,0.0
GLOBAL,PWRWAVSVKXX01,2028,0.0
GLOBAL,PWRWAVSVKXX01,2029,0.0
GLOBAL,PWRWAVSVKXX01,2030,0.0
GLOBAL,PWRWAVSVKXX01,2031,0.0
GLOBAL,PWRWAVSVKXX01,2032,0.0
GLOBAL,PWRWAVSVKXX01,2033,0.0
GLOBAL,PWRWAVSVKXX01,2034,0.0
GLOBAL,PWRWAVSVKXX01,2035,0.0
GLOBAL,PWRWAVSVKXX01,2036,0.0
GLOBAL,PWRWAVSVKXX01,2037,0.0
GLOBAL,PWRWAVSVKXX01,2038,0.0
GLOBAL,PWRWAVSVKXX01,2039,0.0
GLOBAL,PWRWAVSVKXX01,2040,0.0
GLOBAL,PWRWAVSVKXX01,2041,0.0
GLOBAL,PWRWAVSVKXX01,2042,0.0
GLOBAL,PWRWAVSVKXX01,2043,0.0
GLOBAL,PWRWAVSVKXX01,2044,0.0
GLOBAL,PWRWAVSVKXX01,2045,0.0
GLOBAL,PWRWAVSVKXX01,2046,0.0
GLOBAL,PWRWAVSVKXX01,2047,0.0
GLOBAL,PWRWAVSVKXX01,2048,0.0
GLOBAL,PWRWAVSVKXX01,2049,0.0
GLOBAL,PWRWAVSVKXX01,2050,0.0
GLOBAL,PWRBIOSVNXX01,2021,0.065
GLOBAL,PWRBIOSVNXX01,2022,0.065
GLOBAL,PWRBIOSVNXX01,2023,0.065
GLOBAL,PWRBIOSVNXX01,2024,0.065
GLOBAL,PWRBIOSVNXX01,2025,0.065
GLOBAL,PWRBIOSVNXX01,2026,0.065
GLOBAL,PWRBIOSVNXX01,2027,0.065
GLOBAL,PWRBIOSVNXX01,2028,0.065
GLOBAL,PWRBIOSVNXX01,2029,0.065
GLOBAL,PWRBIOSVNXX01,2030,0.065
GLOBAL,PWRBIOSVNXX01,2031,0.065
GLOBAL,PWRBIOSVNXX01,2032,0.0
GLOBAL,PWRBIOSVNXX01,2033,0.0
GLOBAL,PWRBIOSVNXX01,2034,0.0
GLOBAL,PWRBIOSVNXX01,2035,0.0
GLOBAL,PWRBIOSVNXX01,2036,0.0
GLOBAL,PWRBIOSVNXX01,2037,0.0
GLOBAL,PWRBIOSVNXX01,2038,0.0
GLOBAL,PWRBIOSVNXX01,2039,0.0
GLOBAL,PWRBIOSVNXX01,2040,0.0
GLOBAL,PWRBIOSVNXX01,2041,0.0
GLOBAL,PWRBIOSVNXX01,2042,0.0
GLOBAL,PWRBIOSVNXX01,2043,0.0
GLOBAL,PWRBIOSVNXX01,2044,0.0
GLOBAL,PWRBIOSVNXX01,2045,0.0
GLOBAL,PWRBIOSVNXX01,2046,0.0
GLOBAL,PWRBIOSVNXX01,2047,0.0
GLOBAL,PWRBIOSVNXX01,2048,0.0
GLOBAL,PWRBIOSVNXX01,2049,0.0
GLOBAL,PWRBIOSVNXX01,2050,0.0
GLOBAL,PWRCCGSVNXX00,2021,0.49
GLOBAL,PWRCCGSVNXX00,2022,0.49
GLOBAL,PWRCCGSVNXX00,2023,0.49
GLOBAL,PWRCCGSVNXX00,2024,0.49
GLOBAL,PWRCCGSVNXX00,2025,0.0
GLOBAL,PWRCCGSVNXX00,2026,0.0
GLOBAL,PWRCCGSVNXX00,2027,0.0
GLOBAL,PWRCCGSVNXX00,2028,0.0
GLOBAL,PWRCCGSVNXX00,2029,0.0
GLOBAL,PWRCCGSVNXX00,2030,0.0
GLOBAL,PWRCCGSVNXX00,2031,0.0
GLOBAL,PWRCCGSVNXX00,2032,0.0
GLOBAL,PWRCCGSVNXX00,2033,0.0
GLOBAL,PWRCCGSVNXX00,2034,0.0
GLOBAL,PWRCCGSVNXX00,2035,0.0
GLOBAL,PWRCCGSVNXX00,2036,0.0
GLOBAL,PWRCCGSVNXX00,2037,0.0
GLOBAL,PWRCCGSVNXX00,2038,0.0
GLOBAL,PWRCCGSVNXX00,2039,0.0
GLOBAL,PWRCCGSVNXX00,2040,0.0
GLOBAL,PWRCCGSVNXX00,2041,0.0
GLOBAL,PWRCCGSVNXX00,2042,0.0
GLOBAL,PWRCCGSVNXX00,2043,0.0
GLOBAL,PWRCCGSVNXX00,2044,0.0
GLOBAL,PWRCCGSVNXX00,2045,0.0
GLOBAL,PWRCCGSVNXX00,2046,0.0
GLOBAL,PWRCCGSVNXX00,2047,0.0
GLOBAL,PWRCCGSVNXX00,2048,0.0
GLOBAL,PWRCCGSVNXX00,2049,0.0
GLOBAL,PWRCCGSVNXX00,2050,0.0
GLOBAL,PWRCOASVNXX01,2021,1.322
GLOBAL,PWRCOASVNXX01,2022,1.322
GLOBAL,PWRCOASVNXX01,2023,1.322
GLOBAL,PWRCOASVNXX01,2024,1.322
GLOBAL,PWRCOASVNXX01,2025,1.322
GLOBAL,PWRCOASVNXX01,2026,1.322
GLOBAL,PWRCOASVNXX01,2027,1.322
GLOBAL,PWRCOASVNXX01,2028,0.0
GLOBAL,PWRCOASVNXX01,2029,0.0
GLOBAL,PWRCOASVNXX01,2030,0.0
GLOBAL,PWRCOASVNXX01,2031,0.0
GLOBAL,PWRCOASVNXX01,2032,0.0
GLOBAL,PWRCOASVNXX01,2033,0.0
GLOBAL,PWRCOASVNXX01,2034,0.0
GLOBAL,PWRCOASVNXX01,2035,0.0
GLOBAL,PWRCOASVNXX01,2036,0.0
GLOBAL,PWRCOASVNXX01,2037,0.0
GLOBAL,PWRCOASVNXX01,2038,0.0
GLOBAL,PWRCOASVNXX01,2039,0.0
GLOBAL,PWRCOASVNXX01,2040,0.0
GLOBAL,PWRCOASVNXX01,2041,0.0
GLOBAL,PWRCOASVNXX01,2042,0.0
GLOBAL,PWRCOASVNXX01,2043,0.0
GLOBAL,PWRCOASVNXX01,2044,0.0
GLOBAL,PWRCOASVNXX01,2045,0.0
GLOBAL,PWRCOASVNXX01,2046,0.0
GLOBAL,PWRCOASVNXX01,2047,0.0
GLOBAL,PWRCOASVNXX01,2048,0.0
GLOBAL,PWRCOASVNXX01,2049,0.0
GLOBAL,PWRCOASVNXX01,2050,0.0
GLOBAL,PWRHYDSVNXX01,2021,1.115
GLOBAL,PWRHYDSVNXX01,2022,1.115
GLOBAL,PWRHYDSVNXX01,2023,1.115
GLOBAL,PWRHYDSVNXX01,2024,1.115
GLOBAL,PWRHYDSVNXX01,2025,1.115
GLOBAL,PWRHYDSVNXX01,2026,1.115
GLOBAL,PWRHYDSVNXX01,2027,1.115
GLOBAL,PWRHYDSVNXX01,2028,1.115
GLOBAL,PWRHYDSVNXX01,2029,1.115
GLOBAL,PWRHYDSVNXX01,2030,1.115
GLOBAL,PWRHYDSVNXX01,2031,1.115
GLOBAL,PWRHYDSVNXX01,2032,1.115
GLOBAL,PWRHYDSVNXX01,2033,1.115
GLOBAL,PWRHYDSVNXX01,2034,1.115
GLOBAL,PWRHYDSVNXX01,2035,1.115
GLOBAL,PWRHYDSVNXX01,2036,1.115
GLOBAL,PWRHYDSVNXX01,2037,1.115
GLOBAL,PWRHYDSVNXX01,2038,1.115
GLOBAL,PWRHYDSVNXX01,2039,1.115
GLOBAL,PWRHYDSVNXX01,2040,1.115
GLOBAL,PWRHYDSVNXX01,2041,1.115
GLOBAL,PWRHYDSVNXX01,2042,1.115
GLOBAL,PWRHYDSVNXX01,2043,1.115
GLOBAL,PWRHYDSVNXX01,2044,1.115
GLOBAL,PWRHYDSVNXX01,2045,1.115
GLOBAL,PWRHYDSVNXX01,2046,1.115
GLOBAL,PWRHYDSVNXX01,2047,1.115
GLOBAL,PWRHYDSVNXX01,2048,1.115
GLOBAL,PWRHYDSVNXX01,2049,1.115
GLOBAL,PWRHYDSVNXX01,2050,1.115
GLOBAL,PWRSPVSVNXX01,2021,0.238
GLOBAL,PWRSPVSVNXX01,2022,0.238
GLOBAL,PWRSPVSVNXX01,2023,0.238
GLOBAL,PWRSPVSVNXX01,2024,0.238
GLOBAL,PWRSPVSVNXX01,2025,0.238
GLOBAL,PWRSPVSVNXX01,2026,0.238
GLOBAL,PWRSPVSVNXX01,2027,0.238
GLOBAL,PWRSPVSVNXX01,2028,0.238
GLOBAL,PWRSPVSVNXX01,2029,0.238
GLOBAL,PWRSPVSVNXX01,2030,0.238
GLOBAL,PWRSPVSVNXX01,2031,0.238
GLOBAL,PWRSPVSVNXX01,2032,0.238
GLOBAL,PWRSPVSVNXX01,2033,0.238
GLOBAL,PWRSPVSVNXX01,2034,0.238
GLOBAL,PWRSPVSVNXX01,2035,0.238
GLOBAL,PWRSPVSVNXX01,2036,0.238
GLOBAL,PWRSPVSVNXX01,2037,0.238
GLOBAL,PWRSPVSVNXX01,2038,0.238
GLOBAL,PWRSPVSVNXX01,2039,0.238
GLOBAL,PWRSPVSVNXX01,2040,0.238
GLOBAL,PWRSPVSVNXX01,2041,0.238
GLOBAL,PWRSPVSVNXX01,2042,0.238
GLOBAL,PWRSPVSVNXX01,2043,0.238
GLOBAL,PWRSPVSVNXX01,2044,0.238
GLOBAL,PWRSPVSVNXX01,2045,0.0
GLOBAL,PWRSPVSVNXX01,2046,0.0
GLOBAL,PWRSPVSVNXX01,2047,0.0
GLOBAL,PWRSPVSVNXX01,2048,0.0
GLOBAL,PWRSPVSVNXX01,2049,0.0
GLOBAL,PWRSPVSVNXX01,2050,0.0
GLOBAL,PWRURNSVNXX01,2021,0.696
GLOBAL,PWRURNSVNXX01,2022,0.696
GLOBAL,PWRURNSVNXX01,2023,0.696
GLOBAL,PWRURNSVNXX01,2024,0.696
GLOBAL,PWRURNSVNXX01,2025,0.696
GLOBAL,PWRURNSVNXX01,2026,0.696
GLOBAL,PWRURNSVNXX01,2027,0.696
GLOBAL,PWRURNSVNXX01,2028,0.696
GLOBAL,PWRURNSVNXX01,2029,0.696
GLOBAL,PWRURNSVNXX01,2030,0.696
GLOBAL,PWRURNSVNXX01,2031,0.696
GLOBAL,PWRURNSVNXX01,2032,0.696
GLOBAL,PWRURNSVNXX01,2033,0.696
GLOBAL,PWRURNSVNXX01,2034,0.696
GLOBAL,PWRURNSVNXX01,2035,0.696
GLOBAL,PWRURNSVNXX01,2036,0.696
GLOBAL,PWRURNSVNXX01,2037,0.696
GLOBAL,PWRURNSVNXX01,2038,0.696
GLOBAL,PWRURNSVNXX01,2039,0.696
GLOBAL,PWRURNSVNXX01,2040,0.696
GLOBAL,PWRURNSVNXX01,2041,0.696
GLOBAL,PWRURNSVNXX01,2042,0.696
GLOBAL,PWRURNSVNXX01,2043,0.696
GLOBAL,PWRURNSVNXX01,2044,0.696
GLOBAL,PWRURNSVNXX01,2045,0.0
GLOBAL,PWRURNSVNXX01,2046,0.0
GLOBAL,PWRURNSVNXX01,2047,0.0
GLOBAL,PWRURNSVNXX01,2048,0.0
GLOBAL,PWRURNSVNXX01,2049,0.0
GLOBAL,PWRURNSVNXX01,2050,0.0
GLOBAL,PWRBIOSWEXX01,2021,5.2363
GLOBAL,PWRBIOSWEXX01,2022,5.2363
GLOBAL,PWRBIOSWEXX01,2023,5.2363
GLOBAL,PWRBIOSWEXX01,2024,5.2363
GLOBAL,PWRBIOSWEXX01,2025,5.2363
GLOBAL,PWRBIOSWEXX01,2026,5.2363
GLOBAL,PWRBIOSWEXX01,2027,5.2363
GLOBAL,PWRBIOSWEXX01,2028,5.2013
GLOBAL,PWRBIOSWEXX01,2029,5.1023
GLOBAL,PWRBIOSWEXX01,2030,5.1023
GLOBAL,PWRBIOSWEXX01,2031,5.1023
GLOBAL,PWRBIOSWEXX01,2032,0.39
GLOBAL,PWRBIOSWEXX01,2033,0.39
GLOBAL,PWRBIOSWEXX01,2034,0.39
GLOBAL,PWRBIOSWEXX01,2035,0.39
GLOBAL,PWRBIOSWEXX01,2036,0.39
GLOBAL,PWRBIOSWEXX01,2037,0.39
GLOBAL,PWRBIOSWEXX01,2038,0.39
GLOBAL,PWRBIOSWEXX01,2039,0.39
GLOBAL,PWRBIOSWEXX01,2040,0.39
GLOBAL,PWRBIOSWEXX01,2041,0.39
GLOBAL,PWRBIOSWEXX01,2042,0.39
GLOBAL,PWRBIOSWEXX01,2043,0.39
GLOBAL,PWRBIOSWEXX01,2044,0.0
GLOBAL,PWRBIOSWEXX01,2045,0.0
GLOBAL,PWRBIOSWEXX01,2046,0.0
GLOBAL,PWRBIOSWEXX01,2047,0.0
GLOBAL,PWRBIOSWEXX01,2048,0.0
GLOBAL,PWRBIOSWEXX01,2049,0.0
GLOBAL,PWRBIOSWEXX01,2050,0.0
GLOBAL,PWRCCGSWEXX00,2021,1.341
GLOBAL,PWRCCGSWEXX00,2022,1.341
GLOBAL,PWRCCGSWEXX00,2023,1.341
GLOBAL,PWRCCGSWEXX00,2024,1.341
GLOBAL,PWRCCGSWEXX00,2025,0.64
GLOBAL,PWRCCGSWEXX00,2026,0.64
GLOBAL,PWRCCGSWEXX00,2027,0.64
GLOBAL,PWRCCGSWEXX00,2028,0.64
GLOBAL,PWRCCGSWEXX00,2029,0.64
GLOBAL,PWRCCGSWEXX00,2030,0.64
GLOBAL,PWRCCGSWEXX00,2031,0.64
GLOBAL,PWRCCGSWEXX00,2032,0.64
GLOBAL,PWRCCGSWEXX00,2033,0.64
GLOBAL,PWRCCGSWEXX00,2034,0.0
GLOBAL,PWRCCGSWEXX00,2035,0.0
GLOBAL,PWRCCGSWEXX00,2036,0.0
GLOBAL,PWRCCGSWEXX00,2037,0.0
GLOBAL,PWRCCGSWEXX00,2038,0.0
GLOBAL,PWRCCGSWEXX00,2039,0.0
GLOBAL,PWRCCGSWEXX00,2040,0.0
GLOBAL,PWRCCGSWEXX00,2041,0.0
GLOBAL,PWRCCGSWEXX00,2042,0.0
GLOBAL,PWRCCGSWEXX00,2043,0.0
GLOBAL,PWRCCGSWEXX00,2044,0.0
GLOBAL,PWRCCGSWEXX00,2045,0.0
GLOBAL,PWRCCGSWEXX00,2046,0.0
GLOBAL,PWRCCGSWEXX00,2047,0.0
GLOBAL,PWRCCGSWEXX00,2048,0.0
GLOBAL,PWRCCGSWEXX00,2049,0.0
GLOBAL,PWRCCGSWEXX00,2050,0.0
GLOBAL,PWRCOASWEXX01,2021,0.08
GLOBAL,PWRCOASWEXX01,2022,0.08
GLOBAL,PWRCOASWEXX01,2023,0.08
GLOBAL,PWRCOASWEXX01,2024,0.08
GLOBAL,PWRCOASWEXX01,2025,0.08
GLOBAL,PWRCOASWEXX01,2026,0.08
GLOBAL,PWRCOASWEXX01,2027,0.08
GLOBAL,PWRCOASWEXX01,2028,0.08
GLOBAL,PWRCOASWEXX01,2029,0.0
GLOBAL,PWRCOASWEXX01,2030,0.0
GLOBAL,PWRCOASWEXX01,2031,0.0
GLOBAL,PWRCOASWEXX01,2032,0.0
GLOBAL,PWRCOASWEXX01,2033,0.0
GLOBAL,PWRCOASWEXX01,2034,0.0
GLOBAL,PWRCOASWEXX01,2035,0.0
GLOBAL,PWRCOASWEXX01,2036,0.0
GLOBAL,PWRCOASWEXX01,2037,0.0
GLOBAL,PWRCOASWEXX01,2038,0.0
GLOBAL,PWRCOASWEXX01,2039,0.0
GLOBAL,PWRCOASWEXX01,2040,0.0
GLOBAL,PWRCOASWEXX01,2041,0.0
GLOBAL,PWRCOASWEXX01,2042,0.0
GLOBAL,PWRCOASWEXX01,2043,0.0
GLOBAL,PWRCOASWEXX01,2044,0.0
GLOBAL,PWRCOASWEXX01,2045,0.0
GLOBAL,PWRCOASWEXX01,2046,0.0
GLOBAL,PWRCOASWEXX01,2047,0.0
GLOBAL,PWRCOASWEXX01,2048,0.0
GLOBAL,PWRCOASWEXX01,2049,0.0
GLOBAL,PWRCOASWEXX01,2050,0.0
GLOBAL,PWRHYDSWEXX01,2021,16.2341
GLOBAL,PWRHYDSWEXX01,2022,16.2121
GLOBAL,PWRHYDSWEXX01,2023,16.1991
GLOBAL,PWRHYDSWEXX01,2024,16.1991
GLOBAL,PWRHYDSWEXX01,2025,16.1991
GLOBAL,PWRHYDSWEXX01,2026,16.1991
GLOBAL,PWRHYDSWEXX01,2027,16.1501
GLOBAL,PWRHYDSWEXX01,2028,16.1501
GLOBAL,PWRHYDSWEXX01,2029,16.0701
GLOBAL,PWRHYDSWEXX01,2030,16.0701
GLOBAL,PWRHYDSWEXX01,2031,16.0391
GLOBAL,PWRHYDSWEXX01,2032,16.0061
GLOBAL,PWRHYDSWEXX01,2033,15.9951
GLOBAL,PWRHYDSWEXX01,2034,14.9141
GLOBAL,PWRHYDSWEXX01,2035,14.9141
GLOBAL,PWRHYDSWEXX01,2036,14.9051
GLOBAL,PWRHYDSWEXX01,2037,14.6551
GLOBAL,PWRHYDSWEXX01,2038,14.6201
GLOBAL,PWRHYDSWEXX01,2039,14.6201
GLOBAL,PWRHYDSWEXX01,2040,14.4781
GLOBAL,PWRHYDSWEXX01,2041,14.4781
GLOBAL,PWRHYDSWEXX01,2042,14.2941
GLOBAL,PWRHYDSWEXX01,2043,14.2941
GLOBAL,PWRHYDSWEXX01,2044,14.1611
GLOBAL,PWRHYDSWEXX01,2045,13.8581
GLOBAL,PWRHYDSWEXX01,2046,13.8261
GLOBAL,PWRHYDSWEXX01,2047,13.7111
GLOBAL,PWRHYDSWEXX01,2048,13.7111
GLOBAL,PWRHYDSWEXX01,2049,13.5531
GLOBAL,PWRHYDSWEXX01,2050,13.5151
GLOBAL,PWROILSWEXX01,2021,0.84
GLOBAL,PWROILSWEXX01,2022,0.84
GLOBAL,PWROILSWEXX01,2023,0.84
GLOBAL,PWROILSWEXX01,2024,0.84
GLOBAL,PWROILSWEXX01,2025,0.84
GLOBAL,PWROILSWEXX01,2026,0.84
GLOBAL,PWROILSWEXX01,2027,0.0
GLOBAL,PWROILSWEXX01,2028,0.0
GLOBAL,PWROILSWEXX01,2029,0.0
GLOBAL,PWROILSWEXX01,2030,0.0
GLOBAL,PWROILSWEXX01,2031,0.0
GLOBAL,PWROILSWEXX01,2032,0.0
GLOBAL,PWROILSWEXX01,2033,0.0
GLOBAL,PWROILSWEXX01,2034,0.0
GLOBAL,PWROILSWEXX01,2035,0.0
GLOBAL,PWROILSWEXX01,2036,0.0
GLOBAL,PWROILSWEXX01,2037,0.0
GLOBAL,PWROILSWEXX01,2038,0.0
GLOBAL,PWROILSWEXX01,2039,0.0
GLOBAL,PWROILSWEXX01,2040,0.0
GLOBAL,PWROILSWEXX01,2041,0.0
GLOBAL,PWROILSWEXX01,2042,0.0
GLOBAL,PWROILSWEXX01,2043,0.0
GLOBAL,PWROILSWEXX01,2044,0.0
GLOBAL,PWROILSWEXX01,2045,0.0
GLOBAL,PWROILSWEXX01,2046,0.0
GLOBAL,PWROILSWEXX01,2047,0.0
GLOBAL,PWROILSWEXX01,2048,0.0
GLOBAL,PWROILSWEXX01,2049,0.0
GLOBAL,PWROILSWEXX01,2050,0.0
GLOBAL,PWRSPVSWEXX01,2021,0.104
GLOBAL,PWRSPVSWEXX01,2022,0.104
GLOBAL,PWRSPVSWEXX01,2023,0.104
GLOBAL,PWRSPVSWEXX01,2024,0.104
GLOBAL,PWRSPVSWEXX01,2025,0.104
GLOBAL,PWRSPVSWEXX01,2026,0.104
GLOBAL,PWRSPVSWEXX01,2027,0.104
GLOBAL,PWRSPVSWEXX01,2028,0.104
GLOBAL,PWRSPVSWEXX01,2029,0.104
GLOBAL,PWRSPVSWEXX01,2030,0.104
GLOBAL,PWRSPVSWEXX01,2031,0.104
GLOBAL,PWRSPVSWEXX01,2032,0.104
GLOBAL,PWRSPVSWEXX01,2033,0.104
GLOBAL,PWRSPVSWEXX01,2034,0.104
GLOBAL,PWRSPVSWEXX01,2035,0.104
GLOBAL,PWRSPVSWEXX01,2036,0.104
GLOBAL,PWRSPVSWEXX01,2037,0.104
GLOBAL,PWRSPVSWEXX01,2038,0.104
GLOBAL,PWRSPVSWEXX01,2039,0.104
GLOBAL,PWRSPVSWEXX01,2040,0.104
GLOBAL,PWRSPVSWEXX01,2041,0.104
GLOBAL,PWRSPVSWEXX01,2042,0.104
GLOBAL,PWRSPVSWEXX01,2043,0.104
GLOBAL,PWRSPVSWEXX01,2044,0.104
GLOBAL,PWRSPVSWEXX01,2045,0.0
GLOBAL,PWRSPVSWEXX01,2046,0.0
GLOBAL,PWRSPVSWEXX01,2047,0.0
GLOBAL,PWRSPVSWEXX01,2048,0.0
GLOBAL,PWRSPVSWEXX01,2049,0.0
GLOBAL,PWRSPVSWEXX01,2050,0.0
GLOBAL,PWRURNSWEXX01,2021,9.767
GLOBAL,PWRURNSWEXX01,2022,9.767
GLOBAL,PWRURNSWEXX01,2023,9.767
GLOBAL,PWRURNSWEXX01,2024,9.767
GLOBAL,PWRURNSWEXX01,2025,9.767
GLOBAL,PWRURNSWEXX01,2026,9.767
GLOBAL,PWRURNSWEXX01,2027,9.767
GLOBAL,PWRURNSWEXX01,2028,9.767
GLOBAL,PWRURNSWEXX01,2029,9.767
GLOBAL,PWRURNSWEXX01,2030,9.767
GLOBAL,PWRURNSWEXX01,2031,9.767
GLOBAL,PWRURNSWEXX01,2032,9.767
GLOBAL,PWRURNSWEXX01,2033,9.767
GLOBAL,PWRURNSWEXX01,2034,9.767
GLOBAL,PWRURNSWEXX01,2035,9.767
GLOBAL,PWRURNSWEXX01,2036,9.767
GLOBAL,PWRURNSWEXX01,2037,9.767
GLOBAL,PWRURNSWEXX01,2038,9.767
GLOBAL,PWRURNSWEXX01,2039,9.767
GLOBAL,PWRURNSWEXX01,2040,9.767
GLOBAL,PWRURNSWEXX01,2041,9.767
GLOBAL,PWRURNSWEXX01,2042,9.767
GLOBAL,PWRURNSWEXX01,2043,9.767
GLOBAL,PWRURNSWEXX01,2044,9.767
GLOBAL,PWRURNSWEXX01,2045,0.0
GLOBAL,PWRURNSWEXX01,2046,0.0
GLOBAL,PWRURNSWEXX01,2047,0.0
GLOBAL,PWRURNSWEXX01,2048,0.0
GLOBAL,PWRURNSWEXX01,2049,0.0
GLOBAL,PWRURNSWEXX01,2050,0.0
GLOBAL,PWRWOFSWEXX01,2021,0.3227
GLOBAL,PWRWOFSWEXX01,2022,0.3227
GLOBAL,PWRWOFSWEXX01,2023,0.3227
GLOBAL,PWRWOFSWEXX01,2024,0.3227
GLOBAL,PWRWOFSWEXX01,2025,0.3227
GLOBAL,PWRWOFSWEXX01,2026,0.3227
GLOBAL,PWRWOFSWEXX01,2027,0.3227
GLOBAL,PWRWOFSWEXX01,2028,0.3227
GLOBAL,PWRWOFSWEXX01,2029,0.3227
GLOBAL,PWRWOFSWEXX01,2030,0.3227
GLOBAL,PWRWOFSWEXX01,2031,0.3227
GLOBAL,PWRWOFSWEXX01,2032,0.3227
GLOBAL,PWRWOFSWEXX01,2033,0.3227
GLOBAL,PWRWOFSWEXX01,2034,0.3227
GLOBAL,PWRWOFSWEXX01,2035,0.3227
GLOBAL,PWRWOFSWEXX01,2036,0.3227
GLOBAL,PWRWOFSWEXX01,2037,0.3117
GLOBAL,PWRWOFSWEXX01,2038,0.2017
GLOBAL,PWRWOFSWEXX01,2039,0.2017
GLOBAL,PWRWOFSWEXX01,2040,0.2017
GLOBAL,PWRWOFSWEXX01,2041,0.0
GLOBAL,PWRWOFSWEXX01,2042,0.0
GLOBAL,PWRWOFSWEXX01,2043,0.0
GLOBAL,PWRWOFSWEXX01,2044,0.0
GLOBAL,PWRWOFSWEXX01,2045,0.0
GLOBAL,PWRWOFSWEXX01,2046,0.0
GLOBAL,PWRWOFSWEXX01,2047,0.0
GLOBAL,PWRWOFSWEXX01,2048,0.0
GLOBAL,PWRWOFSWEXX01,2049,0.0
GLOBAL,PWRWOFSWEXX01,2050,0.0
GLOBAL,PWRWONSWEXX01,2021,5.6377
GLOBAL,PWRWONSWEXX01,2022,5.6377
GLOBAL,PWRWONSWEXX01,2023,5.6377
GLOBAL,PWRWONSWEXX01,2024,5.6377
GLOBAL,PWRWONSWEXX01,2025,5.6377
GLOBAL,PWRWONSWEXX01,2026,5.6377
GLOBAL,PWRWONSWEXX01,2027,5.6377
GLOBAL,PWRWONSWEXX01,2028,5.6377
GLOBAL,PWRWONSWEXX01,2029,5.6377
GLOBAL,PWRWONSWEXX01,2030,5.6377
GLOBAL,PWRWONSWEXX01,2031,5.6377
GLOBAL,PWRWONSWEXX01,2032,5.6377
GLOBAL,PWRWONSWEXX01,2033,5.6377
GLOBAL,PWRWONSWEXX01,2034,5.6277
GLOBAL,PWRWONSWEXX01,2035,5.6277
GLOBAL,PWRWONSWEXX01,2036,5.6277
GLOBAL,PWRWONSWEXX01,2037,5.6277
GLOBAL,PWRWONSWEXX01,2038,5.6277
GLOBAL,PWRWONSWEXX01,2039,5.6277
GLOBAL,PWRWONSWEXX01,2040,0.143
GLOBAL,PWRWONSWEXX01,2041,0.143
GLOBAL,PWRWONSWEXX01,2042,0.065
GLOBAL,PWRWONSWEXX01,2043,0.065
GLOBAL,PWRWONSWEXX01,2044,0.065
GLOBAL,PWRWONSWEXX01,2045,0.038
GLOBAL,PWRWONSWEXX01,2046,0.0
GLOBAL,PWRWONSWEXX01,2047,0.0
GLOBAL,PWRWONSWEXX01,2048,0.0
GLOBAL,PWRWONSWEXX01,2049,0.0
GLOBAL,PWRWONSWEXX01,2050,0.0
GLOBAL,PWRBIOSWZXX01,2021,0.12
GLOBAL,PWRBIOSWZXX01,2022,0.12
GLOBAL,PWRBIOSWZXX01,2023,0.12
GLOBAL,PWRBIOSWZXX01,2024,0.12
GLOBAL,PWRBIOSWZXX01,2025,0.12
GLOBAL,PWRBIOSWZXX01,2026,0.12
GLOBAL,PWRBIOSWZXX01,2027,0.12
GLOBAL,PWRBIOSWZXX01,2028,0.12
GLOBAL,PWRBIOSWZXX01,2029,0.12
GLOBAL,PWRBIOSWZXX01,2030,0.12
GLOBAL,PWRBIOSWZXX01,2031,0.12
GLOBAL,PWRBIOSWZXX01,2032,0.0
GLOBAL,PWRBIOSWZXX01,2033,0.0
GLOBAL,PWRBIOSWZXX01,2034,0.0
GLOBAL,PWRBIOSWZXX01,2035,0.0
GLOBAL,PWRBIOSWZXX01,2036,0.0
GLOBAL,PWRBIOSWZXX01,2037,0.0
GLOBAL,PWRBIOSWZXX01,2038,0.0
GLOBAL,PWRBIOSWZXX01,2039,0.0
GLOBAL,PWRBIOSWZXX01,2040,0.0
GLOBAL,PWRBIOSWZXX01,2041,0.0
GLOBAL,PWRBIOSWZXX01,2042,0.0
GLOBAL,PWRBIOSWZXX01,2043,0.0
GLOBAL,PWRBIOSWZXX01,2044,0.0
GLOBAL,PWRBIOSWZXX01,2045,0.0
GLOBAL,PWRBIOSWZXX01,2046,0.0
GLOBAL,PWRBIOSWZXX01,2047,0.0
GLOBAL,PWRBIOSWZXX01,2048,0.0
GLOBAL,PWRBIOSWZXX01,2049,0.0
GLOBAL,PWRBIOSWZXX01,2050,0.0
GLOBAL,PWRHYDSWZXX01,2021,0.051
GLOBAL,PWRHYDSWZXX01,2022,0.051
GLOBAL,PWRHYDSWZXX01,2023,0.051
GLOBAL,PWRHYDSWZXX01,2024,0.051
GLOBAL,PWRHYDSWZXX01,2025,0.051
GLOBAL,PWRHYDSWZXX01,2026,0.051
GLOBAL,PWRHYDSWZXX01,2027,0.051
GLOBAL,PWRHYDSWZXX01,2028,0.051
GLOBAL,PWRHYDSWZXX01,2029,0.051
GLOBAL,PWRHYDSWZXX01,2030,0.051
GLOBAL,PWRHYDSWZXX01,2031,0.051
GLOBAL,PWRHYDSWZXX01,2032,0.051
GLOBAL,PWRHYDSWZXX01,2033,0.051
GLOBAL,PWRHYDSWZXX01,2034,0.051
GLOBAL,PWRHYDSWZXX01,2035,0.051
GLOBAL,PWRHYDSWZXX01,2036,0.051
GLOBAL,PWRHYDSWZXX01,2037,0.051
GLOBAL,PWRHYDSWZXX01,2038,0.051
GLOBAL,PWRHYDSWZXX01,2039,0.051
GLOBAL,PWRHYDSWZXX01,2040,0.051
GLOBAL,PWRHYDSWZXX01,2041,0.051
GLOBAL,PWRHYDSWZXX01,2042,0.051
GLOBAL,PWRHYDSWZXX01,2043,0.051
GLOBAL,PWRHYDSWZXX01,2044,0.051
GLOBAL,PWRHYDSWZXX01,2045,0.051
GLOBAL,PWRHYDSWZXX01,2046,0.051
GLOBAL,PWRHYDSWZXX01,2047,0.051
GLOBAL,PWRHYDSWZXX01,2048,0.051
GLOBAL,PWRHYDSWZXX01,2049,0.051
GLOBAL,PWRHYDSWZXX01,2050,0.051
GLOBAL,PWRCCGSYRXX00,2021,3.5273
GLOBAL,PWRCCGSYRXX00,2022,3.5273
GLOBAL,PWRCCGSYRXX00,2023,3.5273
GLOBAL,PWRCCGSYRXX00,2024,3.5273
GLOBAL,PWRCCGSYRXX00,2025,0.0
GLOBAL,PWRCCGSYRXX00,2026,0.0
GLOBAL,PWRCCGSYRXX00,2027,0.0
GLOBAL,PWRCCGSYRXX00,2028,0.0
GLOBAL,PWRCCGSYRXX00,2029,0.0
GLOBAL,PWRCCGSYRXX00,2030,0.0
GLOBAL,PWRCCGSYRXX00,2031,0.0
GLOBAL,PWRCCGSYRXX00,2032,0.0
GLOBAL,PWRCCGSYRXX00,2033,0.0
GLOBAL,PWRCCGSYRXX00,2034,0.0
GLOBAL,PWRCCGSYRXX00,2035,0.0
GLOBAL,PWRCCGSYRXX00,2036,0.0
GLOBAL,PWRCCGSYRXX00,2037,0.0
GLOBAL,PWRCCGSYRXX00,2038,0.0
GLOBAL,PWRCCGSYRXX00,2039,0.0
GLOBAL,PWRCCGSYRXX00,2040,0.0
GLOBAL,PWRCCGSYRXX00,2041,0.0
GLOBAL,PWRCCGSYRXX00,2042,0.0
GLOBAL,PWRCCGSYRXX00,2043,0.0
GLOBAL,PWRCCGSYRXX00,2044,0.0
GLOBAL,PWRCCGSYRXX00,2045,0.0
GLOBAL,PWRCCGSYRXX00,2046,0.0
GLOBAL,PWRCCGSYRXX00,2047,0.0
GLOBAL,PWRCCGSYRXX00,2048,0.0
GLOBAL,PWRCCGSYRXX00,2049,0.0
GLOBAL,PWRCCGSYRXX00,2050,0.0
GLOBAL,PWRHYDSYRXX01,2021,1.505
GLOBAL,PWRHYDSYRXX01,2022,1.505
GLOBAL,PWRHYDSYRXX01,2023,1.505
GLOBAL,PWRHYDSYRXX01,2024,1.505
GLOBAL,PWRHYDSYRXX01,2025,1.505
GLOBAL,PWRHYDSYRXX01,2026,1.505
GLOBAL,PWRHYDSYRXX01,2027,1.505
GLOBAL,PWRHYDSYRXX01,2028,1.505
GLOBAL,PWRHYDSYRXX01,2029,1.505
GLOBAL,PWRHYDSYRXX01,2030,1.505
GLOBAL,PWRHYDSYRXX01,2031,1.505
GLOBAL,PWRHYDSYRXX01,2032,1.505
GLOBAL,PWRHYDSYRXX01,2033,1.505
GLOBAL,PWRHYDSYRXX01,2034,1.505
GLOBAL,PWRHYDSYRXX01,2035,1.505
GLOBAL,PWRHYDSYRXX01,2036,1.505
GLOBAL,PWRHYDSYRXX01,2037,1.505
GLOBAL,PWRHYDSYRXX01,2038,1.505
GLOBAL,PWRHYDSYRXX01,2039,1.505
GLOBAL,PWRHYDSYRXX01,2040,1.505
GLOBAL,PWRHYDSYRXX01,2041,1.505
GLOBAL,PWRHYDSYRXX01,2042,1.505
GLOBAL,PWRHYDSYRXX01,2043,1.505
GLOBAL,PWRHYDSYRXX01,2044,1.505
GLOBAL,PWRHYDSYRXX01,2045,1.505
GLOBAL,PWRHYDSYRXX01,2046,1.505
GLOBAL,PWRHYDSYRXX01,2047,1.505
GLOBAL,PWRHYDSYRXX01,2048,1.505
GLOBAL,PWRHYDSYRXX01,2049,1.505
GLOBAL,PWRHYDSYRXX01,2050,1.505
GLOBAL,PWROCGSYRXX00,2021,0.13
GLOBAL,PWROCGSYRXX00,2022,0.13
GLOBAL,PWROCGSYRXX00,2023,0.13
GLOBAL,PWROCGSYRXX00,2024,0.13
GLOBAL,PWROCGSYRXX00,2025,0.0
GLOBAL,PWROCGSYRXX00,2026,0.0
GLOBAL,PWROCGSYRXX00,2027,0.0
GLOBAL,PWROCGSYRXX00,2028,0.0
GLOBAL,PWROCGSYRXX00,2029,0.0
GLOBAL,PWROCGSYRXX00,2030,0.0
GLOBAL,PWROCGSYRXX00,2031,0.0
GLOBAL,PWROCGSYRXX00,2032,0.0
GLOBAL,PWROCGSYRXX00,2033,0.0
GLOBAL,PWROCGSYRXX00,2034,0.0
GLOBAL,PWROCGSYRXX00,2035,0.0
GLOBAL,PWROCGSYRXX00,2036,0.0
GLOBAL,PWROCGSYRXX00,2037,0.0
GLOBAL,PWROCGSYRXX00,2038,0.0
GLOBAL,PWROCGSYRXX00,2039,0.0
GLOBAL,PWROCGSYRXX00,2040,0.0
GLOBAL,PWROCGSYRXX00,2041,0.0
GLOBAL,PWROCGSYRXX00,2042,0.0
GLOBAL,PWROCGSYRXX00,2043,0.0
GLOBAL,PWROCGSYRXX00,2044,0.0
GLOBAL,PWROCGSYRXX00,2045,0.0
GLOBAL,PWROCGSYRXX00,2046,0.0
GLOBAL,PWROCGSYRXX00,2047,0.0
GLOBAL,PWROCGSYRXX00,2048,0.0
GLOBAL,PWROCGSYRXX00,2049,0.0
GLOBAL,PWROCGSYRXX00,2050,0.0
GLOBAL,PWROILSYRXX01,2021,4.4517
GLOBAL,PWROILSYRXX01,2022,4.4517
GLOBAL,PWROILSYRXX01,2023,4.4517
GLOBAL,PWROILSYRXX01,2024,4.4517
GLOBAL,PWROILSYRXX01,2025,4.4517
GLOBAL,PWROILSYRXX01,2026,4.4517
GLOBAL,PWROILSYRXX01,2027,0.0
GLOBAL,PWROILSYRXX01,2028,0.0
GLOBAL,PWROILSYRXX01,2029,0.0
GLOBAL,PWROILSYRXX01,2030,0.0
GLOBAL,PWROILSYRXX01,2031,0.0
GLOBAL,PWROILSYRXX01,2032,0.0
GLOBAL,PWROILSYRXX01,2033,0.0
GLOBAL,PWROILSYRXX01,2034,0.0
GLOBAL,PWROILSYRXX01,2035,0.0
GLOBAL,PWROILSYRXX01,2036,0.0
GLOBAL,PWROILSYRXX01,2037,0.0
GLOBAL,PWROILSYRXX01,2038,0.0
GLOBAL,PWROILSYRXX01,2039,0.0
GLOBAL,PWROILSYRXX01,2040,0.0
GLOBAL,PWROILSYRXX01,2041,0.0
GLOBAL,PWROILSYRXX01,2042,0.0
GLOBAL,PWROILSYRXX01,2043,0.0
GLOBAL,PWROILSYRXX01,2044,0.0
GLOBAL,PWROILSYRXX01,2045,0.0
GLOBAL,PWROILSYRXX01,2046,0.0
GLOBAL,PWROILSYRXX01,2047,0.0
GLOBAL,PWROILSYRXX01,2048,0.0
GLOBAL,PWROILSYRXX01,2049,0.0
GLOBAL,PWROILSYRXX01,2050,0.0
GLOBAL,PWRHYDTGOXX01,2021,0.066
GLOBAL,PWRHYDTGOXX01,2022,0.066
GLOBAL,PWRHYDTGOXX01,2023,0.066
GLOBAL,PWRHYDTGOXX01,2024,0.066
GLOBAL,PWRHYDTGOXX01,2025,0.066
GLOBAL,PWRHYDTGOXX01,2026,0.066
GLOBAL,PWRHYDTGOXX01,2027,0.066
GLOBAL,PWRHYDTGOXX01,2028,0.066
GLOBAL,PWRHYDTGOXX01,2029,0.066
GLOBAL,PWRHYDTGOXX01,2030,0.066
GLOBAL,PWRHYDTGOXX01,2031,0.066
GLOBAL,PWRHYDTGOXX01,2032,0.066
GLOBAL,PWRHYDTGOXX01,2033,0.066
GLOBAL,PWRHYDTGOXX01,2034,0.066
GLOBAL,PWRHYDTGOXX01,2035,0.066
GLOBAL,PWRHYDTGOXX01,2036,0.066
GLOBAL,PWRHYDTGOXX01,2037,0.066
GLOBAL,PWRHYDTGOXX01,2038,0.066
GLOBAL,PWRHYDTGOXX01,2039,0.066
GLOBAL,PWRHYDTGOXX01,2040,0.066
GLOBAL,PWRHYDTGOXX01,2041,0.066
GLOBAL,PWRHYDTGOXX01,2042,0.066
GLOBAL,PWRHYDTGOXX01,2043,0.066
GLOBAL,PWRHYDTGOXX01,2044,0.066
GLOBAL,PWRHYDTGOXX01,2045,0.066
GLOBAL,PWRHYDTGOXX01,2046,0.066
GLOBAL,PWRHYDTGOXX01,2047,0.066
GLOBAL,PWRHYDTGOXX01,2048,0.066
GLOBAL,PWRHYDTGOXX01,2049,0.066
GLOBAL,PWRHYDTGOXX01,2050,0.066
GLOBAL,PWROCGTGOXX00,2021,0.028
GLOBAL,PWROCGTGOXX00,2022,0.028
GLOBAL,PWROCGTGOXX00,2023,0.028
GLOBAL,PWROCGTGOXX00,2024,0.028
GLOBAL,PWROCGTGOXX00,2025,0.0
GLOBAL,PWROCGTGOXX00,2026,0.0
GLOBAL,PWROCGTGOXX00,2027,0.0
GLOBAL,PWROCGTGOXX00,2028,0.0
GLOBAL,PWROCGTGOXX00,2029,0.0
GLOBAL,PWROCGTGOXX00,2030,0.0
GLOBAL,PWROCGTGOXX00,2031,0.0
GLOBAL,PWROCGTGOXX00,2032,0.0
GLOBAL,PWROCGTGOXX00,2033,0.0
GLOBAL,PWROCGTGOXX00,2034,0.0
GLOBAL,PWROCGTGOXX00,2035,0.0
GLOBAL,PWROCGTGOXX00,2036,0.0
GLOBAL,PWROCGTGOXX00,2037,0.0
GLOBAL,PWROCGTGOXX00,2038,0.0
GLOBAL,PWROCGTGOXX00,2039,0.0
GLOBAL,PWROCGTGOXX00,2040,0.0
GLOBAL,PWROCGTGOXX00,2041,0.0
GLOBAL,PWROCGTGOXX00,2042,0.0
GLOBAL,PWROCGTGOXX00,2043,0.0
GLOBAL,PWROCGTGOXX00,2044,0.0
GLOBAL,PWROCGTGOXX00,2045,0.0
GLOBAL,PWROCGTGOXX00,2046,0.0
GLOBAL,PWROCGTGOXX00,2047,0.0
GLOBAL,PWROCGTGOXX00,2048,0.0
GLOBAL,PWROCGTGOXX00,2049,0.0
GLOBAL,PWROCGTGOXX00,2050,0.0
GLOBAL,PWROILTGOXX01,2021,0.101
GLOBAL,PWROILTGOXX01,2022,0.101
GLOBAL,PWROILTGOXX01,2023,0.101
GLOBAL,PWROILTGOXX01,2024,0.101
GLOBAL,PWROILTGOXX01,2025,0.101
GLOBAL,PWROILTGOXX01,2026,0.101
GLOBAL,PWROILTGOXX01,2027,0.0
GLOBAL,PWROILTGOXX01,2028,0.0
GLOBAL,PWROILTGOXX01,2029,0.0
GLOBAL,PWROILTGOXX01,2030,0.0
GLOBAL,PWROILTGOXX01,2031,0.0
GLOBAL,PWROILTGOXX01,2032,0.0
GLOBAL,PWROILTGOXX01,2033,0.0
GLOBAL,PWROILTGOXX01,2034,0.0
GLOBAL,PWROILTGOXX01,2035,0.0
GLOBAL,PWROILTGOXX01,2036,0.0
GLOBAL,PWROILTGOXX01,2037,0.0
GLOBAL,PWROILTGOXX01,2038,0.0
GLOBAL,PWROILTGOXX01,2039,0.0
GLOBAL,PWROILTGOXX01,2040,0.0
GLOBAL,PWROILTGOXX01,2041,0.0
GLOBAL,PWROILTGOXX01,2042,0.0
GLOBAL,PWROILTGOXX01,2043,0.0
GLOBAL,PWROILTGOXX01,2044,0.0
GLOBAL,PWROILTGOXX01,2045,0.0
GLOBAL,PWROILTGOXX01,2046,0.0
GLOBAL,PWROILTGOXX01,2047,0.0
GLOBAL,PWROILTGOXX01,2048,0.0
GLOBAL,PWROILTGOXX01,2049,0.0
GLOBAL,PWROILTGOXX01,2050,0.0
GLOBAL,PWRBIOTHAXX01,2021,3.2304
GLOBAL,PWRBIOTHAXX01,2022,3.2304
GLOBAL,PWRBIOTHAXX01,2023,3.2304
GLOBAL,PWRBIOTHAXX01,2024,3.2304
GLOBAL,PWRBIOTHAXX01,2025,3.2304
GLOBAL,PWRBIOTHAXX01,2026,3.2304
GLOBAL,PWRBIOTHAXX01,2027,3.2304
GLOBAL,PWRBIOTHAXX01,2028,3.2304
GLOBAL,PWRBIOTHAXX01,2029,3.2304
GLOBAL,PWRBIOTHAXX01,2030,3.2304
GLOBAL,PWRBIOTHAXX01,2031,3.2304
GLOBAL,PWRBIOTHAXX01,2032,0.0
GLOBAL,PWRBIOTHAXX01,2033,0.0
GLOBAL,PWRBIOTHAXX01,2034,0.0
GLOBAL,PWRBIOTHAXX01,2035,0.0
GLOBAL,PWRBIOTHAXX01,2036,0.0
GLOBAL,PWRBIOTHAXX01,2037,0.0
GLOBAL,PWRBIOTHAXX01,2038,0.0
GLOBAL,PWRBIOTHAXX01,2039,0.0
GLOBAL,PWRBIOTHAXX01,2040,0.0
GLOBAL,PWRBIOTHAXX01,2041,0.0
GLOBAL,PWRBIOTHAXX01,2042,0.0
GLOBAL,PWRBIOTHAXX01,2043,0.0
GLOBAL,PWRBIOTHAXX01,2044,0.0
GLOBAL,PWRBIOTHAXX01,2045,0.0
GLOBAL,PWRBIOTHAXX01,2046,0.0
GLOBAL,PWRBIOTHAXX01,2047,0.0
GLOBAL,PWRBIOTHAXX01,2048,0.0
GLOBAL,PWRBIOTHAXX01,2049,0.0
GLOBAL,PWRBIOTHAXX01,2050,0.0
GLOBAL,PWRCCGTHAXX00,2021,28.374
GLOBAL,PWRCCGTHAXX00,2022,28.374
GLOBAL,PWRCCGTHAXX00,2023,28.374
GLOBAL,PWRCCGTHAXX00,2024,28.374
GLOBAL,PWRCCGTHAXX00,2025,12.12
GLOBAL,PWRCCGTHAXX00,2026,12.12
GLOBAL,PWRCCGTHAXX00,2027,11.372
GLOBAL,PWRCCGTHAXX00,2028,11.372
GLOBAL,PWRCCGTHAXX00,2029,9.682
GLOBAL,PWRCCGTHAXX00,2030,9.682
GLOBAL,PWRCCGTHAXX00,2031,8.632
GLOBAL,PWRCCGTHAXX00,2032,8.388
GLOBAL,PWRCCGTHAXX00,2033,8.388
GLOBAL,PWRCCGTHAXX00,2034,7.524
GLOBAL,PWRCCGTHAXX00,2035,7.184
GLOBAL,PWRCCGTHAXX00,2036,7.184
GLOBAL,PWRCCGTHAXX00,2037,7.184
GLOBAL,PWRCCGTHAXX00,2038,7.184
GLOBAL,PWRCCGTHAXX00,2039,4.316
GLOBAL,PWRCCGTHAXX00,2040,4.316
GLOBAL,PWRCCGTHAXX00,2041,3.612
GLOBAL,PWRCCGTHAXX00,2042,3.2
GLOBAL,PWRCCGTHAXX00,2043,3.2
GLOBAL,PWRCCGTHAXX00,2044,3.2
GLOBAL,PWRCCGTHAXX00,2045,1.6
GLOBAL,PWRCCGTHAXX00,2046,0.0
GLOBAL,PWRCCGTHAXX00,2047,0.0
GLOBAL,PWRCCGTHAXX00,2048,0.0
GLOBAL,PWRCCGTHAXX00,2049,0.0
GLOBAL,PWRCCGTHAXX00,2050,0.0
GLOBAL,PWRCOATHAXX01,2021,5.259
GLOBAL,PWRCOATHAXX01,2022,5.259
GLOBAL,PWRCOATHAXX01,2023,5.259
GLOBAL,PWRCOATHAXX01,2024,5.259
GLOBAL,PWRCOATHAXX01,2025,5.259
GLOBAL,PWRCOATHAXX01,2026,2.859
GLOBAL,PWRCOATHAXX01,2027,2.859
GLOBAL,PWRCOATHAXX01,2028,2.859
GLOBAL,PWRCOATHAXX01,2029,2.859
GLOBAL,PWRCOATHAXX01,2030,2.531
GLOBAL,PWRCOATHAXX01,2031,2.531
GLOBAL,PWRCOATHAXX01,2032,2.005
GLOBAL,PWRCOATHAXX01,2033,2.005
GLOBAL,PWRCOATHAXX01,2034,2.005
GLOBAL,PWRCOATHAXX01,2035,2.005
GLOBAL,PWRCOATHAXX01,2036,2.005
GLOBAL,PWRCOATHAXX01,2037,2.005
GLOBAL,PWRCOATHAXX01,2038,0.66
GLOBAL,PWRCOATHAXX01,2039,0.66
GLOBAL,PWRCOATHAXX01,2040,0.66
GLOBAL,PWRCOATHAXX01,2041,0.66
GLOBAL,PWRCOATHAXX01,2042,0.66
GLOBAL,PWRCOATHAXX01,2043,0.0
GLOBAL,PWRCOATHAXX01,2044,0.0
GLOBAL,PWRCOATHAXX01,2045,0.0
GLOBAL,PWRCOATHAXX01,2046,0.0
GLOBAL,PWRCOATHAXX01,2047,0.0
GLOBAL,PWRCOATHAXX01,2048,0.0
GLOBAL,PWRCOATHAXX01,2049,0.0
GLOBAL,PWRCOATHAXX01,2050,0.0
GLOBAL,PWRCSPTHAXX01,2021,0.005
GLOBAL,PWRCSPTHAXX01,2022,0.005
GLOBAL,PWRCSPTHAXX01,2023,0.005
GLOBAL,PWRCSPTHAXX01,2024,0.005
GLOBAL,PWRCSPTHAXX01,2025,0.005
GLOBAL,PWRCSPTHAXX01,2026,0.005
GLOBAL,PWRCSPTHAXX01,2027,0.005
GLOBAL,PWRCSPTHAXX01,2028,0.005
GLOBAL,PWRCSPTHAXX01,2029,0.005
GLOBAL,PWRCSPTHAXX01,2030,0.005
GLOBAL,PWRCSPTHAXX01,2031,0.005
GLOBAL,PWRCSPTHAXX01,2032,0.005
GLOBAL,PWRCSPTHAXX01,2033,0.005
GLOBAL,PWRCSPTHAXX01,2034,0.005
GLOBAL,PWRCSPTHAXX01,2035,0.005
GLOBAL,PWRCSPTHAXX01,2036,0.005
GLOBAL,PWRCSPTHAXX01,2037,0.005
GLOBAL,PWRCSPTHAXX01,2038,0.005
GLOBAL,PWRCSPTHAXX01,2039,0.005
GLOBAL,PWRCSPTHAXX01,2040,0.0
GLOBAL,PWRCSPTHAXX01,2041,0.0
GLOBAL,PWRCSPTHAXX01,2042,0.0
GLOBAL,PWRCSPTHAXX01,2043,0.0
GLOBAL,PWRCSPTHAXX01,2044,0.0
GLOBAL,PWRCSPTHAXX01,2045,0.0
GLOBAL,PWRCSPTHAXX01,2046,0.0
GLOBAL,PWRCSPTHAXX01,2047,0.0
GLOBAL,PWRCSPTHAXX01,2048,0.0
GLOBAL,PWRCSPTHAXX01,2049,0.0
GLOBAL,PWRCSPTHAXX01,2050,0.0
GLOBAL,PWRHYDTHAXX01,2021,3.787
GLOBAL,PWRHYDTHAXX01,2022,3.787
GLOBAL,PWRHYDTHAXX01,2023,3.787
GLOBAL,PWRHYDTHAXX01,2024,3.787
GLOBAL,PWRHYDTHAXX01,2025,3.787
GLOBAL,PWRHYDTHAXX01,2026,3.787
GLOBAL,PWRHYDTHAXX01,2027,3.787
GLOBAL,PWRHYDTHAXX01,2028,3.787
GLOBAL,PWRHYDTHAXX01,2029,3.787
GLOBAL,PWRHYDTHAXX01,2030,3.787
GLOBAL,PWRHYDTHAXX01,2031,3.787
GLOBAL,PWRHYDTHAXX01,2032,3.787
GLOBAL,PWRHYDTHAXX01,2033,3.787
GLOBAL,PWRHYDTHAXX01,2034,3.787
GLOBAL,PWRHYDTHAXX01,2035,3.787
GLOBAL,PWRHYDTHAXX01,2036,3.787
GLOBAL,PWRHYDTHAXX01,2037,3.787
GLOBAL,PWRHYDTHAXX01,2038,3.787
GLOBAL,PWRHYDTHAXX01,2039,3.787
GLOBAL,PWRHYDTHAXX01,2040,3.787
GLOBAL,PWRHYDTHAXX01,2041,3.787
GLOBAL,PWRHYDTHAXX01,2042,3.787
GLOBAL,PWRHYDTHAXX01,2043,3.787
GLOBAL,PWRHYDTHAXX01,2044,3.787
GLOBAL,PWRHYDTHAXX01,2045,3.787
GLOBAL,PWRHYDTHAXX01,2046,3.787
GLOBAL,PWRHYDTHAXX01,2047,3.787
GLOBAL,PWRHYDTHAXX01,2048,3.787
GLOBAL,PWRHYDTHAXX01,2049,3.787
GLOBAL,PWRHYDTHAXX01,2050,3.787
GLOBAL,PWROCGTHAXX00,2021,0.598
GLOBAL,PWROCGTHAXX00,2022,0.598
GLOBAL,PWROCGTHAXX00,2023,0.598
GLOBAL,PWROCGTHAXX00,2024,0.598
GLOBAL,PWROCGTHAXX00,2025,0.484
GLOBAL,PWROCGTHAXX00,2026,0.484
GLOBAL,PWROCGTHAXX00,2027,0.484
GLOBAL,PWROCGTHAXX00,2028,0.484
GLOBAL,PWROCGTHAXX00,2029,0.36
GLOBAL,PWROCGTHAXX00,2030,0.238
GLOBAL,PWROCGTHAXX00,2031,0.112
GLOBAL,PWROCGTHAXX00,2032,0.112
GLOBAL,PWROCGTHAXX00,2033,0.112
GLOBAL,PWROCGTHAXX00,2034,0.0
GLOBAL,PWROCGTHAXX00,2035,0.0
GLOBAL,PWROCGTHAXX00,2036,0.0
GLOBAL,PWROCGTHAXX00,2037,0.0
GLOBAL,PWROCGTHAXX00,2038,0.0
GLOBAL,PWROCGTHAXX00,2039,0.0
GLOBAL,PWROCGTHAXX00,2040,0.0
GLOBAL,PWROCGTHAXX00,2041,0.0
GLOBAL,PWROCGTHAXX00,2042,0.0
GLOBAL,PWROCGTHAXX00,2043,0.0
GLOBAL,PWROCGTHAXX00,2044,0.0
GLOBAL,PWROCGTHAXX00,2045,0.0
GLOBAL,PWROCGTHAXX00,2046,0.0
GLOBAL,PWROCGTHAXX00,2047,0.0
GLOBAL,PWROCGTHAXX00,2048,0.0
GLOBAL,PWROCGTHAXX00,2049,0.0
GLOBAL,PWROCGTHAXX00,2050,0.0
GLOBAL,PWRSPVTHAXX01,2021,1.4145
GLOBAL,PWRSPVTHAXX01,2022,1.4145
GLOBAL,PWRSPVTHAXX01,2023,1.4145
GLOBAL,PWRSPVTHAXX01,2024,1.4145
GLOBAL,PWRSPVTHAXX01,2025,1.4145
GLOBAL,PWRSPVTHAXX01,2026,1.4145
GLOBAL,PWRSPVTHAXX01,2027,1.4145
GLOBAL,PWRSPVTHAXX01,2028,1.4145
GLOBAL,PWRSPVTHAXX01,2029,1.4145
GLOBAL,PWRSPVTHAXX01,2030,1.4145
GLOBAL,PWRSPVTHAXX01,2031,1.4145
GLOBAL,PWRSPVTHAXX01,2032,1.4145
GLOBAL,PWRSPVTHAXX01,2033,1.4145
GLOBAL,PWRSPVTHAXX01,2034,1.4145
GLOBAL,PWRSPVTHAXX01,2035,1.4145
GLOBAL,PWRSPVTHAXX01,2036,1.4145
GLOBAL,PWRSPVTHAXX01,2037,1.4145
GLOBAL,PWRSPVTHAXX01,2038,1.4145
GLOBAL,PWRSPVTHAXX01,2039,1.4145
GLOBAL,PWRSPVTHAXX01,2040,1.4145
GLOBAL,PWRSPVTHAXX01,2041,1.4145
GLOBAL,PWRSPVTHAXX01,2042,1.4145
GLOBAL,PWRSPVTHAXX01,2043,1.4145
GLOBAL,PWRSPVTHAXX01,2044,1.4145
GLOBAL,PWRSPVTHAXX01,2045,0.0
GLOBAL,PWRSPVTHAXX01,2046,0.0
GLOBAL,PWRSPVTHAXX01,2047,0.0
GLOBAL,PWRSPVTHAXX01,2048,0.0
GLOBAL,PWRSPVTHAXX01,2049,0.0
GLOBAL,PWRSPVTHAXX01,2050,0.0
GLOBAL,PWRWONTHAXX01,2021,0.21
GLOBAL,PWRWONTHAXX01,2022,0.21
GLOBAL,PWRWONTHAXX01,2023,0.21
GLOBAL,PWRWONTHAXX01,2024,0.21
GLOBAL,PWRWONTHAXX01,2025,0.21
GLOBAL,PWRWONTHAXX01,2026,0.21
GLOBAL,PWRWONTHAXX01,2027,0.21
GLOBAL,PWRWONTHAXX01,2028,0.21
GLOBAL,PWRWONTHAXX01,2029,0.21
GLOBAL,PWRWONTHAXX01,2030,0.21
GLOBAL,PWRWONTHAXX01,2031,0.21
GLOBAL,PWRWONTHAXX01,2032,0.21
GLOBAL,PWRWONTHAXX01,2033,0.207
GLOBAL,PWRWONTHAXX01,2034,0.207
GLOBAL,PWRWONTHAXX01,2035,0.207
GLOBAL,PWRWONTHAXX01,2036,0.207
GLOBAL,PWRWONTHAXX01,2037,0.207
GLOBAL,PWRWONTHAXX01,2038,0.207
GLOBAL,PWRWONTHAXX01,2039,0.207
GLOBAL,PWRWONTHAXX01,2040,0.0
GLOBAL,PWRWONTHAXX01,2041,0.0
GLOBAL,PWRWONTHAXX01,2042,0.0
GLOBAL,PWRWONTHAXX01,2043,0.0
GLOBAL,PWRWONTHAXX01,2044,0.0
GLOBAL,PWRWONTHAXX01,2045,0.0
GLOBAL,PWRWONTHAXX01,2046,0.0
GLOBAL,PWRWONTHAXX01,2047,0.0
GLOBAL,PWRWONTHAXX01,2048,0.0
GLOBAL,PWRWONTHAXX01,2049,0.0
GLOBAL,PWRWONTHAXX01,2050,0.0
GLOBAL,PWRHYDTJKXX01,2021,5.1306
GLOBAL,PWRHYDTJKXX01,2022,5.1306
GLOBAL,PWRHYDTJKXX01,2023,5.1306
GLOBAL,PWRHYDTJKXX01,2024,5.1306
GLOBAL,PWRHYDTJKXX01,2025,5.1306
GLOBAL,PWRHYDTJKXX01,2026,5.1306
GLOBAL,PWRHYDTJKXX01,2027,5.1306
GLOBAL,PWRHYDTJKXX01,2028,5.1306
GLOBAL,PWRHYDTJKXX01,2029,5.1306
GLOBAL,PWRHYDTJKXX01,2030,5.1306
GLOBAL,PWRHYDTJKXX01,2031,5.1306
GLOBAL,PWRHYDTJKXX01,2032,5.1306
GLOBAL,PWRHYDTJKXX01,2033,5.1306
GLOBAL,PWRHYDTJKXX01,2034,5.1306
GLOBAL,PWRHYDTJKXX01,2035,5.1306
GLOBAL,PWRHYDTJKXX01,2036,5.1306
GLOBAL,PWRHYDTJKXX01,2037,5.1306
GLOBAL,PWRHYDTJKXX01,2038,5.1306
GLOBAL,PWRHYDTJKXX01,2039,5.1306
GLOBAL,PWRHYDTJKXX01,2040,5.1306
GLOBAL,PWRHYDTJKXX01,2041,5.1306
GLOBAL,PWRHYDTJKXX01,2042,5.1306
GLOBAL,PWRHYDTJKXX01,2043,5.1306
GLOBAL,PWRHYDTJKXX01,2044,5.1306
GLOBAL,PWRHYDTJKXX01,2045,5.1306
GLOBAL,PWRHYDTJKXX01,2046,5.1306
GLOBAL,PWRHYDTJKXX01,2047,5.1306
GLOBAL,PWRHYDTJKXX01,2048,5.1306
GLOBAL,PWRHYDTJKXX01,2049,5.1306
GLOBAL,PWRHYDTJKXX01,2050,5.1306
GLOBAL,PWROILTJKXX01,2021,0.61
GLOBAL,PWROILTJKXX01,2022,0.61
GLOBAL,PWROILTJKXX01,2023,0.61
GLOBAL,PWROILTJKXX01,2024,0.61
GLOBAL,PWROILTJKXX01,2025,0.61
GLOBAL,PWROILTJKXX01,2026,0.61
GLOBAL,PWROILTJKXX01,2027,0.18
GLOBAL,PWROILTJKXX01,2028,0.18
GLOBAL,PWROILTJKXX01,2029,0.0
GLOBAL,PWROILTJKXX01,2030,0.0
GLOBAL,PWROILTJKXX01,2031,0.0
GLOBAL,PWROILTJKXX01,2032,0.0
GLOBAL,PWROILTJKXX01,2033,0.0
GLOBAL,PWROILTJKXX01,2034,0.0
GLOBAL,PWROILTJKXX01,2035,0.0
GLOBAL,PWROILTJKXX01,2036,0.0
GLOBAL,PWROILTJKXX01,2037,0.0
GLOBAL,PWROILTJKXX01,2038,0.0
GLOBAL,PWROILTJKXX01,2039,0.0
GLOBAL,PWROILTJKXX01,2040,0.0
GLOBAL,PWROILTJKXX01,2041,0.0
GLOBAL,PWROILTJKXX01,2042,0.0
GLOBAL,PWROILTJKXX01,2043,0.0
GLOBAL,PWROILTJKXX01,2044,0.0
GLOBAL,PWROILTJKXX01,2045,0.0
GLOBAL,PWROILTJKXX01,2046,0.0
GLOBAL,PWROILTJKXX01,2047,0.0
GLOBAL,PWROILTJKXX01,2048,0.0
GLOBAL,PWROILTJKXX01,2049,0.0
GLOBAL,PWROILTJKXX01,2050,0.0
GLOBAL,PWRCCGTKMXX00,2021,1.2394
GLOBAL,PWRCCGTKMXX00,2022,1.2394
GLOBAL,PWRCCGTKMXX00,2023,1.2394
GLOBAL,PWRCCGTKMXX00,2024,1.2394
GLOBAL,PWRCCGTKMXX00,2025,0.0
GLOBAL,PWRCCGTKMXX00,2026,0.0
GLOBAL,PWRCCGTKMXX00,2027,0.0
GLOBAL,PWRCCGTKMXX00,2028,0.0
GLOBAL,PWRCCGTKMXX00,2029,0.0
GLOBAL,PWRCCGTKMXX00,2030,0.0
GLOBAL,PWRCCGTKMXX00,2031,0.0
GLOBAL,PWRCCGTKMXX00,2032,0.0
GLOBAL,PWRCCGTKMXX00,2033,0.0
GLOBAL,PWRCCGTKMXX00,2034,0.0
GLOBAL,PWRCCGTKMXX00,2035,0.0
GLOBAL,PWRCCGTKMXX00,2036,0.0
GLOBAL,PWRCCGTKMXX00,2037,0.0
GLOBAL,PWRCCGTKMXX00,2038,0.0
GLOBAL,PWRCCGTKMXX00,2039,0.0
GLOBAL,PWRCCGTKMXX00,2040,0.0
GLOBAL,PWRCCGTKMXX00,2041,0.0
GLOBAL,PWRCCGTKMXX00,2042,0.0
GLOBAL,PWRCCGTKMXX00,2043,0.0
GLOBAL,PWRCCGTKMXX00,2044,0.0
GLOBAL,PWRCCGTKMXX00,2045,0.0
GLOBAL,PWRCCGTKMXX00,2046,0.0
GLOBAL,PWRCCGTKMXX00,2047,0.0
GLOBAL,PWRCCGTKMXX00,2048,0.0
GLOBAL,PWRCCGTKMXX00,2049,0.0
GLOBAL,PWRCCGTKMXX00,2050,0.0
GLOBAL,PWROCGTKMXX00,2021,0.126
GLOBAL,PWROCGTKMXX00,2022,0.126
GLOBAL,PWROCGTKMXX00,2023,0.126
GLOBAL,PWROCGTKMXX00,2024,0.126
GLOBAL,PWROCGTKMXX00,2025,0.0
GLOBAL,PWROCGTKMXX00,2026,0.0
GLOBAL,PWROCGTKMXX00,2027,0.0
GLOBAL,PWROCGTKMXX00,2028,0.0
GLOBAL,PWROCGTKMXX00,2029,0.0
GLOBAL,PWROCGTKMXX00,2030,0.0
GLOBAL,PWROCGTKMXX00,2031,0.0
GLOBAL,PWROCGTKMXX00,2032,0.0
GLOBAL,PWROCGTKMXX00,2033,0.0
GLOBAL,PWROCGTKMXX00,2034,0.0
GLOBAL,PWROCGTKMXX00,2035,0.0
GLOBAL,PWROCGTKMXX00,2036,0.0
GLOBAL,PWROCGTKMXX00,2037,0.0
GLOBAL,PWROCGTKMXX00,2038,0.0
GLOBAL,PWROCGTKMXX00,2039,0.0
GLOBAL,PWROCGTKMXX00,2040,0.0
GLOBAL,PWROCGTKMXX00,2041,0.0
GLOBAL,PWROCGTKMXX00,2042,0.0
GLOBAL,PWROCGTKMXX00,2043,0.0
GLOBAL,PWROCGTKMXX00,2044,0.0
GLOBAL,PWROCGTKMXX00,2045,0.0
GLOBAL,PWROCGTKMXX00,2046,0.0
GLOBAL,PWROCGTKMXX00,2047,0.0
GLOBAL,PWROCGTKMXX00,2048,0.0
GLOBAL,PWROCGTKMXX00,2049,0.0
GLOBAL,PWROCGTKMXX00,2050,0.0
GLOBAL,PWROILTKMXX01,2021,2.6356
GLOBAL,PWROILTKMXX01,2022,2.6356
GLOBAL,PWROILTKMXX01,2023,2.6356
GLOBAL,PWROILTKMXX01,2024,2.6356
GLOBAL,PWROILTKMXX01,2025,2.6356
GLOBAL,PWROILTKMXX01,2026,2.6356
GLOBAL,PWROILTKMXX01,2027,0.0
GLOBAL,PWROILTKMXX01,2028,0.0
GLOBAL,PWROILTKMXX01,2029,0.0
GLOBAL,PWROILTKMXX01,2030,0.0
GLOBAL,PWROILTKMXX01,2031,0.0
GLOBAL,PWROILTKMXX01,2032,0.0
GLOBAL,PWROILTKMXX01,2033,0.0
GLOBAL,PWROILTKMXX01,2034,0.0
GLOBAL,PWROILTKMXX01,2035,0.0
GLOBAL,PWROILTKMXX01,2036,0.0
GLOBAL,PWROILTKMXX01,2037,0.0
GLOBAL,PWROILTKMXX01,2038,0.0
GLOBAL,PWROILTKMXX01,2039,0.0
GLOBAL,PWROILTKMXX01,2040,0.0
GLOBAL,PWROILTKMXX01,2041,0.0
GLOBAL,PWROILTKMXX01,2042,0.0
GLOBAL,PWROILTKMXX01,2043,0.0
GLOBAL,PWROILTKMXX01,2044,0.0
GLOBAL,PWROILTKMXX01,2045,0.0
GLOBAL,PWROILTKMXX01,2046,0.0
GLOBAL,PWROILTKMXX01,2047,0.0
GLOBAL,PWROILTKMXX01,2048,0.0
GLOBAL,PWROILTKMXX01,2049,0.0
GLOBAL,PWROILTKMXX01,2050,0.0
GLOBAL,PWRCCGTTOXX00,2021,1.808
GLOBAL,PWRCCGTTOXX00,2022,1.808
GLOBAL,PWRCCGTTOXX00,2023,1.808
GLOBAL,PWRCCGTTOXX00,2024,1.808
GLOBAL,PWRCCGTTOXX00,2025,1.572
GLOBAL,PWRCCGTTOXX00,2026,1.572
GLOBAL,PWRCCGTTOXX00,2027,1.572
GLOBAL,PWRCCGTTOXX00,2028,1.572
GLOBAL,PWRCCGTTOXX00,2029,1.572
GLOBAL,PWRCCGTTOXX00,2030,0.72
GLOBAL,PWRCCGTTOXX00,2031,0.72
GLOBAL,PWRCCGTTOXX00,2032,0.72
GLOBAL,PWRCCGTTOXX00,2033,0.72
GLOBAL,PWRCCGTTOXX00,2034,0.72
GLOBAL,PWRCCGTTOXX00,2035,0.72
GLOBAL,PWRCCGTTOXX00,2036,0.72
GLOBAL,PWRCCGTTOXX00,2037,0.72
GLOBAL,PWRCCGTTOXX00,2038,0.72
GLOBAL,PWRCCGTTOXX00,2039,0.72
GLOBAL,PWRCCGTTOXX00,2040,0.0
GLOBAL,PWRCCGTTOXX00,2041,0.0
GLOBAL,PWRCCGTTOXX00,2042,0.0
GLOBAL,PWRCCGTTOXX00,2043,0.0
GLOBAL,PWRCCGTTOXX00,2044,0.0
GLOBAL,PWRCCGTTOXX00,2045,0.0
GLOBAL,PWRCCGTTOXX00,2046,0.0
GLOBAL,PWRCCGTTOXX00,2047,0.0
GLOBAL,PWRCCGTTOXX00,2048,0.0
GLOBAL,PWRCCGTTOXX00,2049,0.0
GLOBAL,PWRCCGTTOXX00,2050,0.0
GLOBAL,PWROCGTTOXX00,2021,0.066
GLOBAL,PWROCGTTOXX00,2022,0.066
GLOBAL,PWROCGTTOXX00,2023,0.066
GLOBAL,PWROCGTTOXX00,2024,0.066
GLOBAL,PWROCGTTOXX00,2025,0.066
GLOBAL,PWROCGTTOXX00,2026,0.066
GLOBAL,PWROCGTTOXX00,2027,0.066
GLOBAL,PWROCGTTOXX00,2028,0.066
GLOBAL,PWROCGTTOXX00,2029,0.066
GLOBAL,PWROCGTTOXX00,2030,0.066
GLOBAL,PWROCGTTOXX00,2031,0.066
GLOBAL,PWROCGTTOXX00,2032,0.066
GLOBAL,PWROCGTTOXX00,2033,0.066
GLOBAL,PWROCGTTOXX00,2034,0.066
GLOBAL,PWROCGTTOXX00,2035,0.066
GLOBAL,PWROCGTTOXX00,2036,0.066
GLOBAL,PWROCGTTOXX00,2037,0.066
GLOBAL,PWROCGTTOXX00,2038,0.066
GLOBAL,PWROCGTTOXX00,2039,0.066
GLOBAL,PWROCGTTOXX00,2040,0.0
GLOBAL,PWROCGTTOXX00,2041,0.0
GLOBAL,PWROCGTTOXX00,2042,0.0
GLOBAL,PWROCGTTOXX00,2043,0.0
GLOBAL,PWROCGTTOXX00,2044,0.0
GLOBAL,PWROCGTTOXX00,2045,0.0
GLOBAL,PWROCGTTOXX00,2046,0.0
GLOBAL,PWROCGTTOXX00,2047,0.0
GLOBAL,PWROCGTTOXX00,2048,0.0
GLOBAL,PWROCGTTOXX00,2049,0.0
GLOBAL,PWROCGTTOXX00,2050,0.0
GLOBAL,PWROILTTOXX01,2021,0.271
GLOBAL,PWROILTTOXX01,2022,0.271
GLOBAL,PWROILTTOXX01,2023,0.271
GLOBAL,PWROILTTOXX01,2024,0.271
GLOBAL,PWROILTTOXX01,2025,0.271
GLOBAL,PWROILTTOXX01,2026,0.271
GLOBAL,PWROILTTOXX01,2027,0.0
GLOBAL,PWROILTTOXX01,2028,0.0
GLOBAL,PWROILTTOXX01,2029,0.0
GLOBAL,PWROILTTOXX01,2030,0.0
GLOBAL,PWROILTTOXX01,2031,0.0
GLOBAL,PWROILTTOXX01,2032,0.0
GLOBAL,PWROILTTOXX01,2033,0.0
GLOBAL,PWROILTTOXX01,2034,0.0
GLOBAL,PWROILTTOXX01,2035,0.0
GLOBAL,PWROILTTOXX01,2036,0.0
GLOBAL,PWROILTTOXX01,2037,0.0
GLOBAL,PWROILTTOXX01,2038,0.0
GLOBAL,PWROILTTOXX01,2039,0.0
GLOBAL,PWROILTTOXX01,2040,0.0
GLOBAL,PWROILTTOXX01,2041,0.0
GLOBAL,PWROILTTOXX01,2042,0.0
GLOBAL,PWROILTTOXX01,2043,0.0
GLOBAL,PWROILTTOXX01,2044,0.0
GLOBAL,PWROILTTOXX01,2045,0.0
GLOBAL,PWROILTTOXX01,2046,0.0
GLOBAL,PWROILTTOXX01,2047,0.0
GLOBAL,PWROILTTOXX01,2048,0.0
GLOBAL,PWROILTTOXX01,2049,0.0
GLOBAL,PWROILTTOXX01,2050,0.0
GLOBAL,PWRCCGTUNXX00,2021,4.4
GLOBAL,PWRCCGTUNXX00,2022,4.4
GLOBAL,PWRCCGTUNXX00,2023,4.4
GLOBAL,PWRCCGTUNXX00,2024,4.4
GLOBAL,PWRCCGTUNXX00,2025,4.4
GLOBAL,PWRCCGTUNXX00,2026,4.036
GLOBAL,PWRCCGTUNXX00,2027,4.036
GLOBAL,PWRCCGTUNXX00,2028,3.55
GLOBAL,PWRCCGTUNXX00,2029,3.55
GLOBAL,PWRCCGTUNXX00,2030,3.55
GLOBAL,PWRCCGTUNXX00,2031,3.55
GLOBAL,PWRCCGTUNXX00,2032,3.55
GLOBAL,PWRCCGTUNXX00,2033,3.08
GLOBAL,PWRCCGTUNXX00,2034,1.875
GLOBAL,PWRCCGTUNXX00,2035,1.5
GLOBAL,PWRCCGTUNXX00,2036,1.264
GLOBAL,PWRCCGTUNXX00,2037,1.264
GLOBAL,PWRCCGTUNXX00,2038,1.264
GLOBAL,PWRCCGTUNXX00,2039,1.264
GLOBAL,PWRCCGTUNXX00,2040,1.264
GLOBAL,PWRCCGTUNXX00,2041,1.264
GLOBAL,PWRCCGTUNXX00,2042,0.848
GLOBAL,PWRCCGTUNXX00,2043,0.848
GLOBAL,PWRCCGTUNXX00,2044,0.848
GLOBAL,PWRCCGTUNXX00,2045,0.424
GLOBAL,PWRCCGTUNXX00,2046,0.0
GLOBAL,PWRCCGTUNXX00,2047,0.0
GLOBAL,PWRCCGTUNXX00,2048,0.0
GLOBAL,PWRCCGTUNXX00,2049,0.0
GLOBAL,PWRCCGTUNXX00,2050,0.0
GLOBAL,PWRHYDTUNXX01,2021,0.0658
GLOBAL,PWRHYDTUNXX01,2022,0.0658
GLOBAL,PWRHYDTUNXX01,2023,0.0658
GLOBAL,PWRHYDTUNXX01,2024,0.0658
GLOBAL,PWRHYDTUNXX01,2025,0.0658
GLOBAL,PWRHYDTUNXX01,2026,0.0658
GLOBAL,PWRHYDTUNXX01,2027,0.0658
GLOBAL,PWRHYDTUNXX01,2028,0.0658
GLOBAL,PWRHYDTUNXX01,2029,0.0658
GLOBAL,PWRHYDTUNXX01,2030,0.0658
GLOBAL,PWRHYDTUNXX01,2031,0.0658
GLOBAL,PWRHYDTUNXX01,2032,0.0658
GLOBAL,PWRHYDTUNXX01,2033,0.0658
GLOBAL,PWRHYDTUNXX01,2034,0.0658
GLOBAL,PWRHYDTUNXX01,2035,0.0658
GLOBAL,PWRHYDTUNXX01,2036,0.0658
GLOBAL,PWRHYDTUNXX01,2037,0.0658
GLOBAL,PWRHYDTUNXX01,2038,0.0658
GLOBAL,PWRHYDTUNXX01,2039,0.0658
GLOBAL,PWRHYDTUNXX01,2040,0.0658
GLOBAL,PWRHYDTUNXX01,2041,0.0658
GLOBAL,PWRHYDTUNXX01,2042,0.0658
GLOBAL,PWRHYDTUNXX01,2043,0.0658
GLOBAL,PWRHYDTUNXX01,2044,0.0658
GLOBAL,PWRHYDTUNXX01,2045,0.0658
GLOBAL,PWRHYDTUNXX01,2046,0.0658
GLOBAL,PWRHYDTUNXX01,2047,0.0658
GLOBAL,PWRHYDTUNXX01,2048,0.0658
GLOBAL,PWRHYDTUNXX01,2049,0.0658
GLOBAL,PWRHYDTUNXX01,2050,0.0658
GLOBAL,PWROCGTUNXX00,2021,0.457
GLOBAL,PWROCGTUNXX00,2022,0.457
GLOBAL,PWROCGTUNXX00,2023,0.457
GLOBAL,PWROCGTUNXX00,2024,0.457
GLOBAL,PWROCGTUNXX00,2025,0.457
GLOBAL,PWROCGTUNXX00,2026,0.457
GLOBAL,PWROCGTUNXX00,2027,0.457
GLOBAL,PWROCGTUNXX00,2028,0.457
GLOBAL,PWROCGTUNXX00,2029,0.391
GLOBAL,PWROCGTUNXX00,2030,0.391
GLOBAL,PWROCGTUNXX00,2031,0.391
GLOBAL,PWROCGTUNXX00,2032,0.391
GLOBAL,PWROCGTUNXX00,2033,0.391
GLOBAL,PWROCGTUNXX00,2034,0.145
GLOBAL,PWROCGTUNXX00,2035,0.145
GLOBAL,PWROCGTUNXX00,2036,0.022
GLOBAL,PWROCGTUNXX00,2037,0.022
GLOBAL,PWROCGTUNXX00,2038,0.022
GLOBAL,PWROCGTUNXX00,2039,0.022
GLOBAL,PWROCGTUNXX00,2040,0.022
GLOBAL,PWROCGTUNXX00,2041,0.022
GLOBAL,PWROCGTUNXX00,2042,0.0
GLOBAL,PWROCGTUNXX00,2043,0.0
GLOBAL,PWROCGTUNXX00,2044,0.0
GLOBAL,PWROCGTUNXX00,2045,0.0
GLOBAL,PWROCGTUNXX00,2046,0.0
GLOBAL,PWROCGTUNXX00,2047,0.0
GLOBAL,PWROCGTUNXX00,2048,0.0
GLOBAL,PWROCGTUNXX00,2049,0.0
GLOBAL,PWROCGTUNXX00,2050,0.0
GLOBAL,PWRSPVTUNXX01,2021,0.022
GLOBAL,PWRSPVTUNXX01,2022,0.022
GLOBAL,PWRSPVTUNXX01,2023,0.022
GLOBAL,PWRSPVTUNXX01,2024,0.022
GLOBAL,PWRSPVTUNXX01,2025,0.022
GLOBAL,PWRSPVTUNXX01,2026,0.022
GLOBAL,PWRSPVTUNXX01,2027,0.022
GLOBAL,PWRSPVTUNXX01,2028,0.022
GLOBAL,PWRSPVTUNXX01,2029,0.022
GLOBAL,PWRSPVTUNXX01,2030,0.022
GLOBAL,PWRSPVTUNXX01,2031,0.022
GLOBAL,PWRSPVTUNXX01,2032,0.022
GLOBAL,PWRSPVTUNXX01,2033,0.022
GLOBAL,PWRSPVTUNXX01,2034,0.022
GLOBAL,PWRSPVTUNXX01,2035,0.022
GLOBAL,PWRSPVTUNXX01,2036,0.022
GLOBAL,PWRSPVTUNXX01,2037,0.022
GLOBAL,PWRSPVTUNXX01,2038,0.022
GLOBAL,PWRSPVTUNXX01,2039,0.022
GLOBAL,PWRSPVTUNXX01,2040,0.022
GLOBAL,PWRSPVTUNXX01,2041,0.022
GLOBAL,PWRSPVTUNXX01,2042,0.022
GLOBAL,PWRSPVTUNXX01,2043,0.022
GLOBAL,PWRSPVTUNXX01,2044,0.022
GLOBAL,PWRSPVTUNXX01,2045,0.0
GLOBAL,PWRSPVTUNXX01,2046,0.0
GLOBAL,PWRSPVTUNXX01,2047,0.0
GLOBAL,PWRSPVTUNXX01,2048,0.0
GLOBAL,PWRSPVTUNXX01,2049,0.0
GLOBAL,PWRSPVTUNXX01,2050,0.0
GLOBAL,PWRWONTUNXX01,2021,0.245
GLOBAL,PWRWONTUNXX01,2022,0.245
GLOBAL,PWRWONTUNXX01,2023,0.245
GLOBAL,PWRWONTUNXX01,2024,0.245
GLOBAL,PWRWONTUNXX01,2025,0.245
GLOBAL,PWRWONTUNXX01,2026,0.245
GLOBAL,PWRWONTUNXX01,2027,0.245
GLOBAL,PWRWONTUNXX01,2028,0.245
GLOBAL,PWRWONTUNXX01,2029,0.245
GLOBAL,PWRWONTUNXX01,2030,0.245
GLOBAL,PWRWONTUNXX01,2031,0.245
GLOBAL,PWRWONTUNXX01,2032,0.245
GLOBAL,PWRWONTUNXX01,2033,0.245
GLOBAL,PWRWONTUNXX01,2034,0.245
GLOBAL,PWRWONTUNXX01,2035,0.245
GLOBAL,PWRWONTUNXX01,2036,0.245
GLOBAL,PWRWONTUNXX01,2037,0.245
GLOBAL,PWRWONTUNXX01,2038,0.245
GLOBAL,PWRWONTUNXX01,2039,0.245
GLOBAL,PWRWONTUNXX01,2040,0.072
GLOBAL,PWRWONTUNXX01,2041,0.072
GLOBAL,PWRWONTUNXX01,2042,0.072
GLOBAL,PWRWONTUNXX01,2043,0.072
GLOBAL,PWRWONTUNXX01,2044,0.0
GLOBAL,PWRWONTUNXX01,2045,0.0
GLOBAL,PWRWONTUNXX01,2046,0.0
GLOBAL,PWRWONTUNXX01,2047,0.0
GLOBAL,PWRWONTUNXX01,2048,0.0
GLOBAL,PWRWONTUNXX01,2049,0.0
GLOBAL,PWRWONTUNXX01,2050,0.0
GLOBAL,PWRBIOTURXX01,2021,0.299
GLOBAL,PWRBIOTURXX01,2022,0.299
GLOBAL,PWRBIOTURXX01,2023,0.299
GLOBAL,PWRBIOTURXX01,2024,0.299
GLOBAL,PWRBIOTURXX01,2025,0.299
GLOBAL,PWRBIOTURXX01,2026,0.299
GLOBAL,PWRBIOTURXX01,2027,0.299
GLOBAL,PWRBIOTURXX01,2028,0.299
GLOBAL,PWRBIOTURXX01,2029,0.299
GLOBAL,PWRBIOTURXX01,2030,0.299
GLOBAL,PWRBIOTURXX01,2031,0.299
GLOBAL,PWRBIOTURXX01,2032,0.0
GLOBAL,PWRBIOTURXX01,2033,0.0
GLOBAL,PWRBIOTURXX01,2034,0.0
GLOBAL,PWRBIOTURXX01,2035,0.0
GLOBAL,PWRBIOTURXX01,2036,0.0
GLOBAL,PWRBIOTURXX01,2037,0.0
GLOBAL,PWRBIOTURXX01,2038,0.0
GLOBAL,PWRBIOTURXX01,2039,0.0
GLOBAL,PWRBIOTURXX01,2040,0.0
GLOBAL,PWRBIOTURXX01,2041,0.0
GLOBAL,PWRBIOTURXX01,2042,0.0
GLOBAL,PWRBIOTURXX01,2043,0.0
GLOBAL,PWRBIOTURXX01,2044,0.0
GLOBAL,PWRBIOTURXX01,2045,0.0
GLOBAL,PWRBIOTURXX01,2046,0.0
GLOBAL,PWRBIOTURXX01,2047,0.0
GLOBAL,PWRBIOTURXX01,2048,0.0
GLOBAL,PWRBIOTURXX01,2049,0.0
GLOBAL,PWRBIOTURXX01,2050,0.0
GLOBAL,PWRCCGTURXX00,2021,24.895
GLOBAL,PWRCCGTURXX00,2022,24.895
GLOBAL,PWRCCGTURXX00,2023,24.895
GLOBAL,PWRCCGTURXX00,2024,24.895
GLOBAL,PWRCCGTURXX00,2025,0.0
GLOBAL,PWRCCGTURXX00,2026,0.0
GLOBAL,PWRCCGTURXX00,2027,0.0
GLOBAL,PWRCCGTURXX00,2028,0.0
GLOBAL,PWRCCGTURXX00,2029,0.0
GLOBAL,PWRCCGTURXX00,2030,0.0
GLOBAL,PWRCCGTURXX00,2031,0.0
GLOBAL,PWRCCGTURXX00,2032,0.0
GLOBAL,PWRCCGTURXX00,2033,0.0
GLOBAL,PWRCCGTURXX00,2034,0.0
GLOBAL,PWRCCGTURXX00,2035,0.0
GLOBAL,PWRCCGTURXX00,2036,0.0
GLOBAL,PWRCCGTURXX00,2037,0.0
GLOBAL,PWRCCGTURXX00,2038,0.0
GLOBAL,PWRCCGTURXX00,2039,0.0
GLOBAL,PWRCCGTURXX00,2040,0.0
GLOBAL,PWRCCGTURXX00,2041,0.0
GLOBAL,PWRCCGTURXX00,2042,0.0
GLOBAL,PWRCCGTURXX00,2043,0.0
GLOBAL,PWRCCGTURXX00,2044,0.0
GLOBAL,PWRCCGTURXX00,2045,0.0
GLOBAL,PWRCCGTURXX00,2046,0.0
GLOBAL,PWRCCGTURXX00,2047,0.0
GLOBAL,PWRCCGTURXX00,2048,0.0
GLOBAL,PWRCCGTURXX00,2049,0.0
GLOBAL,PWRCCGTURXX00,2050,0.0
GLOBAL,PWRCOATURXX01,2021,17.72
GLOBAL,PWRCOATURXX01,2022,17.72
GLOBAL,PWRCOATURXX01,2023,17.51
GLOBAL,PWRCOATURXX01,2024,16.972
GLOBAL,PWRCOATURXX01,2025,16.342
GLOBAL,PWRCOATURXX01,2026,16.342
GLOBAL,PWRCOATURXX01,2027,16.342
GLOBAL,PWRCOATURXX01,2028,4.339
GLOBAL,PWRCOATURXX01,2029,3.973
GLOBAL,PWRCOATURXX01,2030,3.973
GLOBAL,PWRCOATURXX01,2031,3.973
GLOBAL,PWRCOATURXX01,2032,3.973
GLOBAL,PWRCOATURXX01,2033,3.973
GLOBAL,PWRCOATURXX01,2034,1.641
GLOBAL,PWRCOATURXX01,2035,1.641
GLOBAL,PWRCOATURXX01,2036,1.641
GLOBAL,PWRCOATURXX01,2037,1.641
GLOBAL,PWRCOATURXX01,2038,1.641
GLOBAL,PWRCOATURXX01,2039,1.641
GLOBAL,PWRCOATURXX01,2040,1.641
GLOBAL,PWRCOATURXX01,2041,1.641
GLOBAL,PWRCOATURXX01,2042,1.641
GLOBAL,PWRCOATURXX01,2043,1.641
GLOBAL,PWRCOATURXX01,2044,1.59
GLOBAL,PWRCOATURXX01,2045,1.59
GLOBAL,PWRCOATURXX01,2046,1.32
GLOBAL,PWRCOATURXX01,2047,1.32
GLOBAL,PWRCOATURXX01,2048,0.0
GLOBAL,PWRCOATURXX01,2049,0.0
GLOBAL,PWRCOATURXX01,2050,0.0
GLOBAL,PWRGEOTURXX01,2021,0.624
GLOBAL,PWRGEOTURXX01,2022,0.624
GLOBAL,PWRGEOTURXX01,2023,0.624
GLOBAL,PWRGEOTURXX01,2024,0.624
GLOBAL,PWRGEOTURXX01,2025,0.624
GLOBAL,PWRGEOTURXX01,2026,0.298
GLOBAL,PWRGEOTURXX01,2027,0.298
GLOBAL,PWRGEOTURXX01,2028,0.298
GLOBAL,PWRGEOTURXX01,2029,0.298
GLOBAL,PWRGEOTURXX01,2030,0.298
GLOBAL,PWRGEOTURXX01,2031,0.298
GLOBAL,PWRGEOTURXX01,2032,0.298
GLOBAL,PWRGEOTURXX01,2033,0.298
GLOBAL,PWRGEOTURXX01,2034,0.298
GLOBAL,PWRGEOTURXX01,2035,0.298
GLOBAL,PWRGEOTURXX01,2036,0.298
GLOBAL,PWRGEOTURXX01,2037,0.298
GLOBAL,PWRGEOTURXX01,2038,0.298
GLOBAL,PWRGEOTURXX01,2039,0.298
GLOBAL,PWRGEOTURXX01,2040,0.251
GLOBAL,PWRGEOTURXX01,2041,0.251
GLOBAL,PWRGEOTURXX01,2042,0.251
GLOBAL,PWRGEOTURXX01,2043,0.227
GLOBAL,PWRGEOTURXX01,2044,0.113
GLOBAL,PWRGEOTURXX01,2045,0.045
GLOBAL,PWRGEOTURXX01,2046,0.0
GLOBAL,PWRGEOTURXX01,2047,0.0
GLOBAL,PWRGEOTURXX01,2048,0.0
GLOBAL,PWRGEOTURXX01,2049,0.0
GLOBAL,PWRGEOTURXX01,2050,0.0
GLOBAL,PWRHYDTURXX01,2021,25.87
GLOBAL,PWRHYDTURXX01,2022,25.87
GLOBAL,PWRHYDTURXX01,2023,25.87
GLOBAL,PWRHYDTURXX01,2024,25.87
GLOBAL,PWRHYDTURXX01,2025,25.87
GLOBAL,PWRHYDTURXX01,2026,25.87
GLOBAL,PWRHYDTURXX01,2027,25.87
GLOBAL,PWRHYDTURXX01,2028,25.87
GLOBAL,PWRHYDTURXX01,2029,25.87
GLOBAL,PWRHYDTURXX01,2030,25.87
GLOBAL,PWRHYDTURXX01,2031,25.87
GLOBAL,PWRHYDTURXX01,2032,25.87
GLOBAL,PWRHYDTURXX01,2033,25.87
GLOBAL,PWRHYDTURXX01,2034,25.87
GLOBAL,PWRHYDTURXX01,2035,25.87
GLOBAL,PWRHYDTURXX01,2036,25.87
GLOBAL,PWRHYDTURXX01,2037,25.87
GLOBAL,PWRHYDTURXX01,2038,25.87
GLOBAL,PWRHYDTURXX01,2039,25.87
GLOBAL,PWRHYDTURXX01,2040,25.87
GLOBAL,PWRHYDTURXX01,2041,25.87
GLOBAL,PWRHYDTURXX01,2042,25.87
GLOBAL,PWRHYDTURXX01,2043,25.87
GLOBAL,PWRHYDTURXX01,2044,25.87
GLOBAL,PWRHYDTURXX01,2045,25.87
GLOBAL,PWRHYDTURXX01,2046,25.87
GLOBAL,PWRHYDTURXX01,2047,25.87
GLOBAL,PWRHYDTURXX01,2048,25.87
GLOBAL,PWRHYDTURXX01,2049,25.87
GLOBAL,PWRHYDTURXX01,2050,25.87
GLOBAL,PWROCGTURXX00,2021,0.016
GLOBAL,PWROCGTURXX00,2022,0.016
GLOBAL,PWROCGTURXX00,2023,0.016
GLOBAL,PWROCGTURXX00,2024,0.016
GLOBAL,PWROCGTURXX00,2025,0.0
GLOBAL,PWROCGTURXX00,2026,0.0
GLOBAL,PWROCGTURXX00,2027,0.0
GLOBAL,PWROCGTURXX00,2028,0.0
GLOBAL,PWROCGTURXX00,2029,0.0
GLOBAL,PWROCGTURXX00,2030,0.0
GLOBAL,PWROCGTURXX00,2031,0.0
GLOBAL,PWROCGTURXX00,2032,0.0
GLOBAL,PWROCGTURXX00,2033,0.0
GLOBAL,PWROCGTURXX00,2034,0.0
GLOBAL,PWROCGTURXX00,2035,0.0
GLOBAL,PWROCGTURXX00,2036,0.0
GLOBAL,PWROCGTURXX00,2037,0.0
GLOBAL,PWROCGTURXX00,2038,0.0
GLOBAL,PWROCGTURXX00,2039,0.0
GLOBAL,PWROCGTURXX00,2040,0.0
GLOBAL,PWROCGTURXX00,2041,0.0
GLOBAL,PWROCGTURXX00,2042,0.0
GLOBAL,PWROCGTURXX00,2043,0.0
GLOBAL,PWROCGTURXX00,2044,0.0
GLOBAL,PWROCGTURXX00,2045,0.0
GLOBAL,PWROCGTURXX00,2046,0.0
GLOBAL,PWROCGTURXX00,2047,0.0
GLOBAL,PWROCGTURXX00,2048,0.0
GLOBAL,PWROCGTURXX00,2049,0.0
GLOBAL,PWROCGTURXX00,2050,0.0
GLOBAL,PWROILTURXX01,2021,0.843
GLOBAL,PWROILTURXX01,2022,0.843
GLOBAL,PWROILTURXX01,2023,0.843
GLOBAL,PWROILTURXX01,2024,0.843
GLOBAL,PWROILTURXX01,2025,0.843
GLOBAL,PWROILTURXX01,2026,0.843
GLOBAL,PWROILTURXX01,2027,0.0
GLOBAL,PWROILTURXX01,2028,0.0
GLOBAL,PWROILTURXX01,2029,0.0
GLOBAL,PWROILTURXX01,2030,0.0
GLOBAL,PWROILTURXX01,2031,0.0
GLOBAL,PWROILTURXX01,2032,0.0
GLOBAL,PWROILTURXX01,2033,0.0
GLOBAL,PWROILTURXX01,2034,0.0
GLOBAL,PWROILTURXX01,2035,0.0
GLOBAL,PWROILTURXX01,2036,0.0
GLOBAL,PWROILTURXX01,2037,0.0
GLOBAL,PWROILTURXX01,2038,0.0
GLOBAL,PWROILTURXX01,2039,0.0
GLOBAL,PWROILTURXX01,2040,0.0
GLOBAL,PWROILTURXX01,2041,0.0
GLOBAL,PWROILTURXX01,2042,0.0
GLOBAL,PWROILTURXX01,2043,0.0
GLOBAL,PWROILTURXX01,2044,0.0
GLOBAL,PWROILTURXX01,2045,0.0
GLOBAL,PWROILTURXX01,2046,0.0
GLOBAL,PWROILTURXX01,2047,0.0
GLOBAL,PWROILTURXX01,2048,0.0
GLOBAL,PWROILTURXX01,2049,0.0
GLOBAL,PWROILTURXX01,2050,0.0
GLOBAL,PWRSPVTURXX01,2021,0.249
GLOBAL,PWRSPVTURXX01,2022,0.249
GLOBAL,PWRSPVTURXX01,2023,0.249
GLOBAL,PWRSPVTURXX01,2024,0.249
GLOBAL,PWRSPVTURXX01,2025,0.249
GLOBAL,PWRSPVTURXX01,2026,0.249
GLOBAL,PWRSPVTURXX01,2027,0.249
GLOBAL,PWRSPVTURXX01,2028,0.249
GLOBAL,PWRSPVTURXX01,2029,0.249
GLOBAL,PWRSPVTURXX01,2030,0.249
GLOBAL,PWRSPVTURXX01,2031,0.249
GLOBAL,PWRSPVTURXX01,2032,0.249
GLOBAL,PWRSPVTURXX01,2033,0.249
GLOBAL,PWRSPVTURXX01,2034,0.249
GLOBAL,PWRSPVTURXX01,2035,0.249
GLOBAL,PWRSPVTURXX01,2036,0.249
GLOBAL,PWRSPVTURXX01,2037,0.249
GLOBAL,PWRSPVTURXX01,2038,0.249
GLOBAL,PWRSPVTURXX01,2039,0.249
GLOBAL,PWRSPVTURXX01,2040,0.249
GLOBAL,PWRSPVTURXX01,2041,0.249
GLOBAL,PWRSPVTURXX01,2042,0.249
GLOBAL,PWRSPVTURXX01,2043,0.249
GLOBAL,PWRSPVTURXX01,2044,0.249
GLOBAL,PWRSPVTURXX01,2045,0.019
GLOBAL,PWRSPVTURXX01,2046,0.0
GLOBAL,PWRSPVTURXX01,2047,0.0
GLOBAL,PWRSPVTURXX01,2048,0.0
GLOBAL,PWRSPVTURXX01,2049,0.0
GLOBAL,PWRSPVTURXX01,2050,0.0
GLOBAL,PWRWAVTURXX01,2021,0.071
GLOBAL,PWRWAVTURXX01,2022,0.0
GLOBAL,PWRWAVTURXX01,2023,0.0
GLOBAL,PWRWAVTURXX01,2024,0.0
GLOBAL,PWRWAVTURXX01,2025,0.0
GLOBAL,PWRWAVTURXX01,2026,0.0
GLOBAL,PWRWAVTURXX01,2027,0.0
GLOBAL,PWRWAVTURXX01,2028,0.0
GLOBAL,PWRWAVTURXX01,2029,0.0
GLOBAL,PWRWAVTURXX01,2030,0.0
GLOBAL,PWRWAVTURXX01,2031,0.0
GLOBAL,PWRWAVTURXX01,2032,0.0
GLOBAL,PWRWAVTURXX01,2033,0.0
GLOBAL,PWRWAVTURXX01,2034,0.0
GLOBAL,PWRWAVTURXX01,2035,0.0
GLOBAL,PWRWAVTURXX01,2036,0.0
GLOBAL,PWRWAVTURXX01,2037,0.0
GLOBAL,PWRWAVTURXX01,2038,0.0
GLOBAL,PWRWAVTURXX01,2039,0.0
GLOBAL,PWRWAVTURXX01,2040,0.0
GLOBAL,PWRWAVTURXX01,2041,0.0
GLOBAL,PWRWAVTURXX01,2042,0.0
GLOBAL,PWRWAVTURXX01,2043,0.0
GLOBAL,PWRWAVTURXX01,2044,0.0
GLOBAL,PWRWAVTURXX01,2045,0.0
GLOBAL,PWRWAVTURXX01,2046,0.0
GLOBAL,PWRWAVTURXX01,2047,0.0
GLOBAL,PWRWAVTURXX01,2048,0.0
GLOBAL,PWRWAVTURXX01,2049,0.0
GLOBAL,PWRWAVTURXX01,2050,0.0
GLOBAL,PWRWONTURXX01,2021,4.5035
GLOBAL,PWRWONTURXX01,2022,4.5035
GLOBAL,PWRWONTURXX01,2023,4.5035
GLOBAL,PWRWONTURXX01,2024,4.5035
GLOBAL,PWRWONTURXX01,2025,4.5035
GLOBAL,PWRWONTURXX01,2026,4.5035
GLOBAL,PWRWONTURXX01,2027,4.5035
GLOBAL,PWRWONTURXX01,2028,4.5035
GLOBAL,PWRWONTURXX01,2029,4.5035
GLOBAL,PWRWONTURXX01,2030,4.5035
GLOBAL,PWRWONTURXX01,2031,4.4935
GLOBAL,PWRWONTURXX01,2032,4.4935
GLOBAL,PWRWONTURXX01,2033,4.4935
GLOBAL,PWRWONTURXX01,2034,4.4935
GLOBAL,PWRWONTURXX01,2035,4.4935
GLOBAL,PWRWONTURXX01,2036,4.4935
GLOBAL,PWRWONTURXX01,2037,4.4935
GLOBAL,PWRWONTURXX01,2038,4.4935
GLOBAL,PWRWONTURXX01,2039,4.4935
GLOBAL,PWRWONTURXX01,2040,0.131
GLOBAL,PWRWONTURXX01,2041,0.131
GLOBAL,PWRWONTURXX01,2042,0.041
GLOBAL,PWRWONTURXX01,2043,0.028
GLOBAL,PWRWONTURXX01,2044,0.028
GLOBAL,PWRWONTURXX01,2045,0.0
GLOBAL,PWRWONTURXX01,2046,0.0
GLOBAL,PWRWONTURXX01,2047,0.0
GLOBAL,PWRWONTURXX01,2048,0.0
GLOBAL,PWRWONTURXX01,2049,0.0
GLOBAL,PWRWONTURXX01,2050,0.0
GLOBAL,PWRBIOTWNXX01,2021,0.74
GLOBAL,PWRBIOTWNXX01,2022,0.74
GLOBAL,PWRBIOTWNXX01,2023,0.74
GLOBAL,PWRBIOTWNXX01,2024,0.74
GLOBAL,PWRBIOTWNXX01,2025,0.74
GLOBAL,PWRBIOTWNXX01,2026,0.74
GLOBAL,PWRBIOTWNXX01,2027,0.74
GLOBAL,PWRBIOTWNXX01,2028,0.74
GLOBAL,PWRBIOTWNXX01,2029,0.74
GLOBAL,PWRBIOTWNXX01,2030,0.74
GLOBAL,PWRBIOTWNXX01,2031,0.74
GLOBAL,PWRBIOTWNXX01,2032,0.0
GLOBAL,PWRBIOTWNXX01,2033,0.0
GLOBAL,PWRBIOTWNXX01,2034,0.0
GLOBAL,PWRBIOTWNXX01,2035,0.0
GLOBAL,PWRBIOTWNXX01,2036,0.0
GLOBAL,PWRBIOTWNXX01,2037,0.0
GLOBAL,PWRBIOTWNXX01,2038,0.0
GLOBAL,PWRBIOTWNXX01,2039,0.0
GLOBAL,PWRBIOTWNXX01,2040,0.0
GLOBAL,PWRBIOTWNXX01,2041,0.0
GLOBAL,PWRBIOTWNXX01,2042,0.0
GLOBAL,PWRBIOTWNXX01,2043,0.0
GLOBAL,PWRBIOTWNXX01,2044,0.0
GLOBAL,PWRBIOTWNXX01,2045,0.0
GLOBAL,PWRBIOTWNXX01,2046,0.0
GLOBAL,PWRBIOTWNXX01,2047,0.0
GLOBAL,PWRBIOTWNXX01,2048,0.0
GLOBAL,PWRBIOTWNXX01,2049,0.0
GLOBAL,PWRBIOTWNXX01,2050,0.0
GLOBAL,PWRCCGTWNXX00,2021,15.3456
GLOBAL,PWRCCGTWNXX00,2022,15.3456
GLOBAL,PWRCCGTWNXX00,2023,15.3456
GLOBAL,PWRCCGTWNXX00,2024,15.3456
GLOBAL,PWRCCGTWNXX00,2025,3.795
GLOBAL,PWRCCGTWNXX00,2026,3.245
GLOBAL,PWRCCGTWNXX00,2027,3.245
GLOBAL,PWRCCGTWNXX00,2028,3.245
GLOBAL,PWRCCGTWNXX00,2029,2.945
GLOBAL,PWRCCGTWNXX00,2030,2.945
GLOBAL,PWRCCGTWNXX00,2031,2.945
GLOBAL,PWRCCGTWNXX00,2032,2.945
GLOBAL,PWRCCGTWNXX00,2033,2.945
GLOBAL,PWRCCGTWNXX00,2034,1.16
GLOBAL,PWRCCGTWNXX00,2035,0.49
GLOBAL,PWRCCGTWNXX00,2036,0.49
GLOBAL,PWRCCGTWNXX00,2037,0.49
GLOBAL,PWRCCGTWNXX00,2038,0.49
GLOBAL,PWRCCGTWNXX00,2039,0.49
GLOBAL,PWRCCGTWNXX00,2040,0.0
GLOBAL,PWRCCGTWNXX00,2041,0.0
GLOBAL,PWRCCGTWNXX00,2042,0.0
GLOBAL,PWRCCGTWNXX00,2043,0.0
GLOBAL,PWRCCGTWNXX00,2044,0.0
GLOBAL,PWRCCGTWNXX00,2045,0.0
GLOBAL,PWRCCGTWNXX00,2046,0.0
GLOBAL,PWRCCGTWNXX00,2047,0.0
GLOBAL,PWRCCGTWNXX00,2048,0.0
GLOBAL,PWRCCGTWNXX00,2049,0.0
GLOBAL,PWRCCGTWNXX00,2050,0.0
GLOBAL,PWRCOATWNXX01,2021,18.6504
GLOBAL,PWRCOATWNXX01,2022,18.6504
GLOBAL,PWRCOATWNXX01,2023,18.6504
GLOBAL,PWRCOATWNXX01,2024,18.6504
GLOBAL,PWRCOATWNXX01,2025,18.6504
GLOBAL,PWRCOATWNXX01,2026,18.0174
GLOBAL,PWRCOATWNXX01,2027,18.0174
GLOBAL,PWRCOATWNXX01,2028,1.657
GLOBAL,PWRCOATWNXX01,2029,1.657
GLOBAL,PWRCOATWNXX01,2030,1.657
GLOBAL,PWRCOATWNXX01,2031,1.657
GLOBAL,PWRCOATWNXX01,2032,1.657
GLOBAL,PWRCOATWNXX01,2033,0.362
GLOBAL,PWRCOATWNXX01,2034,0.0
GLOBAL,PWRCOATWNXX01,2035,0.0
GLOBAL,PWRCOATWNXX01,2036,0.0
GLOBAL,PWRCOATWNXX01,2037,0.0
GLOBAL,PWRCOATWNXX01,2038,0.0
GLOBAL,PWRCOATWNXX01,2039,0.0
GLOBAL,PWRCOATWNXX01,2040,0.0
GLOBAL,PWRCOATWNXX01,2041,0.0
GLOBAL,PWRCOATWNXX01,2042,0.0
GLOBAL,PWRCOATWNXX01,2043,0.0
GLOBAL,PWRCOATWNXX01,2044,0.0
GLOBAL,PWRCOATWNXX01,2045,0.0
GLOBAL,PWRCOATWNXX01,2046,0.0
GLOBAL,PWRCOATWNXX01,2047,0.0
GLOBAL,PWRCOATWNXX01,2048,0.0
GLOBAL,PWRCOATWNXX01,2049,0.0
GLOBAL,PWRCOATWNXX01,2050,0.0
GLOBAL,PWRHYDTWNXX01,2021,3.822
GLOBAL,PWRHYDTWNXX01,2022,3.822
GLOBAL,PWRHYDTWNXX01,2023,3.822
GLOBAL,PWRHYDTWNXX01,2024,3.822
GLOBAL,PWRHYDTWNXX01,2025,3.822
GLOBAL,PWRHYDTWNXX01,2026,3.822
GLOBAL,PWRHYDTWNXX01,2027,3.822
GLOBAL,PWRHYDTWNXX01,2028,3.822
GLOBAL,PWRHYDTWNXX01,2029,3.822
GLOBAL,PWRHYDTWNXX01,2030,3.822
GLOBAL,PWRHYDTWNXX01,2031,3.822
GLOBAL,PWRHYDTWNXX01,2032,3.822
GLOBAL,PWRHYDTWNXX01,2033,3.822
GLOBAL,PWRHYDTWNXX01,2034,3.822
GLOBAL,PWRHYDTWNXX01,2035,3.822
GLOBAL,PWRHYDTWNXX01,2036,3.822
GLOBAL,PWRHYDTWNXX01,2037,3.822
GLOBAL,PWRHYDTWNXX01,2038,3.822
GLOBAL,PWRHYDTWNXX01,2039,3.822
GLOBAL,PWRHYDTWNXX01,2040,3.822
GLOBAL,PWRHYDTWNXX01,2041,3.822
GLOBAL,PWRHYDTWNXX01,2042,3.802
GLOBAL,PWRHYDTWNXX01,2043,3.802
GLOBAL,PWRHYDTWNXX01,2044,3.802
GLOBAL,PWRHYDTWNXX01,2045,3.802
GLOBAL,PWRHYDTWNXX01,2046,3.802
GLOBAL,PWRHYDTWNXX01,2047,3.802
GLOBAL,PWRHYDTWNXX01,2048,3.802
GLOBAL,PWRHYDTWNXX01,2049,3.802
GLOBAL,PWRHYDTWNXX01,2050,3.802
GLOBAL,PWROILTWNXX01,2021,2.6319
GLOBAL,PWROILTWNXX01,2022,2.6319
GLOBAL,PWROILTWNXX01,2023,2.6319
GLOBAL,PWROILTWNXX01,2024,2.6319
GLOBAL,PWROILTWNXX01,2025,2.6319
GLOBAL,PWROILTWNXX01,2026,2.6319
GLOBAL,PWROILTWNXX01,2027,0.0
GLOBAL,PWROILTWNXX01,2028,0.0
GLOBAL,PWROILTWNXX01,2029,0.0
GLOBAL,PWROILTWNXX01,2030,0.0
GLOBAL,PWROILTWNXX01,2031,0.0
GLOBAL,PWROILTWNXX01,2032,0.0
GLOBAL,PWROILTWNXX01,2033,0.0
GLOBAL,PWROILTWNXX01,2034,0.0
GLOBAL,PWROILTWNXX01,2035,0.0
GLOBAL,PWROILTWNXX01,2036,0.0
GLOBAL,PWROILTWNXX01,2037,0.0
GLOBAL,PWROILTWNXX01,2038,0.0
GLOBAL,PWROILTWNXX01,2039,0.0
GLOBAL,PWROILTWNXX01,2040,0.0
GLOBAL,PWROILTWNXX01,2041,0.0
GLOBAL,PWROILTWNXX01,2042,0.0
GLOBAL,PWROILTWNXX01,2043,0.0
GLOBAL,PWROILTWNXX01,2044,0.0
GLOBAL,PWROILTWNXX01,2045,0.0
GLOBAL,PWROILTWNXX01,2046,0.0
GLOBAL,PWROILTWNXX01,2047,0.0
GLOBAL,PWROILTWNXX01,2048,0.0
GLOBAL,PWROILTWNXX01,2049,0.0
GLOBAL,PWROILTWNXX01,2050,0.0
GLOBAL,PWRSPVTWNXX01,2021,0.842
GLOBAL,PWRSPVTWNXX01,2022,0.842
GLOBAL,PWRSPVTWNXX01,2023,0.842
GLOBAL,PWRSPVTWNXX01,2024,0.842
GLOBAL,PWRSPVTWNXX01,2025,0.842
GLOBAL,PWRSPVTWNXX01,2026,0.842
GLOBAL,PWRSPVTWNXX01,2027,0.842
GLOBAL,PWRSPVTWNXX01,2028,0.842
GLOBAL,PWRSPVTWNXX01,2029,0.842
GLOBAL,PWRSPVTWNXX01,2030,0.842
GLOBAL,PWRSPVTWNXX01,2031,0.842
GLOBAL,PWRSPVTWNXX01,2032,0.842
GLOBAL,PWRSPVTWNXX01,2033,0.842
GLOBAL,PWRSPVTWNXX01,2034,0.842
GLOBAL,PWRSPVTWNXX01,2035,0.842
GLOBAL,PWRSPVTWNXX01,2036,0.842
GLOBAL,PWRSPVTWNXX01,2037,0.842
GLOBAL,PWRSPVTWNXX01,2038,0.842
GLOBAL,PWRSPVTWNXX01,2039,0.842
GLOBAL,PWRSPVTWNXX01,2040,0.842
GLOBAL,PWRSPVTWNXX01,2041,0.842
GLOBAL,PWRSPVTWNXX01,2042,0.842
GLOBAL,PWRSPVTWNXX01,2043,0.842
GLOBAL,PWRSPVTWNXX01,2044,0.842
GLOBAL,PWRSPVTWNXX01,2045,0.0
GLOBAL,PWRSPVTWNXX01,2046,0.0
GLOBAL,PWRSPVTWNXX01,2047,0.0
GLOBAL,PWRSPVTWNXX01,2048,0.0
GLOBAL,PWRSPVTWNXX01,2049,0.0
GLOBAL,PWRSPVTWNXX01,2050,0.0
GLOBAL,PWRURNTWNXX01,2021,5.216
GLOBAL,PWRURNTWNXX01,2022,5.216
GLOBAL,PWRURNTWNXX01,2023,5.216
GLOBAL,PWRURNTWNXX01,2024,5.216
GLOBAL,PWRURNTWNXX01,2025,5.216
GLOBAL,PWRURNTWNXX01,2026,5.216
GLOBAL,PWRURNTWNXX01,2027,5.216
GLOBAL,PWRURNTWNXX01,2028,5.216
GLOBAL,PWRURNTWNXX01,2029,5.216
GLOBAL,PWRURNTWNXX01,2030,5.216
GLOBAL,PWRURNTWNXX01,2031,5.216
GLOBAL,PWRURNTWNXX01,2032,5.216
GLOBAL,PWRURNTWNXX01,2033,5.216
GLOBAL,PWRURNTWNXX01,2034,5.216
GLOBAL,PWRURNTWNXX01,2035,5.216
GLOBAL,PWRURNTWNXX01,2036,5.216
GLOBAL,PWRURNTWNXX01,2037,5.216
GLOBAL,PWRURNTWNXX01,2038,5.216
GLOBAL,PWRURNTWNXX01,2039,5.216
GLOBAL,PWRURNTWNXX01,2040,5.216
GLOBAL,PWRURNTWNXX01,2041,5.216
GLOBAL,PWRURNTWNXX01,2042,5.216
GLOBAL,PWRURNTWNXX01,2043,5.216
GLOBAL,PWRURNTWNXX01,2044,5.216
GLOBAL,PWRURNTWNXX01,2045,0.0
GLOBAL,PWRURNTWNXX01,2046,0.0
GLOBAL,PWRURNTWNXX01,2047,0.0
GLOBAL,PWRURNTWNXX01,2048,0.0
GLOBAL,PWRURNTWNXX01,2049,0.0
GLOBAL,PWRURNTWNXX01,2050,0.0
GLOBAL,PWRWONTWNXX01,2021,0.6466
GLOBAL,PWRWONTWNXX01,2022,0.6466
GLOBAL,PWRWONTWNXX01,2023,0.6466
GLOBAL,PWRWONTWNXX01,2024,0.6466
GLOBAL,PWRWONTWNXX01,2025,0.6466
GLOBAL,PWRWONTWNXX01,2026,0.6466
GLOBAL,PWRWONTWNXX01,2027,0.6466
GLOBAL,PWRWONTWNXX01,2028,0.6466
GLOBAL,PWRWONTWNXX01,2029,0.6466
GLOBAL,PWRWONTWNXX01,2030,0.6466
GLOBAL,PWRWONTWNXX01,2031,0.6466
GLOBAL,PWRWONTWNXX01,2032,0.6466
GLOBAL,PWRWONTWNXX01,2033,0.6466
GLOBAL,PWRWONTWNXX01,2034,0.6466
GLOBAL,PWRWONTWNXX01,2035,0.6426
GLOBAL,PWRWONTWNXX01,2036,0.6286
GLOBAL,PWRWONTWNXX01,2037,0.5786
GLOBAL,PWRWONTWNXX01,2038,0.4826
GLOBAL,PWRWONTWNXX01,2039,0.4826
GLOBAL,PWRWONTWNXX01,2040,0.006
GLOBAL,PWRWONTWNXX01,2041,0.006
GLOBAL,PWRWONTWNXX01,2042,0.0
GLOBAL,PWRWONTWNXX01,2043,0.0
GLOBAL,PWRWONTWNXX01,2044,0.0
GLOBAL,PWRWONTWNXX01,2045,0.0
GLOBAL,PWRWONTWNXX01,2046,0.0
GLOBAL,PWRWONTWNXX01,2047,0.0
GLOBAL,PWRWONTWNXX01,2048,0.0
GLOBAL,PWRWONTWNXX01,2049,0.0
GLOBAL,PWRWONTWNXX01,2050,0.0
GLOBAL,PWRBIOTZAXX01,2021,0.07
GLOBAL,PWRBIOTZAXX01,2022,0.07
GLOBAL,PWRBIOTZAXX01,2023,0.07
GLOBAL,PWRBIOTZAXX01,2024,0.07
GLOBAL,PWRBIOTZAXX01,2025,0.07
GLOBAL,PWRBIOTZAXX01,2026,0.07
GLOBAL,PWRBIOTZAXX01,2027,0.07
GLOBAL,PWRBIOTZAXX01,2028,0.07
GLOBAL,PWRBIOTZAXX01,2029,0.07
GLOBAL,PWRBIOTZAXX01,2030,0.07
GLOBAL,PWRBIOTZAXX01,2031,0.07
GLOBAL,PWRBIOTZAXX01,2032,0.0
GLOBAL,PWRBIOTZAXX01,2033,0.0
GLOBAL,PWRBIOTZAXX01,2034,0.0
GLOBAL,PWRBIOTZAXX01,2035,0.0
GLOBAL,PWRBIOTZAXX01,2036,0.0
GLOBAL,PWRBIOTZAXX01,2037,0.0
GLOBAL,PWRBIOTZAXX01,2038,0.0
GLOBAL,PWRBIOTZAXX01,2039,0.0
GLOBAL,PWRBIOTZAXX01,2040,0.0
GLOBAL,PWRBIOTZAXX01,2041,0.0
GLOBAL,PWRBIOTZAXX01,2042,0.0
GLOBAL,PWRBIOTZAXX01,2043,0.0
GLOBAL,PWRBIOTZAXX01,2044,0.0
GLOBAL,PWRBIOTZAXX01,2045,0.0
GLOBAL,PWRBIOTZAXX01,2046,0.0
GLOBAL,PWRBIOTZAXX01,2047,0.0
GLOBAL,PWRBIOTZAXX01,2048,0.0
GLOBAL,PWRBIOTZAXX01,2049,0.0
GLOBAL,PWRBIOTZAXX01,2050,0.0
GLOBAL,PWRHYDTZAXX01,2021,0.561
GLOBAL,PWRHYDTZAXX01,2022,0.561
GLOBAL,PWRHYDTZAXX01,2023,0.561
GLOBAL,PWRHYDTZAXX01,2024,0.561
GLOBAL,PWRHYDTZAXX01,2025,0.561
GLOBAL,PWRHYDTZAXX01,2026,0.561
GLOBAL,PWRHYDTZAXX01,2027,0.561
GLOBAL,PWRHYDTZAXX01,2028,0.561
GLOBAL,PWRHYDTZAXX01,2029,0.561
GLOBAL,PWRHYDTZAXX01,2030,0.561
GLOBAL,PWRHYDTZAXX01,2031,0.561
GLOBAL,PWRHYDTZAXX01,2032,0.561
GLOBAL,PWRHYDTZAXX01,2033,0.561
GLOBAL,PWRHYDTZAXX01,2034,0.561
GLOBAL,PWRHYDTZAXX01,2035,0.561
GLOBAL,PWRHYDTZAXX01,2036,0.561
GLOBAL,PWRHYDTZAXX01,2037,0.561
GLOBAL,PWRHYDTZAXX01,2038,0.561
GLOBAL,PWRHYDTZAXX01,2039,0.561
GLOBAL,PWRHYDTZAXX01,2040,0.561
GLOBAL,PWRHYDTZAXX01,2041,0.561
GLOBAL,PWRHYDTZAXX01,2042,0.561
GLOBAL,PWRHYDTZAXX01,2043,0.561
GLOBAL,PWRHYDTZAXX01,2044,0.561
GLOBAL,PWRHYDTZAXX01,2045,0.561
GLOBAL,PWRHYDTZAXX01,2046,0.561
GLOBAL,PWRHYDTZAXX01,2047,0.561
GLOBAL,PWRHYDTZAXX01,2048,0.561
GLOBAL,PWRHYDTZAXX01,2049,0.561
GLOBAL,PWRHYDTZAXX01,2050,0.561
GLOBAL,PWROCGTZAXX00,2021,0.2125
GLOBAL,PWROCGTZAXX00,2022,0.2125
GLOBAL,PWROCGTZAXX00,2023,0.2125
GLOBAL,PWROCGTZAXX00,2024,0.2125
GLOBAL,PWROCGTZAXX00,2025,0.063
GLOBAL,PWROCGTZAXX00,2026,0.063
GLOBAL,PWROCGTZAXX00,2027,0.063
GLOBAL,PWROCGTZAXX00,2028,0.063
GLOBAL,PWROCGTZAXX00,2029,0.063
GLOBAL,PWROCGTZAXX00,2030,0.063
GLOBAL,PWROCGTZAXX00,2031,0.063
GLOBAL,PWROCGTZAXX00,2032,0.063
GLOBAL,PWROCGTZAXX00,2033,0.063
GLOBAL,PWROCGTZAXX00,2034,0.063
GLOBAL,PWROCGTZAXX00,2035,0.063
GLOBAL,PWROCGTZAXX00,2036,0.063
GLOBAL,PWROCGTZAXX00,2037,0.063
GLOBAL,PWROCGTZAXX00,2038,0.063
GLOBAL,PWROCGTZAXX00,2039,0.063
GLOBAL,PWROCGTZAXX00,2040,0.063
GLOBAL,PWROCGTZAXX00,2041,0.063
GLOBAL,PWROCGTZAXX00,2042,0.063
GLOBAL,PWROCGTZAXX00,2043,0.0
GLOBAL,PWROCGTZAXX00,2044,0.0
GLOBAL,PWROCGTZAXX00,2045,0.0
GLOBAL,PWROCGTZAXX00,2046,0.0
GLOBAL,PWROCGTZAXX00,2047,0.0
GLOBAL,PWROCGTZAXX00,2048,0.0
GLOBAL,PWROCGTZAXX00,2049,0.0
GLOBAL,PWROCGTZAXX00,2050,0.0
GLOBAL,PWROILTZAXX01,2021,0.1
GLOBAL,PWROILTZAXX01,2022,0.1
GLOBAL,PWROILTZAXX01,2023,0.1
GLOBAL,PWROILTZAXX01,2024,0.1
GLOBAL,PWROILTZAXX01,2025,0.1
GLOBAL,PWROILTZAXX01,2026,0.1
GLOBAL,PWROILTZAXX01,2027,0.0
GLOBAL,PWROILTZAXX01,2028,0.0
GLOBAL,PWROILTZAXX01,2029,0.0
GLOBAL,PWROILTZAXX01,2030,0.0
GLOBAL,PWROILTZAXX01,2031,0.0
GLOBAL,PWROILTZAXX01,2032,0.0
GLOBAL,PWROILTZAXX01,2033,0.0
GLOBAL,PWROILTZAXX01,2034,0.0
GLOBAL,PWROILTZAXX01,2035,0.0
GLOBAL,PWROILTZAXX01,2036,0.0
GLOBAL,PWROILTZAXX01,2037,0.0
GLOBAL,PWROILTZAXX01,2038,0.0
GLOBAL,PWROILTZAXX01,2039,0.0
GLOBAL,PWROILTZAXX01,2040,0.0
GLOBAL,PWROILTZAXX01,2041,0.0
GLOBAL,PWROILTZAXX01,2042,0.0
GLOBAL,PWROILTZAXX01,2043,0.0
GLOBAL,PWROILTZAXX01,2044,0.0
GLOBAL,PWROILTZAXX01,2045,0.0
GLOBAL,PWROILTZAXX01,2046,0.0
GLOBAL,PWROILTZAXX01,2047,0.0
GLOBAL,PWROILTZAXX01,2048,0.0
GLOBAL,PWROILTZAXX01,2049,0.0
GLOBAL,PWROILTZAXX01,2050,0.0
GLOBAL,PWRBIOUGAXX01,2021,0.06
GLOBAL,PWRBIOUGAXX01,2022,0.06
GLOBAL,PWRBIOUGAXX01,2023,0.06
GLOBAL,PWRBIOUGAXX01,2024,0.06
GLOBAL,PWRBIOUGAXX01,2025,0.06
GLOBAL,PWRBIOUGAXX01,2026,0.06
GLOBAL,PWRBIOUGAXX01,2027,0.06
GLOBAL,PWRBIOUGAXX01,2028,0.06
GLOBAL,PWRBIOUGAXX01,2029,0.06
GLOBAL,PWRBIOUGAXX01,2030,0.06
GLOBAL,PWRBIOUGAXX01,2031,0.06
GLOBAL,PWRBIOUGAXX01,2032,0.0
GLOBAL,PWRBIOUGAXX01,2033,0.0
GLOBAL,PWRBIOUGAXX01,2034,0.0
GLOBAL,PWRBIOUGAXX01,2035,0.0
GLOBAL,PWRBIOUGAXX01,2036,0.0
GLOBAL,PWRBIOUGAXX01,2037,0.0
GLOBAL,PWRBIOUGAXX01,2038,0.0
GLOBAL,PWRBIOUGAXX01,2039,0.0
GLOBAL,PWRBIOUGAXX01,2040,0.0
GLOBAL,PWRBIOUGAXX01,2041,0.0
GLOBAL,PWRBIOUGAXX01,2042,0.0
GLOBAL,PWRBIOUGAXX01,2043,0.0
GLOBAL,PWRBIOUGAXX01,2044,0.0
GLOBAL,PWRBIOUGAXX01,2045,0.0
GLOBAL,PWRBIOUGAXX01,2046,0.0
GLOBAL,PWRBIOUGAXX01,2047,0.0
GLOBAL,PWRBIOUGAXX01,2048,0.0
GLOBAL,PWRBIOUGAXX01,2049,0.0
GLOBAL,PWRBIOUGAXX01,2050,0.0
GLOBAL,PWRHYDUGAXX01,2021,0.7065
GLOBAL,PWRHYDUGAXX01,2022,0.7065
GLOBAL,PWRHYDUGAXX01,2023,0.7065
GLOBAL,PWRHYDUGAXX01,2024,0.7065
GLOBAL,PWRHYDUGAXX01,2025,0.7065
GLOBAL,PWRHYDUGAXX01,2026,0.7065
GLOBAL,PWRHYDUGAXX01,2027,0.7065
GLOBAL,PWRHYDUGAXX01,2028,0.7065
GLOBAL,PWRHYDUGAXX01,2029,0.7065
GLOBAL,PWRHYDUGAXX01,2030,0.7065
GLOBAL,PWRHYDUGAXX01,2031,0.7065
GLOBAL,PWRHYDUGAXX01,2032,0.7065
GLOBAL,PWRHYDUGAXX01,2033,0.7065
GLOBAL,PWRHYDUGAXX01,2034,0.7065
GLOBAL,PWRHYDUGAXX01,2035,0.7065
GLOBAL,PWRHYDUGAXX01,2036,0.7065
GLOBAL,PWRHYDUGAXX01,2037,0.7065
GLOBAL,PWRHYDUGAXX01,2038,0.7065
GLOBAL,PWRHYDUGAXX01,2039,0.7065
GLOBAL,PWRHYDUGAXX01,2040,0.7065
GLOBAL,PWRHYDUGAXX01,2041,0.7065
GLOBAL,PWRHYDUGAXX01,2042,0.7065
GLOBAL,PWRHYDUGAXX01,2043,0.7065
GLOBAL,PWRHYDUGAXX01,2044,0.7065
GLOBAL,PWRHYDUGAXX01,2045,0.7065
GLOBAL,PWRHYDUGAXX01,2046,0.7065
GLOBAL,PWRHYDUGAXX01,2047,0.7065
GLOBAL,PWRHYDUGAXX01,2048,0.7065
GLOBAL,PWRHYDUGAXX01,2049,0.7065
GLOBAL,PWRHYDUGAXX01,2050,0.7065
GLOBAL,PWROILUGAXX01,2021,0.136
GLOBAL,PWROILUGAXX01,2022,0.136
GLOBAL,PWROILUGAXX01,2023,0.136
GLOBAL,PWROILUGAXX01,2024,0.136
GLOBAL,PWROILUGAXX01,2025,0.136
GLOBAL,PWROILUGAXX01,2026,0.136
GLOBAL,PWROILUGAXX01,2027,0.0
GLOBAL,PWROILUGAXX01,2028,0.0
GLOBAL,PWROILUGAXX01,2029,0.0
GLOBAL,PWROILUGAXX01,2030,0.0
GLOBAL,PWROILUGAXX01,2031,0.0
GLOBAL,PWROILUGAXX01,2032,0.0
GLOBAL,PWROILUGAXX01,2033,0.0
GLOBAL,PWROILUGAXX01,2034,0.0
GLOBAL,PWROILUGAXX01,2035,0.0
GLOBAL,PWROILUGAXX01,2036,0.0
GLOBAL,PWROILUGAXX01,2037,0.0
GLOBAL,PWROILUGAXX01,2038,0.0
GLOBAL,PWROILUGAXX01,2039,0.0
GLOBAL,PWROILUGAXX01,2040,0.0
GLOBAL,PWROILUGAXX01,2041,0.0
GLOBAL,PWROILUGAXX01,2042,0.0
GLOBAL,PWROILUGAXX01,2043,0.0
GLOBAL,PWROILUGAXX01,2044,0.0
GLOBAL,PWROILUGAXX01,2045,0.0
GLOBAL,PWROILUGAXX01,2046,0.0
GLOBAL,PWROILUGAXX01,2047,0.0
GLOBAL,PWROILUGAXX01,2048,0.0
GLOBAL,PWROILUGAXX01,2049,0.0
GLOBAL,PWROILUGAXX01,2050,0.0
GLOBAL,PWRSPVUGAXX01,2021,0.02
GLOBAL,PWRSPVUGAXX01,2022,0.02
GLOBAL,PWRSPVUGAXX01,2023,0.02
GLOBAL,PWRSPVUGAXX01,2024,0.02
GLOBAL,PWRSPVUGAXX01,2025,0.02
GLOBAL,PWRSPVUGAXX01,2026,0.02
GLOBAL,PWRSPVUGAXX01,2027,0.02
GLOBAL,PWRSPVUGAXX01,2028,0.02
GLOBAL,PWRSPVUGAXX01,2029,0.02
GLOBAL,PWRSPVUGAXX01,2030,0.02
GLOBAL,PWRSPVUGAXX01,2031,0.02
GLOBAL,PWRSPVUGAXX01,2032,0.02
GLOBAL,PWRSPVUGAXX01,2033,0.02
GLOBAL,PWRSPVUGAXX01,2034,0.02
GLOBAL,PWRSPVUGAXX01,2035,0.02
GLOBAL,PWRSPVUGAXX01,2036,0.02
GLOBAL,PWRSPVUGAXX01,2037,0.02
GLOBAL,PWRSPVUGAXX01,2038,0.02
GLOBAL,PWRSPVUGAXX01,2039,0.02
GLOBAL,PWRSPVUGAXX01,2040,0.02
GLOBAL,PWRSPVUGAXX01,2041,0.02
GLOBAL,PWRSPVUGAXX01,2042,0.02
GLOBAL,PWRSPVUGAXX01,2043,0.02
GLOBAL,PWRSPVUGAXX01,2044,0.02
GLOBAL,PWRSPVUGAXX01,2045,0.0
GLOBAL,PWRSPVUGAXX01,2046,0.0
GLOBAL,PWRSPVUGAXX01,2047,0.0
GLOBAL,PWRSPVUGAXX01,2048,0.0
GLOBAL,PWRSPVUGAXX01,2049,0.0
GLOBAL,PWRSPVUGAXX01,2050,0.0
GLOBAL,PWRBIOUKRXX01,2021,0.05
GLOBAL,PWRBIOUKRXX01,2022,0.05
GLOBAL,PWRBIOUKRXX01,2023,0.05
GLOBAL,PWRBIOUKRXX01,2024,0.05
GLOBAL,PWRBIOUKRXX01,2025,0.05
GLOBAL,PWRBIOUKRXX01,2026,0.05
GLOBAL,PWRBIOUKRXX01,2027,0.05
GLOBAL,PWRBIOUKRXX01,2028,0.05
GLOBAL,PWRBIOUKRXX01,2029,0.05
GLOBAL,PWRBIOUKRXX01,2030,0.05
GLOBAL,PWRBIOUKRXX01,2031,0.05
GLOBAL,PWRBIOUKRXX01,2032,0.0
GLOBAL,PWRBIOUKRXX01,2033,0.0
GLOBAL,PWRBIOUKRXX01,2034,0.0
GLOBAL,PWRBIOUKRXX01,2035,0.0
GLOBAL,PWRBIOUKRXX01,2036,0.0
GLOBAL,PWRBIOUKRXX01,2037,0.0
GLOBAL,PWRBIOUKRXX01,2038,0.0
GLOBAL,PWRBIOUKRXX01,2039,0.0
GLOBAL,PWRBIOUKRXX01,2040,0.0
GLOBAL,PWRBIOUKRXX01,2041,0.0
GLOBAL,PWRBIOUKRXX01,2042,0.0
GLOBAL,PWRBIOUKRXX01,2043,0.0
GLOBAL,PWRBIOUKRXX01,2044,0.0
GLOBAL,PWRBIOUKRXX01,2045,0.0
GLOBAL,PWRBIOUKRXX01,2046,0.0
GLOBAL,PWRBIOUKRXX01,2047,0.0
GLOBAL,PWRBIOUKRXX01,2048,0.0
GLOBAL,PWRBIOUKRXX01,2049,0.0
GLOBAL,PWRBIOUKRXX01,2050,0.0
GLOBAL,PWRCCGUKRXX00,2021,2.1733
GLOBAL,PWRCCGUKRXX00,2022,2.1733
GLOBAL,PWRCCGUKRXX00,2023,2.1733
GLOBAL,PWRCCGUKRXX00,2024,2.1733
GLOBAL,PWRCCGUKRXX00,2025,0.0
GLOBAL,PWRCCGUKRXX00,2026,0.0
GLOBAL,PWRCCGUKRXX00,2027,0.0
GLOBAL,PWRCCGUKRXX00,2028,0.0
GLOBAL,PWRCCGUKRXX00,2029,0.0
GLOBAL,PWRCCGUKRXX00,2030,0.0
GLOBAL,PWRCCGUKRXX00,2031,0.0
GLOBAL,PWRCCGUKRXX00,2032,0.0
GLOBAL,PWRCCGUKRXX00,2033,0.0
GLOBAL,PWRCCGUKRXX00,2034,0.0
GLOBAL,PWRCCGUKRXX00,2035,0.0
GLOBAL,PWRCCGUKRXX00,2036,0.0
GLOBAL,PWRCCGUKRXX00,2037,0.0
GLOBAL,PWRCCGUKRXX00,2038,0.0
GLOBAL,PWRCCGUKRXX00,2039,0.0
GLOBAL,PWRCCGUKRXX00,2040,0.0
GLOBAL,PWRCCGUKRXX00,2041,0.0
GLOBAL,PWRCCGUKRXX00,2042,0.0
GLOBAL,PWRCCGUKRXX00,2043,0.0
GLOBAL,PWRCCGUKRXX00,2044,0.0
GLOBAL,PWRCCGUKRXX00,2045,0.0
GLOBAL,PWRCCGUKRXX00,2046,0.0
GLOBAL,PWRCCGUKRXX00,2047,0.0
GLOBAL,PWRCCGUKRXX00,2048,0.0
GLOBAL,PWRCCGUKRXX00,2049,0.0
GLOBAL,PWRCCGUKRXX00,2050,0.0
GLOBAL,PWRCOAUKRXX01,2021,33.1687
GLOBAL,PWRCOAUKRXX01,2022,33.1687
GLOBAL,PWRCOAUKRXX01,2023,33.1687
GLOBAL,PWRCOAUKRXX01,2024,33.1687
GLOBAL,PWRCOAUKRXX01,2025,33.1687
GLOBAL,PWRCOAUKRXX01,2026,33.1687
GLOBAL,PWRCOAUKRXX01,2027,33.1687
GLOBAL,PWRCOAUKRXX01,2028,23.965
GLOBAL,PWRCOAUKRXX01,2029,3.626
GLOBAL,PWRCOAUKRXX01,2030,3.626
GLOBAL,PWRCOAUKRXX01,2031,3.626
GLOBAL,PWRCOAUKRXX01,2032,3.626
GLOBAL,PWRCOAUKRXX01,2033,3.626
GLOBAL,PWRCOAUKRXX01,2034,0.0
GLOBAL,PWRCOAUKRXX01,2035,0.0
GLOBAL,PWRCOAUKRXX01,2036,0.0
GLOBAL,PWRCOAUKRXX01,2037,0.0
GLOBAL,PWRCOAUKRXX01,2038,0.0
GLOBAL,PWRCOAUKRXX01,2039,0.0
GLOBAL,PWRCOAUKRXX01,2040,0.0
GLOBAL,PWRCOAUKRXX01,2041,0.0
GLOBAL,PWRCOAUKRXX01,2042,0.0
GLOBAL,PWRCOAUKRXX01,2043,0.0
GLOBAL,PWRCOAUKRXX01,2044,0.0
GLOBAL,PWRCOAUKRXX01,2045,0.0
GLOBAL,PWRCOAUKRXX01,2046,0.0
GLOBAL,PWRCOAUKRXX01,2047,0.0
GLOBAL,PWRCOAUKRXX01,2048,0.0
GLOBAL,PWRCOAUKRXX01,2049,0.0
GLOBAL,PWRCOAUKRXX01,2050,0.0
GLOBAL,PWRHYDUKRXX01,2021,5.886
GLOBAL,PWRHYDUKRXX01,2022,5.886
GLOBAL,PWRHYDUKRXX01,2023,5.886
GLOBAL,PWRHYDUKRXX01,2024,5.886
GLOBAL,PWRHYDUKRXX01,2025,5.886
GLOBAL,PWRHYDUKRXX01,2026,5.886
GLOBAL,PWRHYDUKRXX01,2027,5.886
GLOBAL,PWRHYDUKRXX01,2028,5.886
GLOBAL,PWRHYDUKRXX01,2029,5.886
GLOBAL,PWRHYDUKRXX01,2030,5.886
GLOBAL,PWRHYDUKRXX01,2031,5.886
GLOBAL,PWRHYDUKRXX01,2032,5.886
GLOBAL,PWRHYDUKRXX01,2033,5.886
GLOBAL,PWRHYDUKRXX01,2034,5.886
GLOBAL,PWRHYDUKRXX01,2035,5.886
GLOBAL,PWRHYDUKRXX01,2036,5.886
GLOBAL,PWRHYDUKRXX01,2037,5.886
GLOBAL,PWRHYDUKRXX01,2038,5.886
GLOBAL,PWRHYDUKRXX01,2039,5.886
GLOBAL,PWRHYDUKRXX01,2040,5.886
GLOBAL,PWRHYDUKRXX01,2041,5.886
GLOBAL,PWRHYDUKRXX01,2042,5.886
GLOBAL,PWRHYDUKRXX01,2043,5.886
GLOBAL,PWRHYDUKRXX01,2044,5.886
GLOBAL,PWRHYDUKRXX01,2045,5.886
GLOBAL,PWRHYDUKRXX01,2046,5.886
GLOBAL,PWRHYDUKRXX01,2047,5.886
GLOBAL,PWRHYDUKRXX01,2048,5.886
GLOBAL,PWRHYDUKRXX01,2049,5.886
GLOBAL,PWRHYDUKRXX01,2050,5.886
GLOBAL,PWRSPVUKRXX01,2021,0.84
GLOBAL,PWRSPVUKRXX01,2022,0.84
GLOBAL,PWRSPVUKRXX01,2023,0.84
GLOBAL,PWRSPVUKRXX01,2024,0.84
GLOBAL,PWRSPVUKRXX01,2025,0.84
GLOBAL,PWRSPVUKRXX01,2026,0.84
GLOBAL,PWRSPVUKRXX01,2027,0.84
GLOBAL,PWRSPVUKRXX01,2028,0.84
GLOBAL,PWRSPVUKRXX01,2029,0.84
GLOBAL,PWRSPVUKRXX01,2030,0.84
GLOBAL,PWRSPVUKRXX01,2031,0.84
GLOBAL,PWRSPVUKRXX01,2032,0.84
GLOBAL,PWRSPVUKRXX01,2033,0.84
GLOBAL,PWRSPVUKRXX01,2034,0.84
GLOBAL,PWRSPVUKRXX01,2035,0.84
GLOBAL,PWRSPVUKRXX01,2036,0.84
GLOBAL,PWRSPVUKRXX01,2037,0.84
GLOBAL,PWRSPVUKRXX01,2038,0.84
GLOBAL,PWRSPVUKRXX01,2039,0.84
GLOBAL,PWRSPVUKRXX01,2040,0.84
GLOBAL,PWRSPVUKRXX01,2041,0.84
GLOBAL,PWRSPVUKRXX01,2042,0.84
GLOBAL,PWRSPVUKRXX01,2043,0.84
GLOBAL,PWRSPVUKRXX01,2044,0.84
GLOBAL,PWRSPVUKRXX01,2045,0.0
GLOBAL,PWRSPVUKRXX01,2046,0.0
GLOBAL,PWRSPVUKRXX01,2047,0.0
GLOBAL,PWRSPVUKRXX01,2048,0.0
GLOBAL,PWRSPVUKRXX01,2049,0.0
GLOBAL,PWRSPVUKRXX01,2050,0.0
GLOBAL,PWRURNUKRXX01,2021,13.835
GLOBAL,PWRURNUKRXX01,2022,13.835
GLOBAL,PWRURNUKRXX01,2023,13.835
GLOBAL,PWRURNUKRXX01,2024,13.835
GLOBAL,PWRURNUKRXX01,2025,13.835
GLOBAL,PWRURNUKRXX01,2026,13.835
GLOBAL,PWRURNUKRXX01,2027,13.835
GLOBAL,PWRURNUKRXX01,2028,13.835
GLOBAL,PWRURNUKRXX01,2029,13.835
GLOBAL,PWRURNUKRXX01,2030,13.835
GLOBAL,PWRURNUKRXX01,2031,13.835
GLOBAL,PWRURNUKRXX01,2032,13.835
GLOBAL,PWRURNUKRXX01,2033,13.835
GLOBAL,PWRURNUKRXX01,2034,13.835
GLOBAL,PWRURNUKRXX01,2035,13.835
GLOBAL,PWRURNUKRXX01,2036,13.835
GLOBAL,PWRURNUKRXX01,2037,13.835
GLOBAL,PWRURNUKRXX01,2038,13.835
GLOBAL,PWRURNUKRXX01,2039,13.835
GLOBAL,PWRURNUKRXX01,2040,13.835
GLOBAL,PWRURNUKRXX01,2041,13.835
GLOBAL,PWRURNUKRXX01,2042,13.835
GLOBAL,PWRURNUKRXX01,2043,13.835
GLOBAL,PWRURNUKRXX01,2044,13.835
GLOBAL,PWRURNUKRXX01,2045,0.0
GLOBAL,PWRURNUKRXX01,2046,0.0
GLOBAL,PWRURNUKRXX01,2047,0.0
GLOBAL,PWRURNUKRXX01,2048,0.0
GLOBAL,PWRURNUKRXX01,2049,0.0
GLOBAL,PWRURNUKRXX01,2050,0.0
GLOBAL,PWRWONUKRXX01,2021,0.514
GLOBAL,PWRWONUKRXX01,2022,0.514
GLOBAL,PWRWONUKRXX01,2023,0.514
GLOBAL,PWRWONUKRXX01,2024,0.514
GLOBAL,PWRWONUKRXX01,2025,0.514
GLOBAL,PWRWONUKRXX01,2026,0.514
GLOBAL,PWRWONUKRXX01,2027,0.514
GLOBAL,PWRWONUKRXX01,2028,0.514
GLOBAL,PWRWONUKRXX01,2029,0.514
GLOBAL,PWRWONUKRXX01,2030,0.514
GLOBAL,PWRWONUKRXX01,2031,0.514
GLOBAL,PWRWONUKRXX01,2032,0.514
GLOBAL,PWRWONUKRXX01,2033,0.514
GLOBAL,PWRWONUKRXX01,2034,0.514
GLOBAL,PWRWONUKRXX01,2035,0.514
GLOBAL,PWRWONUKRXX01,2036,0.514
GLOBAL,PWRWONUKRXX01,2037,0.514
GLOBAL,PWRWONUKRXX01,2038,0.514
GLOBAL,PWRWONUKRXX01,2039,0.514
GLOBAL,PWRWONUKRXX01,2040,0.0
GLOBAL,PWRWONUKRXX01,2041,0.0
GLOBAL,PWRWONUKRXX01,2042,0.0
GLOBAL,PWRWONUKRXX01,2043,0.0
GLOBAL,PWRWONUKRXX01,2044,0.0
GLOBAL,PWRWONUKRXX01,2045,0.0
GLOBAL,PWRWONUKRXX01,2046,0.0
GLOBAL,PWRWONUKRXX01,2047,0.0
GLOBAL,PWRWONUKRXX01,2048,0.0
GLOBAL,PWRWONUKRXX01,2049,0.0
GLOBAL,PWRWONUKRXX01,2050,0.0
GLOBAL,PWRBIOURYXX01,2021,0.4253
GLOBAL,PWRBIOURYXX01,2022,0.4253
GLOBAL,PWRBIOURYXX01,2023,0.4253
GLOBAL,PWRBIOURYXX01,2024,0.4253
GLOBAL,PWRBIOURYXX01,2025,0.4253
GLOBAL,PWRBIOURYXX01,2026,0.4253
GLOBAL,PWRBIOURYXX01,2027,0.4253
GLOBAL,PWRBIOURYXX01,2028,0.4253
GLOBAL,PWRBIOURYXX01,2029,0.4253
GLOBAL,PWRBIOURYXX01,2030,0.4253
GLOBAL,PWRBIOURYXX01,2031,0.4253
GLOBAL,PWRBIOURYXX01,2032,0.0
GLOBAL,PWRBIOURYXX01,2033,0.0
GLOBAL,PWRBIOURYXX01,2034,0.0
GLOBAL,PWRBIOURYXX01,2035,0.0
GLOBAL,PWRBIOURYXX01,2036,0.0
GLOBAL,PWRBIOURYXX01,2037,0.0
GLOBAL,PWRBIOURYXX01,2038,0.0
GLOBAL,PWRBIOURYXX01,2039,0.0
GLOBAL,PWRBIOURYXX01,2040,0.0
GLOBAL,PWRBIOURYXX01,2041,0.0
GLOBAL,PWRBIOURYXX01,2042,0.0
GLOBAL,PWRBIOURYXX01,2043,0.0
GLOBAL,PWRBIOURYXX01,2044,0.0
GLOBAL,PWRBIOURYXX01,2045,0.0
GLOBAL,PWRBIOURYXX01,2046,0.0
GLOBAL,PWRBIOURYXX01,2047,0.0
GLOBAL,PWRBIOURYXX01,2048,0.0
GLOBAL,PWRBIOURYXX01,2049,0.0
GLOBAL,PWRBIOURYXX01,2050,0.0
GLOBAL,PWRCCGURYXX00,2021,0.5703
GLOBAL,PWRCCGURYXX00,2022,0.5703
GLOBAL,PWRCCGURYXX00,2023,0.5703
GLOBAL,PWRCCGURYXX00,2024,0.5703
GLOBAL,PWRCCGURYXX00,2025,0.0
GLOBAL,PWRCCGURYXX00,2026,0.0
GLOBAL,PWRCCGURYXX00,2027,0.0
GLOBAL,PWRCCGURYXX00,2028,0.0
GLOBAL,PWRCCGURYXX00,2029,0.0
GLOBAL,PWRCCGURYXX00,2030,0.0
GLOBAL,PWRCCGURYXX00,2031,0.0
GLOBAL,PWRCCGURYXX00,2032,0.0
GLOBAL,PWRCCGURYXX00,2033,0.0
GLOBAL,PWRCCGURYXX00,2034,0.0
GLOBAL,PWRCCGURYXX00,2035,0.0
GLOBAL,PWRCCGURYXX00,2036,0.0
GLOBAL,PWRCCGURYXX00,2037,0.0
GLOBAL,PWRCCGURYXX00,2038,0.0
GLOBAL,PWRCCGURYXX00,2039,0.0
GLOBAL,PWRCCGURYXX00,2040,0.0
GLOBAL,PWRCCGURYXX00,2041,0.0
GLOBAL,PWRCCGURYXX00,2042,0.0
GLOBAL,PWRCCGURYXX00,2043,0.0
GLOBAL,PWRCCGURYXX00,2044,0.0
GLOBAL,PWRCCGURYXX00,2045,0.0
GLOBAL,PWRCCGURYXX00,2046,0.0
GLOBAL,PWRCCGURYXX00,2047,0.0
GLOBAL,PWRCCGURYXX00,2048,0.0
GLOBAL,PWRCCGURYXX00,2049,0.0
GLOBAL,PWRCCGURYXX00,2050,0.0
GLOBAL,PWRHYDURYXX01,2021,1.538
GLOBAL,PWRHYDURYXX01,2022,1.538
GLOBAL,PWRHYDURYXX01,2023,1.538
GLOBAL,PWRHYDURYXX01,2024,1.538
GLOBAL,PWRHYDURYXX01,2025,1.538
GLOBAL,PWRHYDURYXX01,2026,1.538
GLOBAL,PWRHYDURYXX01,2027,1.538
GLOBAL,PWRHYDURYXX01,2028,1.538
GLOBAL,PWRHYDURYXX01,2029,1.538
GLOBAL,PWRHYDURYXX01,2030,1.538
GLOBAL,PWRHYDURYXX01,2031,1.538
GLOBAL,PWRHYDURYXX01,2032,1.538
GLOBAL,PWRHYDURYXX01,2033,1.538
GLOBAL,PWRHYDURYXX01,2034,1.538
GLOBAL,PWRHYDURYXX01,2035,1.538
GLOBAL,PWRHYDURYXX01,2036,1.538
GLOBAL,PWRHYDURYXX01,2037,1.538
GLOBAL,PWRHYDURYXX01,2038,1.538
GLOBAL,PWRHYDURYXX01,2039,1.538
GLOBAL,PWRHYDURYXX01,2040,1.538
GLOBAL,PWRHYDURYXX01,2041,1.538
GLOBAL,PWRHYDURYXX01,2042,1.538
GLOBAL,PWRHYDURYXX01,2043,1.538
GLOBAL,PWRHYDURYXX01,2044,1.538
GLOBAL,PWRHYDURYXX01,2045,1.538
GLOBAL,PWRHYDURYXX01,2046,1.538
GLOBAL,PWRHYDURYXX01,2047,1.538
GLOBAL,PWRHYDURYXX01,2048,1.538
GLOBAL,PWRHYDURYXX01,2049,1.538
GLOBAL,PWRHYDURYXX01,2050,1.538
GLOBAL,PWROCGURYXX00,2021,0.054
GLOBAL,PWROCGURYXX00,2022,0.054
GLOBAL,PWROCGURYXX00,2023,0.054
GLOBAL,PWROCGURYXX00,2024,0.054
GLOBAL,PWROCGURYXX00,2025,0.0
GLOBAL,PWROCGURYXX00,2026,0.0
GLOBAL,PWROCGURYXX00,2027,0.0
GLOBAL,PWROCGURYXX00,2028,0.0
GLOBAL,PWROCGURYXX00,2029,0.0
GLOBAL,PWROCGURYXX00,2030,0.0
GLOBAL,PWROCGURYXX00,2031,0.0
GLOBAL,PWROCGURYXX00,2032,0.0
GLOBAL,PWROCGURYXX00,2033,0.0
GLOBAL,PWROCGURYXX00,2034,0.0
GLOBAL,PWROCGURYXX00,2035,0.0
GLOBAL,PWROCGURYXX00,2036,0.0
GLOBAL,PWROCGURYXX00,2037,0.0
GLOBAL,PWROCGURYXX00,2038,0.0
GLOBAL,PWROCGURYXX00,2039,0.0
GLOBAL,PWROCGURYXX00,2040,0.0
GLOBAL,PWROCGURYXX00,2041,0.0
GLOBAL,PWROCGURYXX00,2042,0.0
GLOBAL,PWROCGURYXX00,2043,0.0
GLOBAL,PWROCGURYXX00,2044,0.0
GLOBAL,PWROCGURYXX00,2045,0.0
GLOBAL,PWROCGURYXX00,2046,0.0
GLOBAL,PWROCGURYXX00,2047,0.0
GLOBAL,PWROCGURYXX00,2048,0.0
GLOBAL,PWROCGURYXX00,2049,0.0
GLOBAL,PWROCGURYXX00,2050,0.0
GLOBAL,PWROILURYXX01,2021,0.9052
GLOBAL,PWROILURYXX01,2022,0.9052
GLOBAL,PWROILURYXX01,2023,0.9052
GLOBAL,PWROILURYXX01,2024,0.9052
GLOBAL,PWROILURYXX01,2025,0.9052
GLOBAL,PWROILURYXX01,2026,0.9052
GLOBAL,PWROILURYXX01,2027,0.0
GLOBAL,PWROILURYXX01,2028,0.0
GLOBAL,PWROILURYXX01,2029,0.0
GLOBAL,PWROILURYXX01,2030,0.0
GLOBAL,PWROILURYXX01,2031,0.0
GLOBAL,PWROILURYXX01,2032,0.0
GLOBAL,PWROILURYXX01,2033,0.0
GLOBAL,PWROILURYXX01,2034,0.0
GLOBAL,PWROILURYXX01,2035,0.0
GLOBAL,PWROILURYXX01,2036,0.0
GLOBAL,PWROILURYXX01,2037,0.0
GLOBAL,PWROILURYXX01,2038,0.0
GLOBAL,PWROILURYXX01,2039,0.0
GLOBAL,PWROILURYXX01,2040,0.0
GLOBAL,PWROILURYXX01,2041,0.0
GLOBAL,PWROILURYXX01,2042,0.0
GLOBAL,PWROILURYXX01,2043,0.0
GLOBAL,PWROILURYXX01,2044,0.0
GLOBAL,PWROILURYXX01,2045,0.0
GLOBAL,PWROILURYXX01,2046,0.0
GLOBAL,PWROILURYXX01,2047,0.0
GLOBAL,PWROILURYXX01,2048,0.0
GLOBAL,PWROILURYXX01,2049,0.0
GLOBAL,PWROILURYXX01,2050,0.0
GLOBAL,PWRSPVURYXX01,2021,0.227
GLOBAL,PWRSPVURYXX01,2022,0.227
GLOBAL,PWRSPVURYXX01,2023,0.227
GLOBAL,PWRSPVURYXX01,2024,0.227
GLOBAL,PWRSPVURYXX01,2025,0.227
GLOBAL,PWRSPVURYXX01,2026,0.227
GLOBAL,PWRSPVURYXX01,2027,0.227
GLOBAL,PWRSPVURYXX01,2028,0.227
GLOBAL,PWRSPVURYXX01,2029,0.227
GLOBAL,PWRSPVURYXX01,2030,0.227
GLOBAL,PWRSPVURYXX01,2031,0.227
GLOBAL,PWRSPVURYXX01,2032,0.227
GLOBAL,PWRSPVURYXX01,2033,0.227
GLOBAL,PWRSPVURYXX01,2034,0.227
GLOBAL,PWRSPVURYXX01,2035,0.227
GLOBAL,PWRSPVURYXX01,2036,0.227
GLOBAL,PWRSPVURYXX01,2037,0.227
GLOBAL,PWRSPVURYXX01,2038,0.227
GLOBAL,PWRSPVURYXX01,2039,0.227
GLOBAL,PWRSPVURYXX01,2040,0.227
GLOBAL,PWRSPVURYXX01,2041,0.227
GLOBAL,PWRSPVURYXX01,2042,0.227
GLOBAL,PWRSPVURYXX01,2043,0.227
GLOBAL,PWRSPVURYXX01,2044,0.227
GLOBAL,PWRSPVURYXX01,2045,0.0
GLOBAL,PWRSPVURYXX01,2046,0.0
GLOBAL,PWRSPVURYXX01,2047,0.0
GLOBAL,PWRSPVURYXX01,2048,0.0
GLOBAL,PWRSPVURYXX01,2049,0.0
GLOBAL,PWRSPVURYXX01,2050,0.0
GLOBAL,PWRWONURYXX01,2021,1.384
GLOBAL,PWRWONURYXX01,2022,1.384
GLOBAL,PWRWONURYXX01,2023,1.384
GLOBAL,PWRWONURYXX01,2024,1.384
GLOBAL,PWRWONURYXX01,2025,1.384
GLOBAL,PWRWONURYXX01,2026,1.384
GLOBAL,PWRWONURYXX01,2027,1.384
GLOBAL,PWRWONURYXX01,2028,1.384
GLOBAL,PWRWONURYXX01,2029,1.384
GLOBAL,PWRWONURYXX01,2030,1.384
GLOBAL,PWRWONURYXX01,2031,1.384
GLOBAL,PWRWONURYXX01,2032,1.384
GLOBAL,PWRWONURYXX01,2033,1.384
GLOBAL,PWRWONURYXX01,2034,1.384
GLOBAL,PWRWONURYXX01,2035,1.384
GLOBAL,PWRWONURYXX01,2036,1.384
GLOBAL,PWRWONURYXX01,2037,1.384
GLOBAL,PWRWONURYXX01,2038,1.384
GLOBAL,PWRWONURYXX01,2039,1.384
GLOBAL,PWRWONURYXX01,2040,0.0
GLOBAL,PWRWONURYXX01,2041,0.0
GLOBAL,PWRWONURYXX01,2042,0.0
GLOBAL,PWRWONURYXX01,2043,0.0
GLOBAL,PWRWONURYXX01,2044,0.0
GLOBAL,PWRWONURYXX01,2045,0.0
GLOBAL,PWRWONURYXX01,2046,0.0
GLOBAL,PWRWONURYXX01,2047,0.0
GLOBAL,PWRWONURYXX01,2048,0.0
GLOBAL,PWRWONURYXX01,2049,0.0
GLOBAL,PWRWONURYXX01,2050,0.0
GLOBAL,PWRCCGUSAAK00,2021,1.034
GLOBAL,PWRCCGUSAAK00,2022,1.034
GLOBAL,PWRCCGUSAAK00,2023,1.034
GLOBAL,PWRCCGUSAAK00,2024,1.034
GLOBAL,PWRCCGUSAAK00,2025,1.034
GLOBAL,PWRCCGUSAAK00,2026,1.034
GLOBAL,PWRCCGUSAAK00,2027,1.034
GLOBAL,PWRCCGUSAAK00,2028,0.687
GLOBAL,PWRCCGUSAAK00,2029,0.375
GLOBAL,PWRCCGUSAAK00,2030,0.375
GLOBAL,PWRCCGUSAAK00,2031,0.375
GLOBAL,PWRCCGUSAAK00,2032,0.375
GLOBAL,PWRCCGUSAAK00,2033,0.375
GLOBAL,PWRCCGUSAAK00,2034,0.375
GLOBAL,PWRCCGUSAAK00,2035,0.375
GLOBAL,PWRCCGUSAAK00,2036,0.375
GLOBAL,PWRCCGUSAAK00,2037,0.375
GLOBAL,PWRCCGUSAAK00,2038,0.375
GLOBAL,PWRCCGUSAAK00,2039,0.375
GLOBAL,PWRCCGUSAAK00,2040,0.375
GLOBAL,PWRCCGUSAAK00,2041,0.375
GLOBAL,PWRCCGUSAAK00,2042,0.375
GLOBAL,PWRCCGUSAAK00,2043,0.375
GLOBAL,PWRCCGUSAAK00,2044,0.171
GLOBAL,PWRCCGUSAAK00,2045,0.171
GLOBAL,PWRCCGUSAAK00,2046,0.0
GLOBAL,PWRCCGUSAAK00,2047,0.0
GLOBAL,PWRCCGUSAAK00,2048,0.0
GLOBAL,PWRCCGUSAAK00,2049,0.0
GLOBAL,PWRCCGUSAAK00,2050,0.0
GLOBAL,PWRCOAUSAAK01,2021,0.198
GLOBAL,PWRCOAUSAAK01,2022,0.198
GLOBAL,PWRCOAUSAAK01,2023,0.198
GLOBAL,PWRCOAUSAAK01,2024,0.198
GLOBAL,PWRCOAUSAAK01,2025,0.198
GLOBAL,PWRCOAUSAAK01,2026,0.198
GLOBAL,PWRCOAUSAAK01,2027,0.198
GLOBAL,PWRCOAUSAAK01,2028,0.198
GLOBAL,PWRCOAUSAAK01,2029,0.116
GLOBAL,PWRCOAUSAAK01,2030,0.116
GLOBAL,PWRCOAUSAAK01,2031,0.116
GLOBAL,PWRCOAUSAAK01,2032,0.116
GLOBAL,PWRCOAUSAAK01,2033,0.116
GLOBAL,PWRCOAUSAAK01,2034,0.0
GLOBAL,PWRCOAUSAAK01,2035,0.0
GLOBAL,PWRCOAUSAAK01,2036,0.0
GLOBAL,PWRCOAUSAAK01,2037,0.0
GLOBAL,PWRCOAUSAAK01,2038,0.0
GLOBAL,PWRCOAUSAAK01,2039,0.0
GLOBAL,PWRCOAUSAAK01,2040,0.0
GLOBAL,PWRCOAUSAAK01,2041,0.0
GLOBAL,PWRCOAUSAAK01,2042,0.0
GLOBAL,PWRCOAUSAAK01,2043,0.0
GLOBAL,PWRCOAUSAAK01,2044,0.0
GLOBAL,PWRCOAUSAAK01,2045,0.0
GLOBAL,PWRCOAUSAAK01,2046,0.0
GLOBAL,PWRCOAUSAAK01,2047,0.0
GLOBAL,PWRCOAUSAAK01,2048,0.0
GLOBAL,PWRCOAUSAAK01,2049,0.0
GLOBAL,PWRCOAUSAAK01,2050,0.0
GLOBAL,PWRHYDUSAAK01,2021,0.47
GLOBAL,PWRHYDUSAAK01,2022,0.47
GLOBAL,PWRHYDUSAAK01,2023,0.47
GLOBAL,PWRHYDUSAAK01,2024,0.47
GLOBAL,PWRHYDUSAAK01,2025,0.47
GLOBAL,PWRHYDUSAAK01,2026,0.47
GLOBAL,PWRHYDUSAAK01,2027,0.47
GLOBAL,PWRHYDUSAAK01,2028,0.47
GLOBAL,PWRHYDUSAAK01,2029,0.47
GLOBAL,PWRHYDUSAAK01,2030,0.47
GLOBAL,PWRHYDUSAAK01,2031,0.47
GLOBAL,PWRHYDUSAAK01,2032,0.47
GLOBAL,PWRHYDUSAAK01,2033,0.47
GLOBAL,PWRHYDUSAAK01,2034,0.466
GLOBAL,PWRHYDUSAAK01,2035,0.466
GLOBAL,PWRHYDUSAAK01,2036,0.466
GLOBAL,PWRHYDUSAAK01,2037,0.466
GLOBAL,PWRHYDUSAAK01,2038,0.466
GLOBAL,PWRHYDUSAAK01,2039,0.466
GLOBAL,PWRHYDUSAAK01,2040,0.466
GLOBAL,PWRHYDUSAAK01,2041,0.466
GLOBAL,PWRHYDUSAAK01,2042,0.466
GLOBAL,PWRHYDUSAAK01,2043,0.466
GLOBAL,PWRHYDUSAAK01,2044,0.466
GLOBAL,PWRHYDUSAAK01,2045,0.466
GLOBAL,PWRHYDUSAAK01,2046,0.466
GLOBAL,PWRHYDUSAAK01,2047,0.466
GLOBAL,PWRHYDUSAAK01,2048,0.466
GLOBAL,PWRHYDUSAAK01,2049,0.462
GLOBAL,PWRHYDUSAAK01,2050,0.462
GLOBAL,PWROCGUSAAK00,2021,0.392
GLOBAL,PWROCGUSAAK00,2022,0.392
GLOBAL,PWROCGUSAAK00,2023,0.392
GLOBAL,PWROCGUSAAK00,2024,0.392
GLOBAL,PWROCGUSAAK00,2025,0.372
GLOBAL,PWROCGUSAAK00,2026,0.294
GLOBAL,PWROCGUSAAK00,2027,0.294
GLOBAL,PWROCGUSAAK00,2028,0.294
GLOBAL,PWROCGUSAAK00,2029,0.264
GLOBAL,PWROCGUSAAK00,2030,0.183
GLOBAL,PWROCGUSAAK00,2031,0.183
GLOBAL,PWROCGUSAAK00,2032,0.183
GLOBAL,PWROCGUSAAK00,2033,0.175
GLOBAL,PWROCGUSAAK00,2034,0.076
GLOBAL,PWROCGUSAAK00,2035,0.076
GLOBAL,PWROCGUSAAK00,2036,0.076
GLOBAL,PWROCGUSAAK00,2037,0.076
GLOBAL,PWROCGUSAAK00,2038,0.076
GLOBAL,PWROCGUSAAK00,2039,0.076
GLOBAL,PWROCGUSAAK00,2040,0.076
GLOBAL,PWROCGUSAAK00,2041,0.076
GLOBAL,PWROCGUSAAK00,2042,0.076
GLOBAL,PWROCGUSAAK00,2043,0.05
GLOBAL,PWROCGUSAAK00,2044,0.05
GLOBAL,PWROCGUSAAK00,2045,0.0
GLOBAL,PWROCGUSAAK00,2046,0.0
GLOBAL,PWROCGUSAAK00,2047,0.0
GLOBAL,PWROCGUSAAK00,2048,0.0
GLOBAL,PWROCGUSAAK00,2049,0.0
GLOBAL,PWROCGUSAAK00,2050,0.0
GLOBAL,PWROILUSAAK01,2021,0.822
GLOBAL,PWROILUSAAK01,2022,0.814
GLOBAL,PWROILUSAAK01,2023,0.789
GLOBAL,PWROILUSAAK01,2024,0.761
GLOBAL,PWROILUSAAK01,2025,0.723
GLOBAL,PWROILUSAAK01,2026,0.696
GLOBAL,PWROILUSAAK01,2027,0.677
GLOBAL,PWROILUSAAK01,2028,0.663
GLOBAL,PWROILUSAAK01,2029,0.567
GLOBAL,PWROILUSAAK01,2030,0.553
GLOBAL,PWROILUSAAK01,2031,0.536
GLOBAL,PWROILUSAAK01,2032,0.53
GLOBAL,PWROILUSAAK01,2033,0.485
GLOBAL,PWROILUSAAK01,2034,0.159
GLOBAL,PWROILUSAAK01,2035,0.133
GLOBAL,PWROILUSAAK01,2036,0.122
GLOBAL,PWROILUSAAK01,2037,0.111
GLOBAL,PWROILUSAAK01,2038,0.106
GLOBAL,PWROILUSAAK01,2039,0.095
GLOBAL,PWROILUSAAK01,2040,0.062
GLOBAL,PWROILUSAAK01,2041,0.057
GLOBAL,PWROILUSAAK01,2042,0.052
GLOBAL,PWROILUSAAK01,2043,0.05
GLOBAL,PWROILUSAAK01,2044,0.048
GLOBAL,PWROILUSAAK01,2045,0.046
GLOBAL,PWROILUSAAK01,2046,0.046
GLOBAL,PWROILUSAAK01,2047,0.003
GLOBAL,PWROILUSAAK01,2048,0.0
GLOBAL,PWROILUSAAK01,2049,0.0
GLOBAL,PWROILUSAAK01,2050,0.0
GLOBAL,PWRWASUSAAK01,2021,0.012
GLOBAL,PWRWASUSAAK01,2022,0.012
GLOBAL,PWRWASUSAAK01,2023,0.012
GLOBAL,PWRWASUSAAK01,2024,0.012
GLOBAL,PWRWASUSAAK01,2025,0.012
GLOBAL,PWRWASUSAAK01,2026,0.012
GLOBAL,PWRWASUSAAK01,2027,0.012
GLOBAL,PWRWASUSAAK01,2028,0.012
GLOBAL,PWRWASUSAAK01,2029,0.012
GLOBAL,PWRWASUSAAK01,2030,0.012
GLOBAL,PWRWASUSAAK01,2031,0.012
GLOBAL,PWRWASUSAAK01,2032,0.012
GLOBAL,PWRWASUSAAK01,2033,0.012
GLOBAL,PWRWASUSAAK01,2034,0.012
GLOBAL,PWRWASUSAAK01,2035,0.012
GLOBAL,PWRWASUSAAK01,2036,0.012
GLOBAL,PWRWASUSAAK01,2037,0.012
GLOBAL,PWRWASUSAAK01,2038,0.012
GLOBAL,PWRWASUSAAK01,2039,0.012
GLOBAL,PWRWASUSAAK01,2040,0.012
GLOBAL,PWRWASUSAAK01,2041,0.012
GLOBAL,PWRWASUSAAK01,2042,0.012
GLOBAL,PWRWASUSAAK01,2043,0.0
GLOBAL,PWRWASUSAAK01,2044,0.0
GLOBAL,PWRWASUSAAK01,2045,0.0
GLOBAL,PWRWASUSAAK01,2046,0.0
GLOBAL,PWRWASUSAAK01,2047,0.0
GLOBAL,PWRWASUSAAK01,2048,0.0
GLOBAL,PWRWASUSAAK01,2049,0.0
GLOBAL,PWRWASUSAAK01,2050,0.0
GLOBAL,PWRWONUSAAK01,2021,0.054
GLOBAL,PWRWONUSAAK01,2022,0.054
GLOBAL,PWRWONUSAAK01,2023,0.054
GLOBAL,PWRWONUSAAK01,2024,0.054
GLOBAL,PWRWONUSAAK01,2025,0.054
GLOBAL,PWRWONUSAAK01,2026,0.054
GLOBAL,PWRWONUSAAK01,2027,0.054
GLOBAL,PWRWONUSAAK01,2028,0.054
GLOBAL,PWRWONUSAAK01,2029,0.054
GLOBAL,PWRWONUSAAK01,2030,0.054
GLOBAL,PWRWONUSAAK01,2031,0.054
GLOBAL,PWRWONUSAAK01,2032,0.054
GLOBAL,PWRWONUSAAK01,2033,0.054
GLOBAL,PWRWONUSAAK01,2034,0.054
GLOBAL,PWRWONUSAAK01,2035,0.054
GLOBAL,PWRWONUSAAK01,2036,0.054
GLOBAL,PWRWONUSAAK01,2037,0.054
GLOBAL,PWRWONUSAAK01,2038,0.054
GLOBAL,PWRWONUSAAK01,2039,0.054
GLOBAL,PWRWONUSAAK01,2040,0.054
GLOBAL,PWRWONUSAAK01,2041,0.054
GLOBAL,PWRWONUSAAK01,2042,0.043
GLOBAL,PWRWONUSAAK01,2043,0.025
GLOBAL,PWRWONUSAAK01,2044,0.0
GLOBAL,PWRWONUSAAK01,2045,0.0
GLOBAL,PWRWONUSAAK01,2046,0.0
GLOBAL,PWRWONUSAAK01,2047,0.0
GLOBAL,PWRWONUSAAK01,2048,0.0
GLOBAL,PWRWONUSAAK01,2049,0.0
GLOBAL,PWRWONUSAAK01,2050,0.0
GLOBAL,PWRCCGUSAAZ00,2021,26.053
GLOBAL,PWRCCGUSAAZ00,2022,24.623
GLOBAL,PWRCCGUSAAZ00,2023,24.623
GLOBAL,PWRCCGUSAAZ00,2024,24.235
GLOBAL,PWRCCGUSAAZ00,2025,23.629
GLOBAL,PWRCCGUSAAZ00,2026,23.629
GLOBAL,PWRCCGUSAAZ00,2027,20.925
GLOBAL,PWRCCGUSAAZ00,2028,20.925
GLOBAL,PWRCCGUSAAZ00,2029,19.266
GLOBAL,PWRCCGUSAAZ00,2030,19.266
GLOBAL,PWRCCGUSAAZ00,2031,18.58
GLOBAL,PWRCCGUSAAZ00,2032,16.867
GLOBAL,PWRCCGUSAAZ00,2033,14.357
GLOBAL,PWRCCGUSAAZ00,2034,7.929
GLOBAL,PWRCCGUSAAZ00,2035,4.274
GLOBAL,PWRCCGUSAAZ00,2036,4.274
GLOBAL,PWRCCGUSAAZ00,2037,2.16
GLOBAL,PWRCCGUSAAZ00,2038,2.16
GLOBAL,PWRCCGUSAAZ00,2039,1.254
GLOBAL,PWRCCGUSAAZ00,2040,1.254
GLOBAL,PWRCCGUSAAZ00,2041,1.254
GLOBAL,PWRCCGUSAAZ00,2042,0.528
GLOBAL,PWRCCGUSAAZ00,2043,0.528
GLOBAL,PWRCCGUSAAZ00,2044,0.528
GLOBAL,PWRCCGUSAAZ00,2045,0.528
GLOBAL,PWRCCGUSAAZ00,2046,0.528
GLOBAL,PWRCCGUSAAZ00,2047,0.0
GLOBAL,PWRCCGUSAAZ00,2048,0.0
GLOBAL,PWRCCGUSAAZ00,2049,0.0
GLOBAL,PWRCCGUSAAZ00,2050,0.0
GLOBAL,PWRCOAUSAAZ01,2021,6.773
GLOBAL,PWRCOAUSAAZ01,2022,6.773
GLOBAL,PWRCOAUSAAZ01,2023,6.773
GLOBAL,PWRCOAUSAAZ01,2024,6.773
GLOBAL,PWRCOAUSAAZ01,2025,6.773
GLOBAL,PWRCOAUSAAZ01,2026,6.773
GLOBAL,PWRCOAUSAAZ01,2027,6.773
GLOBAL,PWRCOAUSAAZ01,2028,5.951
GLOBAL,PWRCOAUSAAZ01,2029,1.757
GLOBAL,PWRCOAUSAAZ01,2030,1.757
GLOBAL,PWRCOAUSAAZ01,2031,1.757
GLOBAL,PWRCOAUSAAZ01,2032,1.757
GLOBAL,PWRCOAUSAAZ01,2033,1.757
GLOBAL,PWRCOAUSAAZ01,2034,0.0
GLOBAL,PWRCOAUSAAZ01,2035,0.0
GLOBAL,PWRCOAUSAAZ01,2036,0.0
GLOBAL,PWRCOAUSAAZ01,2037,0.0
GLOBAL,PWRCOAUSAAZ01,2038,0.0
GLOBAL,PWRCOAUSAAZ01,2039,0.0
GLOBAL,PWRCOAUSAAZ01,2040,0.0
GLOBAL,PWRCOAUSAAZ01,2041,0.0
GLOBAL,PWRCOAUSAAZ01,2042,0.0
GLOBAL,PWRCOAUSAAZ01,2043,0.0
GLOBAL,PWRCOAUSAAZ01,2044,0.0
GLOBAL,PWRCOAUSAAZ01,2045,0.0
GLOBAL,PWRCOAUSAAZ01,2046,0.0
GLOBAL,PWRCOAUSAAZ01,2047,0.0
GLOBAL,PWRCOAUSAAZ01,2048,0.0
GLOBAL,PWRCOAUSAAZ01,2049,0.0
GLOBAL,PWRCOAUSAAZ01,2050,0.0
GLOBAL,PWRCOGUSAAZ01,2021,0.008
GLOBAL,PWRCOGUSAAZ01,2022,0.008
GLOBAL,PWRCOGUSAAZ01,2023,0.008
GLOBAL,PWRCOGUSAAZ01,2024,0.008
GLOBAL,PWRCOGUSAAZ01,2025,0.008
GLOBAL,PWRCOGUSAAZ01,2026,0.008
GLOBAL,PWRCOGUSAAZ01,2027,0.008
GLOBAL,PWRCOGUSAAZ01,2028,0.008
GLOBAL,PWRCOGUSAAZ01,2029,0.008
GLOBAL,PWRCOGUSAAZ01,2030,0.008
GLOBAL,PWRCOGUSAAZ01,2031,0.008
GLOBAL,PWRCOGUSAAZ01,2032,0.008
GLOBAL,PWRCOGUSAAZ01,2033,0.008
GLOBAL,PWRCOGUSAAZ01,2034,0.008
GLOBAL,PWRCOGUSAAZ01,2035,0.008
GLOBAL,PWRCOGUSAAZ01,2036,0.008
GLOBAL,PWRCOGUSAAZ01,2037,0.008
GLOBAL,PWRCOGUSAAZ01,2038,0.008
GLOBAL,PWRCOGUSAAZ01,2039,0.008
GLOBAL,PWRCOGUSAAZ01,2040,0.008
GLOBAL,PWRCOGUSAAZ01,2041,0.0
GLOBAL,PWRCOGUSAAZ01,2042,0.0
GLOBAL,PWRCOGUSAAZ01,2043,0.0
GLOBAL,PWRCOGUSAAZ01,2044,0.0
GLOBAL,PWRCOGUSAAZ01,2045,0.0
GLOBAL,PWRCOGUSAAZ01,2046,0.0
GLOBAL,PWRCOGUSAAZ01,2047,0.0
GLOBAL,PWRCOGUSAAZ01,2048,0.0
GLOBAL,PWRCOGUSAAZ01,2049,0.0
GLOBAL,PWRCOGUSAAZ01,2050,0.0
GLOBAL,PWRCSPUSAAZ01,2021,0.8299
GLOBAL,PWRCSPUSAAZ01,2022,0.8299
GLOBAL,PWRCSPUSAAZ01,2023,0.8299
GLOBAL,PWRCSPUSAAZ01,2024,0.8299
GLOBAL,PWRCSPUSAAZ01,2025,0.8299
GLOBAL,PWRCSPUSAAZ01,2026,0.8299
GLOBAL,PWRCSPUSAAZ01,2027,0.8299
GLOBAL,PWRCSPUSAAZ01,2028,0.8299
GLOBAL,PWRCSPUSAAZ01,2029,0.8299
GLOBAL,PWRCSPUSAAZ01,2030,0.8299
GLOBAL,PWRCSPUSAAZ01,2031,0.8299
GLOBAL,PWRCSPUSAAZ01,2032,0.8299
GLOBAL,PWRCSPUSAAZ01,2033,0.8299
GLOBAL,PWRCSPUSAAZ01,2034,0.8299
GLOBAL,PWRCSPUSAAZ01,2035,0.8299
GLOBAL,PWRCSPUSAAZ01,2036,0.8299
GLOBAL,PWRCSPUSAAZ01,2037,0.8299
GLOBAL,PWRCSPUSAAZ01,2038,0.7539
GLOBAL,PWRCSPUSAAZ01,2039,0.7539
GLOBAL,PWRCSPUSAAZ01,2040,0.28
GLOBAL,PWRCSPUSAAZ01,2041,0.28
GLOBAL,PWRCSPUSAAZ01,2042,0.28
GLOBAL,PWRCSPUSAAZ01,2043,0.28
GLOBAL,PWRCSPUSAAZ01,2044,0.0
GLOBAL,PWRCSPUSAAZ01,2045,0.0
GLOBAL,PWRCSPUSAAZ01,2046,0.0
GLOBAL,PWRCSPUSAAZ01,2047,0.0
GLOBAL,PWRCSPUSAAZ01,2048,0.0
GLOBAL,PWRCSPUSAAZ01,2049,0.0
GLOBAL,PWRCSPUSAAZ01,2050,0.0
GLOBAL,PWRGEOUSAAZ01,2021,0.748
GLOBAL,PWRGEOUSAAZ01,2022,0.748
GLOBAL,PWRGEOUSAAZ01,2023,0.748
GLOBAL,PWRGEOUSAAZ01,2024,0.748
GLOBAL,PWRGEOUSAAZ01,2025,0.718
GLOBAL,PWRGEOUSAAZ01,2026,0.718
GLOBAL,PWRGEOUSAAZ01,2027,0.67
GLOBAL,PWRGEOUSAAZ01,2028,0.67
GLOBAL,PWRGEOUSAAZ01,2029,0.646
GLOBAL,PWRGEOUSAAZ01,2030,0.566
GLOBAL,PWRGEOUSAAZ01,2031,0.496
GLOBAL,PWRGEOUSAAZ01,2032,0.496
GLOBAL,PWRGEOUSAAZ01,2033,0.47
GLOBAL,PWRGEOUSAAZ01,2034,0.123
GLOBAL,PWRGEOUSAAZ01,2035,0.123
GLOBAL,PWRGEOUSAAZ01,2036,0.123
GLOBAL,PWRGEOUSAAZ01,2037,0.123
GLOBAL,PWRGEOUSAAZ01,2038,0.123
GLOBAL,PWRGEOUSAAZ01,2039,0.123
GLOBAL,PWRGEOUSAAZ01,2040,0.059
GLOBAL,PWRGEOUSAAZ01,2041,0.059
GLOBAL,PWRGEOUSAAZ01,2042,0.059
GLOBAL,PWRGEOUSAAZ01,2043,0.004
GLOBAL,PWRGEOUSAAZ01,2044,0.004
GLOBAL,PWRGEOUSAAZ01,2045,0.0
GLOBAL,PWRGEOUSAAZ01,2046,0.0
GLOBAL,PWRGEOUSAAZ01,2047,0.0
GLOBAL,PWRGEOUSAAZ01,2048,0.0
GLOBAL,PWRGEOUSAAZ01,2049,0.0
GLOBAL,PWRGEOUSAAZ01,2050,0.0
GLOBAL,PWRHYDUSAAZ01,2021,4.19
GLOBAL,PWRHYDUSAAZ01,2022,4.19
GLOBAL,PWRHYDUSAAZ01,2023,4.19
GLOBAL,PWRHYDUSAAZ01,2024,4.19
GLOBAL,PWRHYDUSAAZ01,2025,4.19
GLOBAL,PWRHYDUSAAZ01,2026,4.19
GLOBAL,PWRHYDUSAAZ01,2027,4.19
GLOBAL,PWRHYDUSAAZ01,2028,4.19
GLOBAL,PWRHYDUSAAZ01,2029,4.19
GLOBAL,PWRHYDUSAAZ01,2030,4.19
GLOBAL,PWRHYDUSAAZ01,2031,4.177
GLOBAL,PWRHYDUSAAZ01,2032,4.177
GLOBAL,PWRHYDUSAAZ01,2033,4.177
GLOBAL,PWRHYDUSAAZ01,2034,4.177
GLOBAL,PWRHYDUSAAZ01,2035,4.177
GLOBAL,PWRHYDUSAAZ01,2036,4.177
GLOBAL,PWRHYDUSAAZ01,2037,4.177
GLOBAL,PWRHYDUSAAZ01,2038,4.177
GLOBAL,PWRHYDUSAAZ01,2039,4.177
GLOBAL,PWRHYDUSAAZ01,2040,4.174
GLOBAL,PWRHYDUSAAZ01,2041,4.146
GLOBAL,PWRHYDUSAAZ01,2042,3.108
GLOBAL,PWRHYDUSAAZ01,2043,3.108
GLOBAL,PWRHYDUSAAZ01,2044,2.988
GLOBAL,PWRHYDUSAAZ01,2045,1.95
GLOBAL,PWRHYDUSAAZ01,2046,1.95
GLOBAL,PWRHYDUSAAZ01,2047,1.93
GLOBAL,PWRHYDUSAAZ01,2048,1.93
GLOBAL,PWRHYDUSAAZ01,2049,1.93
GLOBAL,PWRHYDUSAAZ01,2050,1.93
GLOBAL,PWROCGUSAAZ00,2021,1.428
GLOBAL,PWROCGUSAAZ00,2022,1.301
GLOBAL,PWROCGUSAAZ00,2023,1.206
GLOBAL,PWROCGUSAAZ00,2024,1.11
GLOBAL,PWROCGUSAAZ00,2025,1.047
GLOBAL,PWROCGUSAAZ00,2026,1.044
GLOBAL,PWROCGUSAAZ00,2027,1.044
GLOBAL,PWROCGUSAAZ00,2028,1.032
GLOBAL,PWROCGUSAAZ00,2029,0.778
GLOBAL,PWROCGUSAAZ00,2030,0.778
GLOBAL,PWROCGUSAAZ00,2031,0.778
GLOBAL,PWROCGUSAAZ00,2032,0.693
GLOBAL,PWROCGUSAAZ00,2033,0.59
GLOBAL,PWROCGUSAAZ00,2034,0.317
GLOBAL,PWROCGUSAAZ00,2035,0.317
GLOBAL,PWROCGUSAAZ00,2036,0.317
GLOBAL,PWROCGUSAAZ00,2037,0.308
GLOBAL,PWROCGUSAAZ00,2038,0.308
GLOBAL,PWROCGUSAAZ00,2039,0.066
GLOBAL,PWROCGUSAAZ00,2040,0.066
GLOBAL,PWROCGUSAAZ00,2041,0.042
GLOBAL,PWROCGUSAAZ00,2042,0.042
GLOBAL,PWROCGUSAAZ00,2043,0.042
GLOBAL,PWROCGUSAAZ00,2044,0.042
GLOBAL,PWROCGUSAAZ00,2045,0.042
GLOBAL,PWROCGUSAAZ00,2046,0.042
GLOBAL,PWROCGUSAAZ00,2047,0.0
GLOBAL,PWROCGUSAAZ00,2048,0.0
GLOBAL,PWROCGUSAAZ00,2049,0.0
GLOBAL,PWROCGUSAAZ00,2050,0.0
GLOBAL,PWROILUSAAZ01,2021,0.138
GLOBAL,PWROILUSAAZ01,2022,0.138
GLOBAL,PWROILUSAAZ01,2023,0.138
GLOBAL,PWROILUSAAZ01,2024,0.138
GLOBAL,PWROILUSAAZ01,2025,0.138
GLOBAL,PWROILUSAAZ01,2026,0.138
GLOBAL,PWROILUSAAZ01,2027,0.138
GLOBAL,PWROILUSAAZ01,2028,0.138
GLOBAL,PWROILUSAAZ01,2029,0.082
GLOBAL,PWROILUSAAZ01,2030,0.082
GLOBAL,PWROILUSAAZ01,2031,0.082
GLOBAL,PWROILUSAAZ01,2032,0.082
GLOBAL,PWROILUSAAZ01,2033,0.082
GLOBAL,PWROILUSAAZ01,2034,0.027
GLOBAL,PWROILUSAAZ01,2035,0.027
GLOBAL,PWROILUSAAZ01,2036,0.027
GLOBAL,PWROILUSAAZ01,2037,0.027
GLOBAL,PWROILUSAAZ01,2038,0.027
GLOBAL,PWROILUSAAZ01,2039,0.027
GLOBAL,PWROILUSAAZ01,2040,0.027
GLOBAL,PWROILUSAAZ01,2041,0.027
GLOBAL,PWROILUSAAZ01,2042,0.027
GLOBAL,PWROILUSAAZ01,2043,0.027
GLOBAL,PWROILUSAAZ01,2044,0.0
GLOBAL,PWROILUSAAZ01,2045,0.0
GLOBAL,PWROILUSAAZ01,2046,0.0
GLOBAL,PWROILUSAAZ01,2047,0.0
GLOBAL,PWROILUSAAZ01,2048,0.0
GLOBAL,PWROILUSAAZ01,2049,0.0
GLOBAL,PWROILUSAAZ01,2050,0.0
GLOBAL,PWRSPVUSAAZ01,2021,8.3549
GLOBAL,PWRSPVUSAAZ01,2022,8.3549
GLOBAL,PWRSPVUSAAZ01,2023,8.3549
GLOBAL,PWRSPVUSAAZ01,2024,8.3549
GLOBAL,PWRSPVUSAAZ01,2025,8.3549
GLOBAL,PWRSPVUSAAZ01,2026,8.3549
GLOBAL,PWRSPVUSAAZ01,2027,8.3549
GLOBAL,PWRSPVUSAAZ01,2028,8.3549
GLOBAL,PWRSPVUSAAZ01,2029,8.3549
GLOBAL,PWRSPVUSAAZ01,2030,8.3549
GLOBAL,PWRSPVUSAAZ01,2031,8.3549
GLOBAL,PWRSPVUSAAZ01,2032,8.3549
GLOBAL,PWRSPVUSAAZ01,2033,8.3529
GLOBAL,PWRSPVUSAAZ01,2034,8.3529
GLOBAL,PWRSPVUSAAZ01,2035,8.3529
GLOBAL,PWRSPVUSAAZ01,2036,8.3529
GLOBAL,PWRSPVUSAAZ01,2037,8.3529
GLOBAL,PWRSPVUSAAZ01,2038,8.3389
GLOBAL,PWRSPVUSAAZ01,2039,8.3379
GLOBAL,PWRSPVUSAAZ01,2040,8.3279
GLOBAL,PWRSPVUSAAZ01,2041,8.2759
GLOBAL,PWRSPVUSAAZ01,2042,8.1299
GLOBAL,PWRSPVUSAAZ01,2043,7.7479
GLOBAL,PWRSPVUSAAZ01,2044,6.2119
GLOBAL,PWRSPVUSAAZ01,2045,2.578
GLOBAL,PWRSPVUSAAZ01,2046,2.358
GLOBAL,PWRSPVUSAAZ01,2047,1.123
GLOBAL,PWRSPVUSAAZ01,2048,0.015
GLOBAL,PWRSPVUSAAZ01,2049,0.0
GLOBAL,PWRSPVUSAAZ01,2050,0.0
GLOBAL,PWRURNUSAAZ01,2021,4.208
GLOBAL,PWRURNUSAAZ01,2022,4.208
GLOBAL,PWRURNUSAAZ01,2023,4.208
GLOBAL,PWRURNUSAAZ01,2024,4.208
GLOBAL,PWRURNUSAAZ01,2025,4.208
GLOBAL,PWRURNUSAAZ01,2026,4.208
GLOBAL,PWRURNUSAAZ01,2027,4.208
GLOBAL,PWRURNUSAAZ01,2028,4.208
GLOBAL,PWRURNUSAAZ01,2029,4.208
GLOBAL,PWRURNUSAAZ01,2030,4.208
GLOBAL,PWRURNUSAAZ01,2031,4.208
GLOBAL,PWRURNUSAAZ01,2032,4.208
GLOBAL,PWRURNUSAAZ01,2033,4.208
GLOBAL,PWRURNUSAAZ01,2034,4.208
GLOBAL,PWRURNUSAAZ01,2035,4.208
GLOBAL,PWRURNUSAAZ01,2036,4.208
GLOBAL,PWRURNUSAAZ01,2037,4.208
GLOBAL,PWRURNUSAAZ01,2038,4.208
GLOBAL,PWRURNUSAAZ01,2039,4.208
GLOBAL,PWRURNUSAAZ01,2040,4.208
GLOBAL,PWRURNUSAAZ01,2041,4.208
GLOBAL,PWRURNUSAAZ01,2042,4.208
GLOBAL,PWRURNUSAAZ01,2043,4.208
GLOBAL,PWRURNUSAAZ01,2044,4.208
GLOBAL,PWRURNUSAAZ01,2045,4.208
GLOBAL,PWRURNUSAAZ01,2046,4.208
GLOBAL,PWRURNUSAAZ01,2047,4.208
GLOBAL,PWRURNUSAAZ01,2048,0.0
GLOBAL,PWRURNUSAAZ01,2049,0.0
GLOBAL,PWRURNUSAAZ01,2050,0.0
GLOBAL,PWRWASUSAAZ01,2021,0.146
GLOBAL,PWRWASUSAAZ01,2022,0.09
GLOBAL,PWRWASUSAAZ01,2023,0.09
GLOBAL,PWRWASUSAAZ01,2024,0.09
GLOBAL,PWRWASUSAAZ01,2025,0.09
GLOBAL,PWRWASUSAAZ01,2026,0.09
GLOBAL,PWRWASUSAAZ01,2027,0.09
GLOBAL,PWRWASUSAAZ01,2028,0.09
GLOBAL,PWRWASUSAAZ01,2029,0.09
GLOBAL,PWRWASUSAAZ01,2030,0.09
GLOBAL,PWRWASUSAAZ01,2031,0.09
GLOBAL,PWRWASUSAAZ01,2032,0.09
GLOBAL,PWRWASUSAAZ01,2033,0.09
GLOBAL,PWRWASUSAAZ01,2034,0.069
GLOBAL,PWRWASUSAAZ01,2035,0.066
GLOBAL,PWRWASUSAAZ01,2036,0.066
GLOBAL,PWRWASUSAAZ01,2037,0.066
GLOBAL,PWRWASUSAAZ01,2038,0.066
GLOBAL,PWRWASUSAAZ01,2039,0.036
GLOBAL,PWRWASUSAAZ01,2040,0.018
GLOBAL,PWRWASUSAAZ01,2041,0.015
GLOBAL,PWRWASUSAAZ01,2042,0.015
GLOBAL,PWRWASUSAAZ01,2043,0.0
GLOBAL,PWRWASUSAAZ01,2044,0.0
GLOBAL,PWRWASUSAAZ01,2045,0.0
GLOBAL,PWRWASUSAAZ01,2046,0.0
GLOBAL,PWRWASUSAAZ01,2047,0.0
GLOBAL,PWRWASUSAAZ01,2048,0.0
GLOBAL,PWRWASUSAAZ01,2049,0.0
GLOBAL,PWRWASUSAAZ01,2050,0.0
GLOBAL,PWRWONUSAAZ01,2021,1.3814
GLOBAL,PWRWONUSAAZ01,2022,1.3814
GLOBAL,PWRWONUSAAZ01,2023,1.3814
GLOBAL,PWRWONUSAAZ01,2024,1.3814
GLOBAL,PWRWONUSAAZ01,2025,1.3814
GLOBAL,PWRWONUSAAZ01,2026,1.3814
GLOBAL,PWRWONUSAAZ01,2027,1.3814
GLOBAL,PWRWONUSAAZ01,2028,1.3814
GLOBAL,PWRWONUSAAZ01,2029,1.3814
GLOBAL,PWRWONUSAAZ01,2030,1.3814
GLOBAL,PWRWONUSAAZ01,2031,1.3814
GLOBAL,PWRWONUSAAZ01,2032,1.3814
GLOBAL,PWRWONUSAAZ01,2033,1.3814
GLOBAL,PWRWONUSAAZ01,2034,1.1774
GLOBAL,PWRWONUSAAZ01,2035,1.1774
GLOBAL,PWRWONUSAAZ01,2036,1.1774
GLOBAL,PWRWONUSAAZ01,2037,1.1774
GLOBAL,PWRWONUSAAZ01,2038,1.0874
GLOBAL,PWRWONUSAAZ01,2039,1.0874
GLOBAL,PWRWONUSAAZ01,2040,0.89
GLOBAL,PWRWONUSAAZ01,2041,0.89
GLOBAL,PWRWONUSAAZ01,2042,0.662
GLOBAL,PWRWONUSAAZ01,2043,0.563
GLOBAL,PWRWONUSAAZ01,2044,0.298
GLOBAL,PWRWONUSAAZ01,2045,0.298
GLOBAL,PWRWONUSAAZ01,2046,0.298
GLOBAL,PWRWONUSAAZ01,2047,0.298
GLOBAL,PWRWONUSAAZ01,2048,0.298
GLOBAL,PWRWONUSAAZ01,2049,0.0
GLOBAL,PWRWONUSAAZ01,2050,0.0
GLOBAL,PWRBIOUSACA01,2021,0.148
GLOBAL,PWRBIOUSACA01,2022,0.148
GLOBAL,PWRBIOUSACA01,2023,0.148
GLOBAL,PWRBIOUSACA01,2024,0.124
GLOBAL,PWRBIOUSACA01,2025,0.124
GLOBAL,PWRBIOUSACA01,2026,0.086
GLOBAL,PWRBIOUSACA01,2027,0.086
GLOBAL,PWRBIOUSACA01,2028,0.086
GLOBAL,PWRBIOUSACA01,2029,0.086
GLOBAL,PWRBIOUSACA01,2030,0.086
GLOBAL,PWRBIOUSACA01,2031,0.086
GLOBAL,PWRBIOUSACA01,2032,0.086
GLOBAL,PWRBIOUSACA01,2033,0.084
GLOBAL,PWRBIOUSACA01,2034,0.067
GLOBAL,PWRBIOUSACA01,2035,0.067
GLOBAL,PWRBIOUSACA01,2036,0.067
GLOBAL,PWRBIOUSACA01,2037,0.067
GLOBAL,PWRBIOUSACA01,2038,0.067
GLOBAL,PWRBIOUSACA01,2039,0.067
GLOBAL,PWRBIOUSACA01,2040,0.064
GLOBAL,PWRBIOUSACA01,2041,0.063
GLOBAL,PWRBIOUSACA01,2042,0.06
GLOBAL,PWRBIOUSACA01,2043,0.052
GLOBAL,PWRBIOUSACA01,2044,0.043
GLOBAL,PWRBIOUSACA01,2045,0.038
GLOBAL,PWRBIOUSACA01,2046,0.035
GLOBAL,PWRBIOUSACA01,2047,0.033
GLOBAL,PWRBIOUSACA01,2048,0.0
GLOBAL,PWRBIOUSACA01,2049,0.0
GLOBAL,PWRBIOUSACA01,2050,0.0
GLOBAL,PWRCCGUSACA00,2021,36.253
GLOBAL,PWRCCGUSACA00,2022,36.253
GLOBAL,PWRCCGUSACA00,2023,36.253
GLOBAL,PWRCCGUSACA00,2024,36.253
GLOBAL,PWRCCGUSACA00,2025,35.111
GLOBAL,PWRCCGUSACA00,2026,34.955
GLOBAL,PWRCCGUSACA00,2027,34.708
GLOBAL,PWRCCGUSACA00,2028,32.788
GLOBAL,PWRCCGUSACA00,2029,24.707
GLOBAL,PWRCCGUSACA00,2030,24.159
GLOBAL,PWRCCGUSACA00,2031,23.976
GLOBAL,PWRCCGUSACA00,2032,22.377
GLOBAL,PWRCCGUSACA00,2033,19.227
GLOBAL,PWRCCGUSACA00,2034,14.236
GLOBAL,PWRCCGUSACA00,2035,13.644
GLOBAL,PWRCCGUSACA00,2036,11.126
GLOBAL,PWRCCGUSACA00,2037,9.257
GLOBAL,PWRCCGUSACA00,2038,8.451
GLOBAL,PWRCCGUSACA00,2039,8.031
GLOBAL,PWRCCGUSACA00,2040,6.151
GLOBAL,PWRCCGUSACA00,2041,5.165
GLOBAL,PWRCCGUSACA00,2042,4.253
GLOBAL,PWRCCGUSACA00,2043,3.764
GLOBAL,PWRCCGUSACA00,2044,0.442
GLOBAL,PWRCCGUSACA00,2045,0.442
GLOBAL,PWRCCGUSACA00,2046,0.442
GLOBAL,PWRCCGUSACA00,2047,0.0
GLOBAL,PWRCCGUSACA00,2048,0.0
GLOBAL,PWRCCGUSACA00,2049,0.0
GLOBAL,PWRCCGUSACA00,2050,0.0
GLOBAL,PWRCOAUSACA01,2021,0.063
GLOBAL,PWRCOAUSACA01,2022,0.063
GLOBAL,PWRCOAUSACA01,2023,0.063
GLOBAL,PWRCOAUSACA01,2024,0.063
GLOBAL,PWRCOAUSACA01,2025,0.063
GLOBAL,PWRCOAUSACA01,2026,0.063
GLOBAL,PWRCOAUSACA01,2027,0.063
GLOBAL,PWRCOAUSACA01,2028,0.063
GLOBAL,PWRCOAUSACA01,2029,0.0
GLOBAL,PWRCOAUSACA01,2030,0.0
GLOBAL,PWRCOAUSACA01,2031,0.0
GLOBAL,PWRCOAUSACA01,2032,0.0
GLOBAL,PWRCOAUSACA01,2033,0.0
GLOBAL,PWRCOAUSACA01,2034,0.0
GLOBAL,PWRCOAUSACA01,2035,0.0
GLOBAL,PWRCOAUSACA01,2036,0.0
GLOBAL,PWRCOAUSACA01,2037,0.0
GLOBAL,PWRCOAUSACA01,2038,0.0
GLOBAL,PWRCOAUSACA01,2039,0.0
GLOBAL,PWRCOAUSACA01,2040,0.0
GLOBAL,PWRCOAUSACA01,2041,0.0
GLOBAL,PWRCOAUSACA01,2042,0.0
GLOBAL,PWRCOAUSACA01,2043,0.0
GLOBAL,PWRCOAUSACA01,2044,0.0
GLOBAL,PWRCOAUSACA01,2045,0.0
GLOBAL,PWRCOAUSACA01,2046,0.0
GLOBAL,PWRCOAUSACA01,2047,0.0
GLOBAL,PWRCOAUSACA01,2048,0.0
GLOBAL,PWRCOAUSACA01,2049,0.0
GLOBAL,PWRCOAUSACA01,2050,0.0
GLOBAL,PWRCOGUSACA01,2021,0.128
GLOBAL,PWRCOGUSACA01,2022,0.128
GLOBAL,PWRCOGUSACA01,2023,0.128
GLOBAL,PWRCOGUSACA01,2024,0.124
GLOBAL,PWRCOGUSACA01,2025,0.124
GLOBAL,PWRCOGUSACA01,2026,0.124
GLOBAL,PWRCOGUSACA01,2027,0.092
GLOBAL,PWRCOGUSACA01,2028,0.092
GLOBAL,PWRCOGUSACA01,2029,0.087
GLOBAL,PWRCOGUSACA01,2030,0.087
GLOBAL,PWRCOGUSACA01,2031,0.087
GLOBAL,PWRCOGUSACA01,2032,0.087
GLOBAL,PWRCOGUSACA01,2033,0.087
GLOBAL,PWRCOGUSACA01,2034,0.0
GLOBAL,PWRCOGUSACA01,2035,0.0
GLOBAL,PWRCOGUSACA01,2036,0.0
GLOBAL,PWRCOGUSACA01,2037,0.0
GLOBAL,PWRCOGUSACA01,2038,0.0
GLOBAL,PWRCOGUSACA01,2039,0.0
GLOBAL,PWRCOGUSACA01,2040,0.0
GLOBAL,PWRCOGUSACA01,2041,0.0
GLOBAL,PWRCOGUSACA01,2042,0.0
GLOBAL,PWRCOGUSACA01,2043,0.0
GLOBAL,PWRCOGUSACA01,2044,0.0
GLOBAL,PWRCOGUSACA01,2045,0.0
GLOBAL,PWRCOGUSACA01,2046,0.0
GLOBAL,PWRCOGUSACA01,2047,0.0
GLOBAL,PWRCOGUSACA01,2048,0.0
GLOBAL,PWRCOGUSACA01,2049,0.0
GLOBAL,PWRCOGUSACA01,2050,0.0
GLOBAL,PWRCSPUSACA01,2021,2.6208
GLOBAL,PWRCSPUSACA01,2022,2.6208
GLOBAL,PWRCSPUSACA01,2023,2.6208
GLOBAL,PWRCSPUSACA01,2024,2.6208
GLOBAL,PWRCSPUSACA01,2025,2.6208
GLOBAL,PWRCSPUSACA01,2026,2.6208
GLOBAL,PWRCSPUSACA01,2027,2.6208
GLOBAL,PWRCSPUSACA01,2028,2.6208
GLOBAL,PWRCSPUSACA01,2029,2.6208
GLOBAL,PWRCSPUSACA01,2030,2.6208
GLOBAL,PWRCSPUSACA01,2031,2.6208
GLOBAL,PWRCSPUSACA01,2032,2.6208
GLOBAL,PWRCSPUSACA01,2033,2.6208
GLOBAL,PWRCSPUSACA01,2034,2.2648
GLOBAL,PWRCSPUSACA01,2035,2.2648
GLOBAL,PWRCSPUSACA01,2036,2.2648
GLOBAL,PWRCSPUSACA01,2037,2.2648
GLOBAL,PWRCSPUSACA01,2038,2.2648
GLOBAL,PWRCSPUSACA01,2039,2.2648
GLOBAL,PWRCSPUSACA01,2040,0.929
GLOBAL,PWRCSPUSACA01,2041,0.929
GLOBAL,PWRCSPUSACA01,2042,0.929
GLOBAL,PWRCSPUSACA01,2043,0.929
GLOBAL,PWRCSPUSACA01,2044,0.929
GLOBAL,PWRCSPUSACA01,2045,0.28
GLOBAL,PWRCSPUSACA01,2046,0.0
GLOBAL,PWRCSPUSACA01,2047,0.0
GLOBAL,PWRCSPUSACA01,2048,0.0
GLOBAL,PWRCSPUSACA01,2049,0.0
GLOBAL,PWRCSPUSACA01,2050,0.0
GLOBAL,PWRGEOUSACA01,2021,2.044
GLOBAL,PWRGEOUSACA01,2022,1.999
GLOBAL,PWRGEOUSACA01,2023,1.999
GLOBAL,PWRGEOUSACA01,2024,1.999
GLOBAL,PWRGEOUSACA01,2025,1.999
GLOBAL,PWRGEOUSACA01,2026,1.999
GLOBAL,PWRGEOUSACA01,2027,1.999
GLOBAL,PWRGEOUSACA01,2028,1.999
GLOBAL,PWRGEOUSACA01,2029,1.999
GLOBAL,PWRGEOUSACA01,2030,1.999
GLOBAL,PWRGEOUSACA01,2031,1.999
GLOBAL,PWRGEOUSACA01,2032,1.999
GLOBAL,PWRGEOUSACA01,2033,1.999
GLOBAL,PWRGEOUSACA01,2034,0.0
GLOBAL,PWRGEOUSACA01,2035,0.0
GLOBAL,PWRGEOUSACA01,2036,0.0
GLOBAL,PWRGEOUSACA01,2037,0.0
GLOBAL,PWRGEOUSACA01,2038,0.0
GLOBAL,PWRGEOUSACA01,2039,0.0
GLOBAL,PWRGEOUSACA01,2040,0.0
GLOBAL,PWRGEOUSACA01,2041,0.0
GLOBAL,PWRGEOUSACA01,2042,0.0
GLOBAL,PWRGEOUSACA01,2043,0.0
GLOBAL,PWRGEOUSACA01,2044,0.0
GLOBAL,PWRGEOUSACA01,2045,0.0
GLOBAL,PWRGEOUSACA01,2046,0.0
GLOBAL,PWRGEOUSACA01,2047,0.0
GLOBAL,PWRGEOUSACA01,2048,0.0
GLOBAL,PWRGEOUSACA01,2049,0.0
GLOBAL,PWRGEOUSACA01,2050,0.0
GLOBAL,PWRHYDUSACA01,2021,13.554
GLOBAL,PWRHYDUSACA01,2022,13.471
GLOBAL,PWRHYDUSACA01,2023,13.322
GLOBAL,PWRHYDUSACA01,2024,13.318
GLOBAL,PWRHYDUSACA01,2025,13.265
GLOBAL,PWRHYDUSACA01,2026,13.177
GLOBAL,PWRHYDUSACA01,2027,13.093
GLOBAL,PWRHYDUSACA01,2028,13.056
GLOBAL,PWRHYDUSACA01,2029,12.979
GLOBAL,PWRHYDUSACA01,2030,12.842
GLOBAL,PWRHYDUSACA01,2031,12.834
GLOBAL,PWRHYDUSACA01,2032,12.782
GLOBAL,PWRHYDUSACA01,2033,12.782
GLOBAL,PWRHYDUSACA01,2034,12.4
GLOBAL,PWRHYDUSACA01,2035,12.4
GLOBAL,PWRHYDUSACA01,2036,12.4
GLOBAL,PWRHYDUSACA01,2037,12.4
GLOBAL,PWRHYDUSACA01,2038,12.4
GLOBAL,PWRHYDUSACA01,2039,12.4
GLOBAL,PWRHYDUSACA01,2040,12.4
GLOBAL,PWRHYDUSACA01,2041,12.222
GLOBAL,PWRHYDUSACA01,2042,12.222
GLOBAL,PWRHYDUSACA01,2043,12.222
GLOBAL,PWRHYDUSACA01,2044,12.19
GLOBAL,PWRHYDUSACA01,2045,12.048
GLOBAL,PWRHYDUSACA01,2046,12.048
GLOBAL,PWRHYDUSACA01,2047,12.048
GLOBAL,PWRHYDUSACA01,2048,11.292
GLOBAL,PWRHYDUSACA01,2049,11.175
GLOBAL,PWRHYDUSACA01,2050,11.148
GLOBAL,PWROCGUSACA00,2021,6.843
GLOBAL,PWROCGUSACA00,2022,6.447
GLOBAL,PWROCGUSACA00,2023,6.293
GLOBAL,PWROCGUSACA00,2024,6.201
GLOBAL,PWROCGUSACA00,2025,6.048
GLOBAL,PWROCGUSACA00,2026,5.808
GLOBAL,PWROCGUSACA00,2027,5.635
GLOBAL,PWROCGUSACA00,2028,5.632
GLOBAL,PWROCGUSACA00,2029,5.394
GLOBAL,PWROCGUSACA00,2030,5.394
GLOBAL,PWROCGUSACA00,2031,5.381
GLOBAL,PWROCGUSACA00,2032,4.754
GLOBAL,PWROCGUSACA00,2033,4.156
GLOBAL,PWROCGUSACA00,2034,1.354
GLOBAL,PWROCGUSACA00,2035,1.341
GLOBAL,PWROCGUSACA00,2036,1.014
GLOBAL,PWROCGUSACA00,2037,0.886
GLOBAL,PWROCGUSACA00,2038,0.658
GLOBAL,PWROCGUSACA00,2039,0.64
GLOBAL,PWROCGUSACA00,2040,0.442
GLOBAL,PWROCGUSACA00,2041,0.267
GLOBAL,PWROCGUSACA00,2042,0.248
GLOBAL,PWROCGUSACA00,2043,0.157
GLOBAL,PWROCGUSACA00,2044,0.086
GLOBAL,PWROCGUSACA00,2045,0.03
GLOBAL,PWROCGUSACA00,2046,0.014
GLOBAL,PWROCGUSACA00,2047,0.006
GLOBAL,PWROCGUSACA00,2048,0.0
GLOBAL,PWROCGUSACA00,2049,0.0
GLOBAL,PWROCGUSACA00,2050,0.0
GLOBAL,PWROILUSACA01,2021,0.595
GLOBAL,PWROILUSACA01,2022,0.595
GLOBAL,PWROILUSACA01,2023,0.592
GLOBAL,PWROILUSACA01,2024,0.592
GLOBAL,PWROILUSACA01,2025,0.592
GLOBAL,PWROILUSACA01,2026,0.592
GLOBAL,PWROILUSACA01,2027,0.592
GLOBAL,PWROILUSACA01,2028,0.592
GLOBAL,PWROILUSACA01,2029,0.562
GLOBAL,PWROILUSACA01,2030,0.562
GLOBAL,PWROILUSACA01,2031,0.555
GLOBAL,PWROILUSACA01,2032,0.555
GLOBAL,PWROILUSACA01,2033,0.555
GLOBAL,PWROILUSACA01,2034,0.176
GLOBAL,PWROILUSACA01,2035,0.176
GLOBAL,PWROILUSACA01,2036,0.176
GLOBAL,PWROILUSACA01,2037,0.166
GLOBAL,PWROILUSACA01,2038,0.16
GLOBAL,PWROILUSACA01,2039,0.145
GLOBAL,PWROILUSACA01,2040,0.145
GLOBAL,PWROILUSACA01,2041,0.135
GLOBAL,PWROILUSACA01,2042,0.123
GLOBAL,PWROILUSACA01,2043,0.123
GLOBAL,PWROILUSACA01,2044,0.123
GLOBAL,PWROILUSACA01,2045,0.03
GLOBAL,PWROILUSACA01,2046,0.0
GLOBAL,PWROILUSACA01,2047,0.0
GLOBAL,PWROILUSACA01,2048,0.0
GLOBAL,PWROILUSACA01,2049,0.0
GLOBAL,PWROILUSACA01,2050,0.0
GLOBAL,PWROTHUSACA01,2021,0.008
GLOBAL,PWROTHUSACA01,2022,0.008
GLOBAL,PWROTHUSACA01,2023,0.008
GLOBAL,PWROTHUSACA01,2024,0.008
GLOBAL,PWROTHUSACA01,2025,0.008
GLOBAL,PWROTHUSACA01,2026,0.008
GLOBAL,PWROTHUSACA01,2027,0.008
GLOBAL,PWROTHUSACA01,2028,0.008
GLOBAL,PWROTHUSACA01,2029,0.0
GLOBAL,PWROTHUSACA01,2030,0.0
GLOBAL,PWROTHUSACA01,2031,0.0
GLOBAL,PWROTHUSACA01,2032,0.0
GLOBAL,PWROTHUSACA01,2033,0.0
GLOBAL,PWROTHUSACA01,2034,0.0
GLOBAL,PWROTHUSACA01,2035,0.0
GLOBAL,PWROTHUSACA01,2036,0.0
GLOBAL,PWROTHUSACA01,2037,0.0
GLOBAL,PWROTHUSACA01,2038,0.0
GLOBAL,PWROTHUSACA01,2039,0.0
GLOBAL,PWROTHUSACA01,2040,0.0
GLOBAL,PWROTHUSACA01,2041,0.0
GLOBAL,PWROTHUSACA01,2042,0.0
GLOBAL,PWROTHUSACA01,2043,0.0
GLOBAL,PWROTHUSACA01,2044,0.0
GLOBAL,PWROTHUSACA01,2045,0.0
GLOBAL,PWROTHUSACA01,2046,0.0
GLOBAL,PWROTHUSACA01,2047,0.0
GLOBAL,PWROTHUSACA01,2048,0.0
GLOBAL,PWROTHUSACA01,2049,0.0
GLOBAL,PWROTHUSACA01,2050,0.0
GLOBAL,PWRPETUSACA01,2021,0.027
GLOBAL,PWRPETUSACA01,2022,0.027
GLOBAL,PWRPETUSACA01,2023,0.027
GLOBAL,PWRPETUSACA01,2024,0.027
GLOBAL,PWRPETUSACA01,2025,0.027
GLOBAL,PWRPETUSACA01,2026,0.027
GLOBAL,PWRPETUSACA01,2027,0.027
GLOBAL,PWRPETUSACA01,2028,0.027
GLOBAL,PWRPETUSACA01,2029,0.027
GLOBAL,PWRPETUSACA01,2030,0.027
GLOBAL,PWRPETUSACA01,2031,0.027
GLOBAL,PWRPETUSACA01,2032,0.027
GLOBAL,PWRPETUSACA01,2033,0.027
GLOBAL,PWRPETUSACA01,2034,0.0
GLOBAL,PWRPETUSACA01,2035,0.0
GLOBAL,PWRPETUSACA01,2036,0.0
GLOBAL,PWRPETUSACA01,2037,0.0
GLOBAL,PWRPETUSACA01,2038,0.0
GLOBAL,PWRPETUSACA01,2039,0.0
GLOBAL,PWRPETUSACA01,2040,0.0
GLOBAL,PWRPETUSACA01,2041,0.0
GLOBAL,PWRPETUSACA01,2042,0.0
GLOBAL,PWRPETUSACA01,2043,0.0
GLOBAL,PWRPETUSACA01,2044,0.0
GLOBAL,PWRPETUSACA01,2045,0.0
GLOBAL,PWRPETUSACA01,2046,0.0
GLOBAL,PWRPETUSACA01,2047,0.0
GLOBAL,PWRPETUSACA01,2048,0.0
GLOBAL,PWRPETUSACA01,2049,0.0
GLOBAL,PWRPETUSACA01,2050,0.0
GLOBAL,PWRSPVUSACA01,2021,12.4811
GLOBAL,PWRSPVUSACA01,2022,12.4811
GLOBAL,PWRSPVUSACA01,2023,12.4811
GLOBAL,PWRSPVUSACA01,2024,12.4811
GLOBAL,PWRSPVUSACA01,2025,12.4811
GLOBAL,PWRSPVUSACA01,2026,12.4811
GLOBAL,PWRSPVUSACA01,2027,12.4811
GLOBAL,PWRSPVUSACA01,2028,12.4811
GLOBAL,PWRSPVUSACA01,2029,12.4811
GLOBAL,PWRSPVUSACA01,2030,12.4811
GLOBAL,PWRSPVUSACA01,2031,12.4811
GLOBAL,PWRSPVUSACA01,2032,12.4811
GLOBAL,PWRSPVUSACA01,2033,12.4811
GLOBAL,PWRSPVUSACA01,2034,12.4811
GLOBAL,PWRSPVUSACA01,2035,12.4791
GLOBAL,PWRSPVUSACA01,2036,12.4781
GLOBAL,PWRSPVUSACA01,2037,12.4771
GLOBAL,PWRSPVUSACA01,2038,12.4731
GLOBAL,PWRSPVUSACA01,2039,12.4661
GLOBAL,PWRSPVUSACA01,2040,12.4561
GLOBAL,PWRSPVUSACA01,2041,12.4091
GLOBAL,PWRSPVUSACA01,2042,12.2831
GLOBAL,PWRSPVUSACA01,2043,12.0571
GLOBAL,PWRSPVUSACA01,2044,10.9871
GLOBAL,PWRSPVUSACA01,2045,4.663
GLOBAL,PWRSPVUSACA01,2046,3.488
GLOBAL,PWRSPVUSACA01,2047,1.614
GLOBAL,PWRSPVUSACA01,2048,0.309
GLOBAL,PWRSPVUSACA01,2049,0.0
GLOBAL,PWRSPVUSACA01,2050,0.0
GLOBAL,PWRURNUSACA01,2021,2.324
GLOBAL,PWRURNUSACA01,2022,2.324
GLOBAL,PWRURNUSACA01,2023,2.324
GLOBAL,PWRURNUSACA01,2024,2.324
GLOBAL,PWRURNUSACA01,2025,2.324
GLOBAL,PWRURNUSACA01,2026,2.324
GLOBAL,PWRURNUSACA01,2027,2.324
GLOBAL,PWRURNUSACA01,2028,2.324
GLOBAL,PWRURNUSACA01,2029,2.324
GLOBAL,PWRURNUSACA01,2030,2.324
GLOBAL,PWRURNUSACA01,2031,2.324
GLOBAL,PWRURNUSACA01,2032,2.324
GLOBAL,PWRURNUSACA01,2033,2.324
GLOBAL,PWRURNUSACA01,2034,2.324
GLOBAL,PWRURNUSACA01,2035,2.324
GLOBAL,PWRURNUSACA01,2036,2.324
GLOBAL,PWRURNUSACA01,2037,2.324
GLOBAL,PWRURNUSACA01,2038,2.324
GLOBAL,PWRURNUSACA01,2039,2.324
GLOBAL,PWRURNUSACA01,2040,2.324
GLOBAL,PWRURNUSACA01,2041,2.324
GLOBAL,PWRURNUSACA01,2042,2.324
GLOBAL,PWRURNUSACA01,2043,2.324
GLOBAL,PWRURNUSACA01,2044,2.324
GLOBAL,PWRURNUSACA01,2045,2.324
GLOBAL,PWRURNUSACA01,2046,2.324
GLOBAL,PWRURNUSACA01,2047,0.0
GLOBAL,PWRURNUSACA01,2048,0.0
GLOBAL,PWRURNUSACA01,2049,0.0
GLOBAL,PWRURNUSACA01,2050,0.0
GLOBAL,PWRWASUSACA01,2021,1.152
GLOBAL,PWRWASUSACA01,2022,1.095
GLOBAL,PWRWASUSACA01,2023,1.092
GLOBAL,PWRWASUSACA01,2024,1.089
GLOBAL,PWRWASUSACA01,2025,1.089
GLOBAL,PWRWASUSACA01,2026,1.089
GLOBAL,PWRWASUSACA01,2027,1.074
GLOBAL,PWRWASUSACA01,2028,1.066
GLOBAL,PWRWASUSACA01,2029,1.031
GLOBAL,PWRWASUSACA01,2030,1.018
GLOBAL,PWRWASUSACA01,2031,1.006
GLOBAL,PWRWASUSACA01,2032,0.998
GLOBAL,PWRWASUSACA01,2033,0.998
GLOBAL,PWRWASUSACA01,2034,0.287
GLOBAL,PWRWASUSACA01,2035,0.266
GLOBAL,PWRWASUSACA01,2036,0.266
GLOBAL,PWRWASUSACA01,2037,0.263
GLOBAL,PWRWASUSACA01,2038,0.258
GLOBAL,PWRWASUSACA01,2039,0.226
GLOBAL,PWRWASUSACA01,2040,0.207
GLOBAL,PWRWASUSACA01,2041,0.178
GLOBAL,PWRWASUSACA01,2042,0.174
GLOBAL,PWRWASUSACA01,2043,0.137
GLOBAL,PWRWASUSACA01,2044,0.105
GLOBAL,PWRWASUSACA01,2045,0.07
GLOBAL,PWRWASUSACA01,2046,0.04
GLOBAL,PWRWASUSACA01,2047,0.008
GLOBAL,PWRWASUSACA01,2048,0.0
GLOBAL,PWRWASUSACA01,2049,0.0
GLOBAL,PWRWASUSACA01,2050,0.0
GLOBAL,PWRWONUSACA01,2021,5.7782
GLOBAL,PWRWONUSACA01,2022,5.6252
GLOBAL,PWRWONUSACA01,2023,5.6182
GLOBAL,PWRWONUSACA01,2024,5.6182
GLOBAL,PWRWONUSACA01,2025,5.5632
GLOBAL,PWRWONUSACA01,2026,5.5632
GLOBAL,PWRWONUSACA01,2027,5.5632
GLOBAL,PWRWONUSACA01,2028,5.5282
GLOBAL,PWRWONUSACA01,2029,5.5112
GLOBAL,PWRWONUSACA01,2030,5.4062
GLOBAL,PWRWONUSACA01,2031,5.4062
GLOBAL,PWRWONUSACA01,2032,5.3392
GLOBAL,PWRWONUSACA01,2033,5.2362
GLOBAL,PWRWONUSACA01,2034,4.4852
GLOBAL,PWRWONUSACA01,2035,4.4582
GLOBAL,PWRWONUSACA01,2036,4.3692
GLOBAL,PWRWONUSACA01,2037,4.1692
GLOBAL,PWRWONUSACA01,2038,4.1312
GLOBAL,PWRWONUSACA01,2039,4.0662
GLOBAL,PWRWONUSACA01,2040,3.382
GLOBAL,PWRWONUSACA01,2041,3.344
GLOBAL,PWRWONUSACA01,2042,2.519
GLOBAL,PWRWONUSACA01,2043,1.184
GLOBAL,PWRWONUSACA01,2044,0.712
GLOBAL,PWRWONUSACA01,2045,0.477
GLOBAL,PWRWONUSACA01,2046,0.279
GLOBAL,PWRWONUSACA01,2047,0.193
GLOBAL,PWRWONUSACA01,2048,0.145
GLOBAL,PWRWONUSACA01,2049,0.0
GLOBAL,PWRWONUSACA01,2050,0.0
GLOBAL,PWRBIOUSAER01,2021,0.012
GLOBAL,PWRBIOUSAER01,2022,0.012
GLOBAL,PWRBIOUSAER01,2023,0.012
GLOBAL,PWRBIOUSAER01,2024,0.012
GLOBAL,PWRBIOUSAER01,2025,0.012
GLOBAL,PWRBIOUSAER01,2026,0.012
GLOBAL,PWRBIOUSAER01,2027,0.012
GLOBAL,PWRBIOUSAER01,2028,0.012
GLOBAL,PWRBIOUSAER01,2029,0.012
GLOBAL,PWRBIOUSAER01,2030,0.012
GLOBAL,PWRBIOUSAER01,2031,0.0
GLOBAL,PWRBIOUSAER01,2032,0.0
GLOBAL,PWRBIOUSAER01,2033,0.0
GLOBAL,PWRBIOUSAER01,2034,0.0
GLOBAL,PWRBIOUSAER01,2035,0.0
GLOBAL,PWRBIOUSAER01,2036,0.0
GLOBAL,PWRBIOUSAER01,2037,0.0
GLOBAL,PWRBIOUSAER01,2038,0.0
GLOBAL,PWRBIOUSAER01,2039,0.0
GLOBAL,PWRBIOUSAER01,2040,0.0
GLOBAL,PWRBIOUSAER01,2041,0.0
GLOBAL,PWRBIOUSAER01,2042,0.0
GLOBAL,PWRBIOUSAER01,2043,0.0
GLOBAL,PWRBIOUSAER01,2044,0.0
GLOBAL,PWRBIOUSAER01,2045,0.0
GLOBAL,PWRBIOUSAER01,2046,0.0
GLOBAL,PWRBIOUSAER01,2047,0.0
GLOBAL,PWRBIOUSAER01,2048,0.0
GLOBAL,PWRBIOUSAER01,2049,0.0
GLOBAL,PWRBIOUSAER01,2050,0.0
GLOBAL,PWRCCGUSAER00,2021,52.542
GLOBAL,PWRCCGUSAER00,2022,52.389
GLOBAL,PWRCCGUSAER00,2023,51.659
GLOBAL,PWRCCGUSAER00,2024,51.659
GLOBAL,PWRCCGUSAER00,2025,50.638
GLOBAL,PWRCCGUSAER00,2026,49.772
GLOBAL,PWRCCGUSAER00,2027,49.489
GLOBAL,PWRCCGUSAER00,2028,49.489
GLOBAL,PWRCCGUSAER00,2029,40.673
GLOBAL,PWRCCGUSAER00,2030,39.124
GLOBAL,PWRCCGUSAER00,2031,33.627
GLOBAL,PWRCCGUSAER00,2032,31.629
GLOBAL,PWRCCGUSAER00,2033,26.234
GLOBAL,PWRCCGUSAER00,2034,13.748
GLOBAL,PWRCCGUSAER00,2035,10.572
GLOBAL,PWRCCGUSAER00,2036,8.381
GLOBAL,PWRCCGUSAER00,2037,7.831
GLOBAL,PWRCCGUSAER00,2038,7.259
GLOBAL,PWRCCGUSAER00,2039,6.995
GLOBAL,PWRCCGUSAER00,2040,5.179
GLOBAL,PWRCCGUSAER00,2041,4.735
GLOBAL,PWRCCGUSAER00,2042,4.735
GLOBAL,PWRCCGUSAER00,2043,4.425
GLOBAL,PWRCCGUSAER00,2044,4.425
GLOBAL,PWRCCGUSAER00,2045,3.047
GLOBAL,PWRCCGUSAER00,2046,2.688
GLOBAL,PWRCCGUSAER00,2047,2.688
GLOBAL,PWRCCGUSAER00,2048,0.0
GLOBAL,PWRCCGUSAER00,2049,0.0
GLOBAL,PWRCCGUSAER00,2050,0.0
GLOBAL,PWRCOAUSAER01,2021,13.868
GLOBAL,PWRCOAUSAER01,2022,13.868
GLOBAL,PWRCOAUSAER01,2023,13.868
GLOBAL,PWRCOAUSAER01,2024,13.868
GLOBAL,PWRCOAUSAER01,2025,13.868
GLOBAL,PWRCOAUSAER01,2026,13.868
GLOBAL,PWRCOAUSAER01,2027,13.868
GLOBAL,PWRCOAUSAER01,2028,12.02
GLOBAL,PWRCOAUSAER01,2029,6.828
GLOBAL,PWRCOAUSAER01,2030,6.828
GLOBAL,PWRCOAUSAER01,2031,6.828
GLOBAL,PWRCOAUSAER01,2032,6.828
GLOBAL,PWRCOAUSAER01,2033,6.828
GLOBAL,PWRCOAUSAER01,2034,1.008
GLOBAL,PWRCOAUSAER01,2035,1.008
GLOBAL,PWRCOAUSAER01,2036,1.008
GLOBAL,PWRCOAUSAER01,2037,1.008
GLOBAL,PWRCOAUSAER01,2038,1.008
GLOBAL,PWRCOAUSAER01,2039,1.008
GLOBAL,PWRCOAUSAER01,2040,1.008
GLOBAL,PWRCOAUSAER01,2041,1.008
GLOBAL,PWRCOAUSAER01,2042,1.008
GLOBAL,PWRCOAUSAER01,2043,1.008
GLOBAL,PWRCOAUSAER01,2044,0.0
GLOBAL,PWRCOAUSAER01,2045,0.0
GLOBAL,PWRCOAUSAER01,2046,0.0
GLOBAL,PWRCOAUSAER01,2047,0.0
GLOBAL,PWRCOAUSAER01,2048,0.0
GLOBAL,PWRCOAUSAER01,2049,0.0
GLOBAL,PWRCOAUSAER01,2050,0.0
GLOBAL,PWRCOGUSAER01,2021,0.062
GLOBAL,PWRCOGUSAER01,2022,0.062
GLOBAL,PWRCOGUSAER01,2023,0.062
GLOBAL,PWRCOGUSAER01,2024,0.062
GLOBAL,PWRCOGUSAER01,2025,0.023
GLOBAL,PWRCOGUSAER01,2026,0.023
GLOBAL,PWRCOGUSAER01,2027,0.023
GLOBAL,PWRCOGUSAER01,2028,0.023
GLOBAL,PWRCOGUSAER01,2029,0.015
GLOBAL,PWRCOGUSAER01,2030,0.015
GLOBAL,PWRCOGUSAER01,2031,0.015
GLOBAL,PWRCOGUSAER01,2032,0.015
GLOBAL,PWRCOGUSAER01,2033,0.015
GLOBAL,PWRCOGUSAER01,2034,0.015
GLOBAL,PWRCOGUSAER01,2035,0.015
GLOBAL,PWRCOGUSAER01,2036,0.015
GLOBAL,PWRCOGUSAER01,2037,0.015
GLOBAL,PWRCOGUSAER01,2038,0.015
GLOBAL,PWRCOGUSAER01,2039,0.015
GLOBAL,PWRCOGUSAER01,2040,0.015
GLOBAL,PWRCOGUSAER01,2041,0.015
GLOBAL,PWRCOGUSAER01,2042,0.015
GLOBAL,PWRCOGUSAER01,2043,0.015
GLOBAL,PWRCOGUSAER01,2044,0.015
GLOBAL,PWRCOGUSAER01,2045,0.015
GLOBAL,PWRCOGUSAER01,2046,0.0
GLOBAL,PWRCOGUSAER01,2047,0.0
GLOBAL,PWRCOGUSAER01,2048,0.0
GLOBAL,PWRCOGUSAER01,2049,0.0
GLOBAL,PWRCOGUSAER01,2050,0.0
GLOBAL,PWRHYDUSAER01,2021,0.569
GLOBAL,PWRHYDUSAER01,2022,0.569
GLOBAL,PWRHYDUSAER01,2023,0.569
GLOBAL,PWRHYDUSAER01,2024,0.569
GLOBAL,PWRHYDUSAER01,2025,0.569
GLOBAL,PWRHYDUSAER01,2026,0.569
GLOBAL,PWRHYDUSAER01,2027,0.569
GLOBAL,PWRHYDUSAER01,2028,0.56
GLOBAL,PWRHYDUSAER01,2029,0.56
GLOBAL,PWRHYDUSAER01,2030,0.56
GLOBAL,PWRHYDUSAER01,2031,0.56
GLOBAL,PWRHYDUSAER01,2032,0.556
GLOBAL,PWRHYDUSAER01,2033,0.544
GLOBAL,PWRHYDUSAER01,2034,0.544
GLOBAL,PWRHYDUSAER01,2035,0.544
GLOBAL,PWRHYDUSAER01,2036,0.544
GLOBAL,PWRHYDUSAER01,2037,0.544
GLOBAL,PWRHYDUSAER01,2038,0.544
GLOBAL,PWRHYDUSAER01,2039,0.529
GLOBAL,PWRHYDUSAER01,2040,0.529
GLOBAL,PWRHYDUSAER01,2041,0.511
GLOBAL,PWRHYDUSAER01,2042,0.403
GLOBAL,PWRHYDUSAER01,2043,0.348
GLOBAL,PWRHYDUSAER01,2044,0.348
GLOBAL,PWRHYDUSAER01,2045,0.348
GLOBAL,PWRHYDUSAER01,2046,0.348
GLOBAL,PWRHYDUSAER01,2047,0.348
GLOBAL,PWRHYDUSAER01,2048,0.246
GLOBAL,PWRHYDUSAER01,2049,0.246
GLOBAL,PWRHYDUSAER01,2050,0.246
GLOBAL,PWROCGUSAER00,2021,1.399
GLOBAL,PWROCGUSAER00,2022,1.399
GLOBAL,PWROCGUSAER00,2023,1.397
GLOBAL,PWROCGUSAER00,2024,1.397
GLOBAL,PWROCGUSAER00,2025,1.397
GLOBAL,PWROCGUSAER00,2026,1.397
GLOBAL,PWROCGUSAER00,2027,1.397
GLOBAL,PWROCGUSAER00,2028,1.397
GLOBAL,PWROCGUSAER00,2029,1.172
GLOBAL,PWROCGUSAER00,2030,1.027
GLOBAL,PWROCGUSAER00,2031,1.027
GLOBAL,PWROCGUSAER00,2032,1.027
GLOBAL,PWROCGUSAER00,2033,1.027
GLOBAL,PWROCGUSAER00,2034,0.423
GLOBAL,PWROCGUSAER00,2035,0.423
GLOBAL,PWROCGUSAER00,2036,0.413
GLOBAL,PWROCGUSAER00,2037,0.407
GLOBAL,PWROCGUSAER00,2038,0.407
GLOBAL,PWROCGUSAER00,2039,0.407
GLOBAL,PWROCGUSAER00,2040,0.407
GLOBAL,PWROCGUSAER00,2041,0.354
GLOBAL,PWROCGUSAER00,2042,0.354
GLOBAL,PWROCGUSAER00,2043,0.354
GLOBAL,PWROCGUSAER00,2044,0.251
GLOBAL,PWROCGUSAER00,2045,0.251
GLOBAL,PWROCGUSAER00,2046,0.251
GLOBAL,PWROCGUSAER00,2047,0.2
GLOBAL,PWROCGUSAER00,2048,0.0
GLOBAL,PWROCGUSAER00,2049,0.0
GLOBAL,PWROCGUSAER00,2050,0.0
GLOBAL,PWROILUSAER01,2021,0.017
GLOBAL,PWROILUSAER01,2022,0.017
GLOBAL,PWROILUSAER01,2023,0.017
GLOBAL,PWROILUSAER01,2024,0.017
GLOBAL,PWROILUSAER01,2025,0.017
GLOBAL,PWROILUSAER01,2026,0.017
GLOBAL,PWROILUSAER01,2027,0.017
GLOBAL,PWROILUSAER01,2028,0.017
GLOBAL,PWROILUSAER01,2029,0.0
GLOBAL,PWROILUSAER01,2030,0.0
GLOBAL,PWROILUSAER01,2031,0.0
GLOBAL,PWROILUSAER01,2032,0.0
GLOBAL,PWROILUSAER01,2033,0.0
GLOBAL,PWROILUSAER01,2034,0.0
GLOBAL,PWROILUSAER01,2035,0.0
GLOBAL,PWROILUSAER01,2036,0.0
GLOBAL,PWROILUSAER01,2037,0.0
GLOBAL,PWROILUSAER01,2038,0.0
GLOBAL,PWROILUSAER01,2039,0.0
GLOBAL,PWROILUSAER01,2040,0.0
GLOBAL,PWROILUSAER01,2041,0.0
GLOBAL,PWROILUSAER01,2042,0.0
GLOBAL,PWROILUSAER01,2043,0.0
GLOBAL,PWROILUSAER01,2044,0.0
GLOBAL,PWROILUSAER01,2045,0.0
GLOBAL,PWROILUSAER01,2046,0.0
GLOBAL,PWROILUSAER01,2047,0.0
GLOBAL,PWROILUSAER01,2048,0.0
GLOBAL,PWROILUSAER01,2049,0.0
GLOBAL,PWROILUSAER01,2050,0.0
GLOBAL,PWROTHUSAER01,2021,0.045
GLOBAL,PWROTHUSAER01,2022,0.045
GLOBAL,PWROTHUSAER01,2023,0.045
GLOBAL,PWROTHUSAER01,2024,0.045
GLOBAL,PWROTHUSAER01,2025,0.045
GLOBAL,PWROTHUSAER01,2026,0.045
GLOBAL,PWROTHUSAER01,2027,0.0
GLOBAL,PWROTHUSAER01,2028,0.0
GLOBAL,PWROTHUSAER01,2029,0.0
GLOBAL,PWROTHUSAER01,2030,0.0
GLOBAL,PWROTHUSAER01,2031,0.0
GLOBAL,PWROTHUSAER01,2032,0.0
GLOBAL,PWROTHUSAER01,2033,0.0
GLOBAL,PWROTHUSAER01,2034,0.0
GLOBAL,PWROTHUSAER01,2035,0.0
GLOBAL,PWROTHUSAER01,2036,0.0
GLOBAL,PWROTHUSAER01,2037,0.0
GLOBAL,PWROTHUSAER01,2038,0.0
GLOBAL,PWROTHUSAER01,2039,0.0
GLOBAL,PWROTHUSAER01,2040,0.0
GLOBAL,PWROTHUSAER01,2041,0.0
GLOBAL,PWROTHUSAER01,2042,0.0
GLOBAL,PWROTHUSAER01,2043,0.0
GLOBAL,PWROTHUSAER01,2044,0.0
GLOBAL,PWROTHUSAER01,2045,0.0
GLOBAL,PWROTHUSAER01,2046,0.0
GLOBAL,PWROTHUSAER01,2047,0.0
GLOBAL,PWROTHUSAER01,2048,0.0
GLOBAL,PWROTHUSAER01,2049,0.0
GLOBAL,PWROTHUSAER01,2050,0.0
GLOBAL,PWRPETUSAER01,2021,0.082
GLOBAL,PWRPETUSAER01,2022,0.082
GLOBAL,PWRPETUSAER01,2023,0.082
GLOBAL,PWRPETUSAER01,2024,0.082
GLOBAL,PWRPETUSAER01,2025,0.082
GLOBAL,PWRPETUSAER01,2026,0.082
GLOBAL,PWRPETUSAER01,2027,0.082
GLOBAL,PWRPETUSAER01,2028,0.082
GLOBAL,PWRPETUSAER01,2029,0.082
GLOBAL,PWRPETUSAER01,2030,0.082
GLOBAL,PWRPETUSAER01,2031,0.082
GLOBAL,PWRPETUSAER01,2032,0.082
GLOBAL,PWRPETUSAER01,2033,0.082
GLOBAL,PWRPETUSAER01,2034,0.0
GLOBAL,PWRPETUSAER01,2035,0.0
GLOBAL,PWRPETUSAER01,2036,0.0
GLOBAL,PWRPETUSAER01,2037,0.0
GLOBAL,PWRPETUSAER01,2038,0.0
GLOBAL,PWRPETUSAER01,2039,0.0
GLOBAL,PWRPETUSAER01,2040,0.0
GLOBAL,PWRPETUSAER01,2041,0.0
GLOBAL,PWRPETUSAER01,2042,0.0
GLOBAL,PWRPETUSAER01,2043,0.0
GLOBAL,PWRPETUSAER01,2044,0.0
GLOBAL,PWRPETUSAER01,2045,0.0
GLOBAL,PWRPETUSAER01,2046,0.0
GLOBAL,PWRPETUSAER01,2047,0.0
GLOBAL,PWRPETUSAER01,2048,0.0
GLOBAL,PWRPETUSAER01,2049,0.0
GLOBAL,PWRPETUSAER01,2050,0.0
GLOBAL,PWRSPVUSAER01,2021,1.4162
GLOBAL,PWRSPVUSAER01,2022,1.4162
GLOBAL,PWRSPVUSAER01,2023,1.4162
GLOBAL,PWRSPVUSAER01,2024,1.4162
GLOBAL,PWRSPVUSAER01,2025,1.4162
GLOBAL,PWRSPVUSAER01,2026,1.4162
GLOBAL,PWRSPVUSAER01,2027,1.4162
GLOBAL,PWRSPVUSAER01,2028,1.4162
GLOBAL,PWRSPVUSAER01,2029,1.4162
GLOBAL,PWRSPVUSAER01,2030,1.4162
GLOBAL,PWRSPVUSAER01,2031,1.4162
GLOBAL,PWRSPVUSAER01,2032,1.4162
GLOBAL,PWRSPVUSAER01,2033,1.4162
GLOBAL,PWRSPVUSAER01,2034,1.4162
GLOBAL,PWRSPVUSAER01,2035,1.4162
GLOBAL,PWRSPVUSAER01,2036,1.4162
GLOBAL,PWRSPVUSAER01,2037,1.4162
GLOBAL,PWRSPVUSAER01,2038,1.4162
GLOBAL,PWRSPVUSAER01,2039,1.4162
GLOBAL,PWRSPVUSAER01,2040,1.4162
GLOBAL,PWRSPVUSAER01,2041,1.4022
GLOBAL,PWRSPVUSAER01,2042,1.4022
GLOBAL,PWRSPVUSAER01,2043,1.3402
GLOBAL,PWRSPVUSAER01,2044,1.3402
GLOBAL,PWRSPVUSAER01,2045,1.054
GLOBAL,PWRSPVUSAER01,2046,1.016
GLOBAL,PWRSPVUSAER01,2047,0.653
GLOBAL,PWRSPVUSAER01,2048,0.196
GLOBAL,PWRSPVUSAER01,2049,0.0
GLOBAL,PWRSPVUSAER01,2050,0.0
GLOBAL,PWRURNUSAER01,2021,5.14
GLOBAL,PWRURNUSAER01,2022,5.14
GLOBAL,PWRURNUSAER01,2023,5.14
GLOBAL,PWRURNUSAER01,2024,5.14
GLOBAL,PWRURNUSAER01,2025,5.14
GLOBAL,PWRURNUSAER01,2026,5.14
GLOBAL,PWRURNUSAER01,2027,5.14
GLOBAL,PWRURNUSAER01,2028,5.14
GLOBAL,PWRURNUSAER01,2029,5.14
GLOBAL,PWRURNUSAER01,2030,5.14
GLOBAL,PWRURNUSAER01,2031,5.14
GLOBAL,PWRURNUSAER01,2032,5.14
GLOBAL,PWRURNUSAER01,2033,5.14
GLOBAL,PWRURNUSAER01,2034,5.14
GLOBAL,PWRURNUSAER01,2035,5.14
GLOBAL,PWRURNUSAER01,2036,5.14
GLOBAL,PWRURNUSAER01,2037,5.14
GLOBAL,PWRURNUSAER01,2038,5.14
GLOBAL,PWRURNUSAER01,2039,5.14
GLOBAL,PWRURNUSAER01,2040,5.14
GLOBAL,PWRURNUSAER01,2041,5.14
GLOBAL,PWRURNUSAER01,2042,5.14
GLOBAL,PWRURNUSAER01,2043,5.14
GLOBAL,PWRURNUSAER01,2044,5.14
GLOBAL,PWRURNUSAER01,2045,5.14
GLOBAL,PWRURNUSAER01,2046,5.14
GLOBAL,PWRURNUSAER01,2047,5.14
GLOBAL,PWRURNUSAER01,2048,5.14
GLOBAL,PWRURNUSAER01,2049,5.14
GLOBAL,PWRURNUSAER01,2050,2.43
GLOBAL,PWRWASUSAER01,2021,0.211
GLOBAL,PWRWASUSAER01,2022,0.211
GLOBAL,PWRWASUSAER01,2023,0.211
GLOBAL,PWRWASUSAER01,2024,0.211
GLOBAL,PWRWASUSAER01,2025,0.211
GLOBAL,PWRWASUSAER01,2026,0.211
GLOBAL,PWRWASUSAER01,2027,0.211
GLOBAL,PWRWASUSAER01,2028,0.211
GLOBAL,PWRWASUSAER01,2029,0.211
GLOBAL,PWRWASUSAER01,2030,0.199
GLOBAL,PWRWASUSAER01,2031,0.174
GLOBAL,PWRWASUSAER01,2032,0.174
GLOBAL,PWRWASUSAER01,2033,0.174
GLOBAL,PWRWASUSAER01,2034,0.167
GLOBAL,PWRWASUSAER01,2035,0.167
GLOBAL,PWRWASUSAER01,2036,0.147
GLOBAL,PWRWASUSAER01,2037,0.147
GLOBAL,PWRWASUSAER01,2038,0.135
GLOBAL,PWRWASUSAER01,2039,0.135
GLOBAL,PWRWASUSAER01,2040,0.133
GLOBAL,PWRWASUSAER01,2041,0.128
GLOBAL,PWRWASUSAER01,2042,0.118
GLOBAL,PWRWASUSAER01,2043,0.004
GLOBAL,PWRWASUSAER01,2044,0.004
GLOBAL,PWRWASUSAER01,2045,0.0
GLOBAL,PWRWASUSAER01,2046,0.0
GLOBAL,PWRWASUSAER01,2047,0.0
GLOBAL,PWRWASUSAER01,2048,0.0
GLOBAL,PWRWASUSAER01,2049,0.0
GLOBAL,PWRWASUSAER01,2050,0.0
GLOBAL,PWRWONUSAER01,2021,17.2842
GLOBAL,PWRWONUSAER01,2022,17.2842
GLOBAL,PWRWONUSAER01,2023,17.2842
GLOBAL,PWRWONUSAER01,2024,17.2842
GLOBAL,PWRWONUSAER01,2025,17.2842
GLOBAL,PWRWONUSAER01,2026,17.2842
GLOBAL,PWRWONUSAER01,2027,17.2842
GLOBAL,PWRWONUSAER01,2028,17.2842
GLOBAL,PWRWONUSAER01,2029,17.2842
GLOBAL,PWRWONUSAER01,2030,17.1752
GLOBAL,PWRWONUSAER01,2031,17.1752
GLOBAL,PWRWONUSAER01,2032,16.5042
GLOBAL,PWRWONUSAER01,2033,16.3432
GLOBAL,PWRWONUSAER01,2034,16.3432
GLOBAL,PWRWONUSAER01,2035,16.1452
GLOBAL,PWRWONUSAER01,2036,15.9322
GLOBAL,PWRWONUSAER01,2037,14.8562
GLOBAL,PWRWONUSAER01,2038,13.1742
GLOBAL,PWRWONUSAER01,2039,11.0292
GLOBAL,PWRWONUSAER01,2040,8.552
GLOBAL,PWRWONUSAER01,2041,8.012
GLOBAL,PWRWONUSAER01,2042,7.517
GLOBAL,PWRWONUSAER01,2043,7.08
GLOBAL,PWRWONUSAER01,2044,6.021
GLOBAL,PWRWONUSAER01,2045,5.803
GLOBAL,PWRWONUSAER01,2046,4.187
GLOBAL,PWRWONUSAER01,2047,2.143
GLOBAL,PWRWONUSAER01,2048,0.629
GLOBAL,PWRWONUSAER01,2049,0.0
GLOBAL,PWRWONUSAER01,2050,0.0
GLOBAL,PWRBIOUSAFR01,2021,0.39
GLOBAL,PWRBIOUSAFR01,2022,0.39
GLOBAL,PWRBIOUSAFR01,2023,0.39
GLOBAL,PWRBIOUSAFR01,2024,0.39
GLOBAL,PWRBIOUSAFR01,2025,0.39
GLOBAL,PWRBIOUSAFR01,2026,0.39
GLOBAL,PWRBIOUSAFR01,2027,0.39
GLOBAL,PWRBIOUSAFR01,2028,0.39
GLOBAL,PWRBIOUSAFR01,2029,0.31
GLOBAL,PWRBIOUSAFR01,2030,0.31
GLOBAL,PWRBIOUSAFR01,2031,0.31
GLOBAL,PWRBIOUSAFR01,2032,0.31
GLOBAL,PWRBIOUSAFR01,2033,0.31
GLOBAL,PWRBIOUSAFR01,2034,0.016
GLOBAL,PWRBIOUSAFR01,2035,0.016
GLOBAL,PWRBIOUSAFR01,2036,0.016
GLOBAL,PWRBIOUSAFR01,2037,0.016
GLOBAL,PWRBIOUSAFR01,2038,0.016
GLOBAL,PWRBIOUSAFR01,2039,0.016
GLOBAL,PWRBIOUSAFR01,2040,0.016
GLOBAL,PWRBIOUSAFR01,2041,0.016
GLOBAL,PWRBIOUSAFR01,2042,0.016
GLOBAL,PWRBIOUSAFR01,2043,0.016
GLOBAL,PWRBIOUSAFR01,2044,0.016
GLOBAL,PWRBIOUSAFR01,2045,0.0
GLOBAL,PWRBIOUSAFR01,2046,0.0
GLOBAL,PWRBIOUSAFR01,2047,0.0
GLOBAL,PWRBIOUSAFR01,2048,0.0
GLOBAL,PWRBIOUSAFR01,2049,0.0
GLOBAL,PWRBIOUSAFR01,2050,0.0
GLOBAL,PWRCCGUSAFR00,2021,41.884
GLOBAL,PWRCCGUSAFR00,2022,34.188
GLOBAL,PWRCCGUSAFR00,2023,34.188
GLOBAL,PWRCCGUSAFR00,2024,31.752
GLOBAL,PWRCCGUSAFR00,2025,31.282
GLOBAL,PWRCCGUSAFR00,2026,28.464
GLOBAL,PWRCCGUSAFR00,2027,28.464
GLOBAL,PWRCCGUSAFR00,2028,28.186
GLOBAL,PWRCCGUSAFR00,2029,26.025
GLOBAL,PWRCCGUSAFR00,2030,26.025
GLOBAL,PWRCCGUSAFR00,2031,23.769
GLOBAL,PWRCCGUSAFR00,2032,23.769
GLOBAL,PWRCCGUSAFR00,2033,21.115
GLOBAL,PWRCCGUSAFR00,2034,15.406
GLOBAL,PWRCCGUSAFR00,2035,10.867
GLOBAL,PWRCCGUSAFR00,2036,10.497
GLOBAL,PWRCCGUSAFR00,2037,9.005
GLOBAL,PWRCCGUSAFR00,2038,9.005
GLOBAL,PWRCCGUSAFR00,2039,8.593
GLOBAL,PWRCCGUSAFR00,2040,8.593
GLOBAL,PWRCCGUSAFR00,2041,4.325
GLOBAL,PWRCCGUSAFR00,2042,3.944
GLOBAL,PWRCCGUSAFR00,2043,3.944
GLOBAL,PWRCCGUSAFR00,2044,2.648
GLOBAL,PWRCCGUSAFR00,2045,1.352
GLOBAL,PWRCCGUSAFR00,2046,1.352
GLOBAL,PWRCCGUSAFR00,2047,0.0
GLOBAL,PWRCCGUSAFR00,2048,0.0
GLOBAL,PWRCCGUSAFR00,2049,0.0
GLOBAL,PWRCCGUSAFR00,2050,0.0
GLOBAL,PWRCOAUSAFR01,2021,10.706
GLOBAL,PWRCOAUSAFR01,2022,10.706
GLOBAL,PWRCOAUSAFR01,2023,10.706
GLOBAL,PWRCOAUSAFR01,2024,10.706
GLOBAL,PWRCOAUSAFR01,2025,10.706
GLOBAL,PWRCOAUSAFR01,2026,10.706
GLOBAL,PWRCOAUSAFR01,2027,9.05
GLOBAL,PWRCOAUSAFR01,2028,9.05
GLOBAL,PWRCOAUSAFR01,2029,7.645
GLOBAL,PWRCOAUSAFR01,2030,7.645
GLOBAL,PWRCOAUSAFR01,2031,7.645
GLOBAL,PWRCOAUSAFR01,2032,7.645
GLOBAL,PWRCOAUSAFR01,2033,7.645
GLOBAL,PWRCOAUSAFR01,2034,0.0
GLOBAL,PWRCOAUSAFR01,2035,0.0
GLOBAL,PWRCOAUSAFR01,2036,0.0
GLOBAL,PWRCOAUSAFR01,2037,0.0
GLOBAL,PWRCOAUSAFR01,2038,0.0
GLOBAL,PWRCOAUSAFR01,2039,0.0
GLOBAL,PWRCOAUSAFR01,2040,0.0
GLOBAL,PWRCOAUSAFR01,2041,0.0
GLOBAL,PWRCOAUSAFR01,2042,0.0
GLOBAL,PWRCOAUSAFR01,2043,0.0
GLOBAL,PWRCOAUSAFR01,2044,0.0
GLOBAL,PWRCOAUSAFR01,2045,0.0
GLOBAL,PWRCOAUSAFR01,2046,0.0
GLOBAL,PWRCOAUSAFR01,2047,0.0
GLOBAL,PWRCOAUSAFR01,2048,0.0
GLOBAL,PWRCOAUSAFR01,2049,0.0
GLOBAL,PWRCOAUSAFR01,2050,0.0
GLOBAL,PWRCOGUSAFR01,2021,0.383
GLOBAL,PWRCOGUSAFR01,2022,0.383
GLOBAL,PWRCOGUSAFR01,2023,0.247
GLOBAL,PWRCOGUSAFR01,2024,0.247
GLOBAL,PWRCOGUSAFR01,2025,0.169
GLOBAL,PWRCOGUSAFR01,2026,0.169
GLOBAL,PWRCOGUSAFR01,2027,0.169
GLOBAL,PWRCOGUSAFR01,2028,0.169
GLOBAL,PWRCOGUSAFR01,2029,0.169
GLOBAL,PWRCOGUSAFR01,2030,0.169
GLOBAL,PWRCOGUSAFR01,2031,0.169
GLOBAL,PWRCOGUSAFR01,2032,0.169
GLOBAL,PWRCOGUSAFR01,2033,0.169
GLOBAL,PWRCOGUSAFR01,2034,0.0
GLOBAL,PWRCOGUSAFR01,2035,0.0
GLOBAL,PWRCOGUSAFR01,2036,0.0
GLOBAL,PWRCOGUSAFR01,2037,0.0
GLOBAL,PWRCOGUSAFR01,2038,0.0
GLOBAL,PWRCOGUSAFR01,2039,0.0
GLOBAL,PWRCOGUSAFR01,2040,0.0
GLOBAL,PWRCOGUSAFR01,2041,0.0
GLOBAL,PWRCOGUSAFR01,2042,0.0
GLOBAL,PWRCOGUSAFR01,2043,0.0
GLOBAL,PWRCOGUSAFR01,2044,0.0
GLOBAL,PWRCOGUSAFR01,2045,0.0
GLOBAL,PWRCOGUSAFR01,2046,0.0
GLOBAL,PWRCOGUSAFR01,2047,0.0
GLOBAL,PWRCOGUSAFR01,2048,0.0
GLOBAL,PWRCOGUSAFR01,2049,0.0
GLOBAL,PWRCOGUSAFR01,2050,0.0
GLOBAL,PWRHYDUSAFR01,2021,0.056
GLOBAL,PWRHYDUSAFR01,2022,0.056
GLOBAL,PWRHYDUSAFR01,2023,0.056
GLOBAL,PWRHYDUSAFR01,2024,0.056
GLOBAL,PWRHYDUSAFR01,2025,0.056
GLOBAL,PWRHYDUSAFR01,2026,0.056
GLOBAL,PWRHYDUSAFR01,2027,0.056
GLOBAL,PWRHYDUSAFR01,2028,0.056
GLOBAL,PWRHYDUSAFR01,2029,0.056
GLOBAL,PWRHYDUSAFR01,2030,0.056
GLOBAL,PWRHYDUSAFR01,2031,0.056
GLOBAL,PWRHYDUSAFR01,2032,0.056
GLOBAL,PWRHYDUSAFR01,2033,0.056
GLOBAL,PWRHYDUSAFR01,2034,0.056
GLOBAL,PWRHYDUSAFR01,2035,0.056
GLOBAL,PWRHYDUSAFR01,2036,0.056
GLOBAL,PWRHYDUSAFR01,2037,0.056
GLOBAL,PWRHYDUSAFR01,2038,0.056
GLOBAL,PWRHYDUSAFR01,2039,0.056
GLOBAL,PWRHYDUSAFR01,2040,0.056
GLOBAL,PWRHYDUSAFR01,2041,0.056
GLOBAL,PWRHYDUSAFR01,2042,0.056
GLOBAL,PWRHYDUSAFR01,2043,0.056
GLOBAL,PWRHYDUSAFR01,2044,0.056
GLOBAL,PWRHYDUSAFR01,2045,0.056
GLOBAL,PWRHYDUSAFR01,2046,0.056
GLOBAL,PWRHYDUSAFR01,2047,0.056
GLOBAL,PWRHYDUSAFR01,2048,0.056
GLOBAL,PWRHYDUSAFR01,2049,0.056
GLOBAL,PWRHYDUSAFR01,2050,0.056
GLOBAL,PWROCGUSAFR00,2021,0.789
GLOBAL,PWROCGUSAFR00,2022,0.789
GLOBAL,PWROCGUSAFR00,2023,0.789
GLOBAL,PWROCGUSAFR00,2024,0.665
GLOBAL,PWROCGUSAFR00,2025,0.486
GLOBAL,PWROCGUSAFR00,2026,0.486
GLOBAL,PWROCGUSAFR00,2027,0.486
GLOBAL,PWROCGUSAFR00,2028,0.475
GLOBAL,PWROCGUSAFR00,2029,0.31
GLOBAL,PWROCGUSAFR00,2030,0.31
GLOBAL,PWROCGUSAFR00,2031,0.31
GLOBAL,PWROCGUSAFR00,2032,0.31
GLOBAL,PWROCGUSAFR00,2033,0.18
GLOBAL,PWROCGUSAFR00,2034,0.045
GLOBAL,PWROCGUSAFR00,2035,0.045
GLOBAL,PWROCGUSAFR00,2036,0.045
GLOBAL,PWROCGUSAFR00,2037,0.045
GLOBAL,PWROCGUSAFR00,2038,0.045
GLOBAL,PWROCGUSAFR00,2039,0.045
GLOBAL,PWROCGUSAFR00,2040,0.045
GLOBAL,PWROCGUSAFR00,2041,0.045
GLOBAL,PWROCGUSAFR00,2042,0.045
GLOBAL,PWROCGUSAFR00,2043,0.045
GLOBAL,PWROCGUSAFR00,2044,0.045
GLOBAL,PWROCGUSAFR00,2045,0.033
GLOBAL,PWROCGUSAFR00,2046,0.033
GLOBAL,PWROCGUSAFR00,2047,0.0
GLOBAL,PWROCGUSAFR00,2048,0.0
GLOBAL,PWROCGUSAFR00,2049,0.0
GLOBAL,PWROCGUSAFR00,2050,0.0
GLOBAL,PWROILUSAFR01,2021,4.238
GLOBAL,PWROILUSAFR01,2022,4.238
GLOBAL,PWROILUSAFR01,2023,4.238
GLOBAL,PWROILUSAFR01,2024,4.238
GLOBAL,PWROILUSAFR01,2025,4.238
GLOBAL,PWROILUSAFR01,2026,4.238
GLOBAL,PWROILUSAFR01,2027,4.111
GLOBAL,PWROILUSAFR01,2028,4.111
GLOBAL,PWROILUSAFR01,2029,3.817
GLOBAL,PWROILUSAFR01,2030,3.817
GLOBAL,PWROILUSAFR01,2031,3.817
GLOBAL,PWROILUSAFR01,2032,3.769
GLOBAL,PWROILUSAFR01,2033,3.719
GLOBAL,PWROILUSAFR01,2034,0.0
GLOBAL,PWROILUSAFR01,2035,0.0
GLOBAL,PWROILUSAFR01,2036,0.0
GLOBAL,PWROILUSAFR01,2037,0.0
GLOBAL,PWROILUSAFR01,2038,0.0
GLOBAL,PWROILUSAFR01,2039,0.0
GLOBAL,PWROILUSAFR01,2040,0.0
GLOBAL,PWROILUSAFR01,2041,0.0
GLOBAL,PWROILUSAFR01,2042,0.0
GLOBAL,PWROILUSAFR01,2043,0.0
GLOBAL,PWROILUSAFR01,2044,0.0
GLOBAL,PWROILUSAFR01,2045,0.0
GLOBAL,PWROILUSAFR01,2046,0.0
GLOBAL,PWROILUSAFR01,2047,0.0
GLOBAL,PWROILUSAFR01,2048,0.0
GLOBAL,PWROILUSAFR01,2049,0.0
GLOBAL,PWROILUSAFR01,2050,0.0
GLOBAL,PWROTHUSAFR01,2021,0.021
GLOBAL,PWROTHUSAFR01,2022,0.021
GLOBAL,PWROTHUSAFR01,2023,0.021
GLOBAL,PWROTHUSAFR01,2024,0.021
GLOBAL,PWROTHUSAFR01,2025,0.021
GLOBAL,PWROTHUSAFR01,2026,0.021
GLOBAL,PWROTHUSAFR01,2027,0.021
GLOBAL,PWROTHUSAFR01,2028,0.021
GLOBAL,PWROTHUSAFR01,2029,0.021
GLOBAL,PWROTHUSAFR01,2030,0.021
GLOBAL,PWROTHUSAFR01,2031,0.021
GLOBAL,PWROTHUSAFR01,2032,0.021
GLOBAL,PWROTHUSAFR01,2033,0.021
GLOBAL,PWROTHUSAFR01,2034,0.0
GLOBAL,PWROTHUSAFR01,2035,0.0
GLOBAL,PWROTHUSAFR01,2036,0.0
GLOBAL,PWROTHUSAFR01,2037,0.0
GLOBAL,PWROTHUSAFR01,2038,0.0
GLOBAL,PWROTHUSAFR01,2039,0.0
GLOBAL,PWROTHUSAFR01,2040,0.0
GLOBAL,PWROTHUSAFR01,2041,0.0
GLOBAL,PWROTHUSAFR01,2042,0.0
GLOBAL,PWROTHUSAFR01,2043,0.0
GLOBAL,PWROTHUSAFR01,2044,0.0
GLOBAL,PWROTHUSAFR01,2045,0.0
GLOBAL,PWROTHUSAFR01,2046,0.0
GLOBAL,PWROTHUSAFR01,2047,0.0
GLOBAL,PWROTHUSAFR01,2048,0.0
GLOBAL,PWROTHUSAFR01,2049,0.0
GLOBAL,PWROTHUSAFR01,2050,0.0
GLOBAL,PWRSPVUSAFR01,2021,0.5353
GLOBAL,PWRSPVUSAFR01,2022,0.5353
GLOBAL,PWRSPVUSAFR01,2023,0.5353
GLOBAL,PWRSPVUSAFR01,2024,0.5353
GLOBAL,PWRSPVUSAFR01,2025,0.5353
GLOBAL,PWRSPVUSAFR01,2026,0.5353
GLOBAL,PWRSPVUSAFR01,2027,0.5353
GLOBAL,PWRSPVUSAFR01,2028,0.5353
GLOBAL,PWRSPVUSAFR01,2029,0.5353
GLOBAL,PWRSPVUSAFR01,2030,0.5353
GLOBAL,PWRSPVUSAFR01,2031,0.5353
GLOBAL,PWRSPVUSAFR01,2032,0.5353
GLOBAL,PWRSPVUSAFR01,2033,0.5353
GLOBAL,PWRSPVUSAFR01,2034,0.5353
GLOBAL,PWRSPVUSAFR01,2035,0.5353
GLOBAL,PWRSPVUSAFR01,2036,0.5353
GLOBAL,PWRSPVUSAFR01,2037,0.5353
GLOBAL,PWRSPVUSAFR01,2038,0.5353
GLOBAL,PWRSPVUSAFR01,2039,0.5353
GLOBAL,PWRSPVUSAFR01,2040,0.5103
GLOBAL,PWRSPVUSAFR01,2041,0.4853
GLOBAL,PWRSPVUSAFR01,2042,0.4723
GLOBAL,PWRSPVUSAFR01,2043,0.4593
GLOBAL,PWRSPVUSAFR01,2044,0.4593
GLOBAL,PWRSPVUSAFR01,2045,0.381
GLOBAL,PWRSPVUSAFR01,2046,0.378
GLOBAL,PWRSPVUSAFR01,2047,0.278
GLOBAL,PWRSPVUSAFR01,2048,0.02
GLOBAL,PWRSPVUSAFR01,2049,0.0
GLOBAL,PWRSPVUSAFR01,2050,0.0
GLOBAL,PWRURNUSAFR01,2021,5.02
GLOBAL,PWRURNUSAFR01,2022,5.02
GLOBAL,PWRURNUSAFR01,2023,5.02
GLOBAL,PWRURNUSAFR01,2024,5.02
GLOBAL,PWRURNUSAFR01,2025,5.02
GLOBAL,PWRURNUSAFR01,2026,5.02
GLOBAL,PWRURNUSAFR01,2027,5.02
GLOBAL,PWRURNUSAFR01,2028,5.02
GLOBAL,PWRURNUSAFR01,2029,5.02
GLOBAL,PWRURNUSAFR01,2030,5.02
GLOBAL,PWRURNUSAFR01,2031,5.02
GLOBAL,PWRURNUSAFR01,2032,5.02
GLOBAL,PWRURNUSAFR01,2033,5.02
GLOBAL,PWRURNUSAFR01,2034,5.02
GLOBAL,PWRURNUSAFR01,2035,5.02
GLOBAL,PWRURNUSAFR01,2036,5.02
GLOBAL,PWRURNUSAFR01,2037,5.02
GLOBAL,PWRURNUSAFR01,2038,5.02
GLOBAL,PWRURNUSAFR01,2039,5.02
GLOBAL,PWRURNUSAFR01,2040,5.02
GLOBAL,PWRURNUSAFR01,2041,2.86
GLOBAL,PWRURNUSAFR01,2042,2.86
GLOBAL,PWRURNUSAFR01,2043,2.86
GLOBAL,PWRURNUSAFR01,2044,2.86
GLOBAL,PWRURNUSAFR01,2045,2.86
GLOBAL,PWRURNUSAFR01,2046,2.86
GLOBAL,PWRURNUSAFR01,2047,2.86
GLOBAL,PWRURNUSAFR01,2048,2.86
GLOBAL,PWRURNUSAFR01,2049,0.0
GLOBAL,PWRURNUSAFR01,2050,0.0
GLOBAL,PWRWASUSAFR01,2021,1.016
GLOBAL,PWRWASUSAFR01,2022,0.908
GLOBAL,PWRWASUSAFR01,2023,0.908
GLOBAL,PWRWASUSAFR01,2024,0.908
GLOBAL,PWRWASUSAFR01,2025,0.862
GLOBAL,PWRWASUSAFR01,2026,0.815
GLOBAL,PWRWASUSAFR01,2027,0.815
GLOBAL,PWRWASUSAFR01,2028,0.815
GLOBAL,PWRWASUSAFR01,2029,0.756
GLOBAL,PWRWASUSAFR01,2030,0.756
GLOBAL,PWRWASUSAFR01,2031,0.627
GLOBAL,PWRWASUSAFR01,2032,0.627
GLOBAL,PWRWASUSAFR01,2033,0.627
GLOBAL,PWRWASUSAFR01,2034,0.317
GLOBAL,PWRWASUSAFR01,2035,0.317
GLOBAL,PWRWASUSAFR01,2036,0.317
GLOBAL,PWRWASUSAFR01,2037,0.268
GLOBAL,PWRWASUSAFR01,2038,0.262
GLOBAL,PWRWASUSAFR01,2039,0.252
GLOBAL,PWRWASUSAFR01,2040,0.238
GLOBAL,PWRWASUSAFR01,2041,0.236
GLOBAL,PWRWASUSAFR01,2042,0.229
GLOBAL,PWRWASUSAFR01,2043,0.229
GLOBAL,PWRWASUSAFR01,2044,0.229
GLOBAL,PWRWASUSAFR01,2045,0.111
GLOBAL,PWRWASUSAFR01,2046,0.01
GLOBAL,PWRWASUSAFR01,2047,0.01
GLOBAL,PWRWASUSAFR01,2048,0.0
GLOBAL,PWRWASUSAFR01,2049,0.0
GLOBAL,PWRWASUSAFR01,2050,0.0
GLOBAL,PWROILUSAGU01,2021,0.502
GLOBAL,PWROILUSAGU01,2022,0.502
GLOBAL,PWROILUSAGU01,2023,0.43
GLOBAL,PWROILUSAGU01,2024,0.393
GLOBAL,PWROILUSAGU01,2025,0.393
GLOBAL,PWROILUSAGU01,2026,0.393
GLOBAL,PWROILUSAGU01,2027,0.393
GLOBAL,PWROILUSAGU01,2028,0.393
GLOBAL,PWROILUSAGU01,2029,0.128
GLOBAL,PWROILUSAGU01,2030,0.0
GLOBAL,PWROILUSAGU01,2031,0.0
GLOBAL,PWROILUSAGU01,2032,0.0
GLOBAL,PWROILUSAGU01,2033,0.0
GLOBAL,PWROILUSAGU01,2034,0.0
GLOBAL,PWROILUSAGU01,2035,0.0
GLOBAL,PWROILUSAGU01,2036,0.0
GLOBAL,PWROILUSAGU01,2037,0.0
GLOBAL,PWROILUSAGU01,2038,0.0
GLOBAL,PWROILUSAGU01,2039,0.0
GLOBAL,PWROILUSAGU01,2040,0.0
GLOBAL,PWROILUSAGU01,2041,0.0
GLOBAL,PWROILUSAGU01,2042,0.0
GLOBAL,PWROILUSAGU01,2043,0.0
GLOBAL,PWROILUSAGU01,2044,0.0
GLOBAL,PWROILUSAGU01,2045,0.0
GLOBAL,PWROILUSAGU01,2046,0.0
GLOBAL,PWROILUSAGU01,2047,0.0
GLOBAL,PWROILUSAGU01,2048,0.0
GLOBAL,PWROILUSAGU01,2049,0.0
GLOBAL,PWROILUSAGU01,2050,0.0
GLOBAL,PWRSPVUSAGU01,2021,0.0517
GLOBAL,PWRSPVUSAGU01,2022,0.0517
GLOBAL,PWRSPVUSAGU01,2023,0.0517
GLOBAL,PWRSPVUSAGU01,2024,0.0517
GLOBAL,PWRSPVUSAGU01,2025,0.0517
GLOBAL,PWRSPVUSAGU01,2026,0.0517
GLOBAL,PWRSPVUSAGU01,2027,0.0517
GLOBAL,PWRSPVUSAGU01,2028,0.0517
GLOBAL,PWRSPVUSAGU01,2029,0.0517
GLOBAL,PWRSPVUSAGU01,2030,0.0517
GLOBAL,PWRSPVUSAGU01,2031,0.0517
GLOBAL,PWRSPVUSAGU01,2032,0.0517
GLOBAL,PWRSPVUSAGU01,2033,0.0517
GLOBAL,PWRSPVUSAGU01,2034,0.0517
GLOBAL,PWRSPVUSAGU01,2035,0.0517
GLOBAL,PWRSPVUSAGU01,2036,0.0517
GLOBAL,PWRSPVUSAGU01,2037,0.0517
GLOBAL,PWRSPVUSAGU01,2038,0.0517
GLOBAL,PWRSPVUSAGU01,2039,0.0517
GLOBAL,PWRSPVUSAGU01,2040,0.0517
GLOBAL,PWRSPVUSAGU01,2041,0.0517
GLOBAL,PWRSPVUSAGU01,2042,0.0517
GLOBAL,PWRSPVUSAGU01,2043,0.0517
GLOBAL,PWRSPVUSAGU01,2044,0.0517
GLOBAL,PWRSPVUSAGU01,2045,0.026
GLOBAL,PWRSPVUSAGU01,2046,0.0
GLOBAL,PWRSPVUSAGU01,2047,0.0
GLOBAL,PWRSPVUSAGU01,2048,0.0
GLOBAL,PWRSPVUSAGU01,2049,0.0
GLOBAL,PWRSPVUSAGU01,2050,0.0
GLOBAL,PWRCOAUSAHA01,2021,0.203
GLOBAL,PWRCOAUSAHA01,2022,0.203
GLOBAL,PWRCOAUSAHA01,2023,0.0
GLOBAL,PWRCOAUSAHA01,2024,0.0
GLOBAL,PWRCOAUSAHA01,2025,0.0
GLOBAL,PWRCOAUSAHA01,2026,0.0
GLOBAL,PWRCOAUSAHA01,2027,0.0
GLOBAL,PWRCOAUSAHA01,2028,0.0
GLOBAL,PWRCOAUSAHA01,2029,0.0
GLOBAL,PWRCOAUSAHA01,2030,0.0
GLOBAL,PWRCOAUSAHA01,2031,0.0
GLOBAL,PWRCOAUSAHA01,2032,0.0
GLOBAL,PWRCOAUSAHA01,2033,0.0
GLOBAL,PWRCOAUSAHA01,2034,0.0
GLOBAL,PWRCOAUSAHA01,2035,0.0
GLOBAL,PWRCOAUSAHA01,2036,0.0
GLOBAL,PWRCOAUSAHA01,2037,0.0
GLOBAL,PWRCOAUSAHA01,2038,0.0
GLOBAL,PWRCOAUSAHA01,2039,0.0
GLOBAL,PWRCOAUSAHA01,2040,0.0
GLOBAL,PWRCOAUSAHA01,2041,0.0
GLOBAL,PWRCOAUSAHA01,2042,0.0
GLOBAL,PWRCOAUSAHA01,2043,0.0
GLOBAL,PWRCOAUSAHA01,2044,0.0
GLOBAL,PWRCOAUSAHA01,2045,0.0
GLOBAL,PWRCOAUSAHA01,2046,0.0
GLOBAL,PWRCOAUSAHA01,2047,0.0
GLOBAL,PWRCOAUSAHA01,2048,0.0
GLOBAL,PWRCOAUSAHA01,2049,0.0
GLOBAL,PWRCOAUSAHA01,2050,0.0
GLOBAL,PWRGEOUSAHA01,2021,0.051
GLOBAL,PWRGEOUSAHA01,2022,0.051
GLOBAL,PWRGEOUSAHA01,2023,0.051
GLOBAL,PWRGEOUSAHA01,2024,0.051
GLOBAL,PWRGEOUSAHA01,2025,0.051
GLOBAL,PWRGEOUSAHA01,2026,0.051
GLOBAL,PWRGEOUSAHA01,2027,0.051
GLOBAL,PWRGEOUSAHA01,2028,0.051
GLOBAL,PWRGEOUSAHA01,2029,0.0
GLOBAL,PWRGEOUSAHA01,2030,0.0
GLOBAL,PWRGEOUSAHA01,2031,0.0
GLOBAL,PWRGEOUSAHA01,2032,0.0
GLOBAL,PWRGEOUSAHA01,2033,0.0
GLOBAL,PWRGEOUSAHA01,2034,0.0
GLOBAL,PWRGEOUSAHA01,2035,0.0
GLOBAL,PWRGEOUSAHA01,2036,0.0
GLOBAL,PWRGEOUSAHA01,2037,0.0
GLOBAL,PWRGEOUSAHA01,2038,0.0
GLOBAL,PWRGEOUSAHA01,2039,0.0
GLOBAL,PWRGEOUSAHA01,2040,0.0
GLOBAL,PWRGEOUSAHA01,2041,0.0
GLOBAL,PWRGEOUSAHA01,2042,0.0
GLOBAL,PWRGEOUSAHA01,2043,0.0
GLOBAL,PWRGEOUSAHA01,2044,0.0
GLOBAL,PWRGEOUSAHA01,2045,0.0
GLOBAL,PWRGEOUSAHA01,2046,0.0
GLOBAL,PWRGEOUSAHA01,2047,0.0
GLOBAL,PWRGEOUSAHA01,2048,0.0
GLOBAL,PWRGEOUSAHA01,2049,0.0
GLOBAL,PWRGEOUSAHA01,2050,0.0
GLOBAL,PWRHYDUSAHA01,2021,0.028
GLOBAL,PWRHYDUSAHA01,2022,0.028
GLOBAL,PWRHYDUSAHA01,2023,0.028
GLOBAL,PWRHYDUSAHA01,2024,0.028
GLOBAL,PWRHYDUSAHA01,2025,0.027
GLOBAL,PWRHYDUSAHA01,2026,0.022
GLOBAL,PWRHYDUSAHA01,2027,0.022
GLOBAL,PWRHYDUSAHA01,2028,0.022
GLOBAL,PWRHYDUSAHA01,2029,0.022
GLOBAL,PWRHYDUSAHA01,2030,0.022
GLOBAL,PWRHYDUSAHA01,2031,0.022
GLOBAL,PWRHYDUSAHA01,2032,0.022
GLOBAL,PWRHYDUSAHA01,2033,0.022
GLOBAL,PWRHYDUSAHA01,2034,0.017
GLOBAL,PWRHYDUSAHA01,2035,0.017
GLOBAL,PWRHYDUSAHA01,2036,0.017
GLOBAL,PWRHYDUSAHA01,2037,0.017
GLOBAL,PWRHYDUSAHA01,2038,0.017
GLOBAL,PWRHYDUSAHA01,2039,0.017
GLOBAL,PWRHYDUSAHA01,2040,0.017
GLOBAL,PWRHYDUSAHA01,2041,0.017
GLOBAL,PWRHYDUSAHA01,2042,0.017
GLOBAL,PWRHYDUSAHA01,2043,0.017
GLOBAL,PWRHYDUSAHA01,2044,0.017
GLOBAL,PWRHYDUSAHA01,2045,0.017
GLOBAL,PWRHYDUSAHA01,2046,0.017
GLOBAL,PWRHYDUSAHA01,2047,0.017
GLOBAL,PWRHYDUSAHA01,2048,0.017
GLOBAL,PWRHYDUSAHA01,2049,0.017
GLOBAL,PWRHYDUSAHA01,2050,0.017
GLOBAL,PWROILUSAHA01,2021,2.067
GLOBAL,PWROILUSAHA01,2022,2.067
GLOBAL,PWROILUSAHA01,2023,2.067
GLOBAL,PWROILUSAHA01,2024,2.04
GLOBAL,PWROILUSAHA01,2025,2.04
GLOBAL,PWROILUSAHA01,2026,2.04
GLOBAL,PWROILUSAHA01,2027,2.028
GLOBAL,PWROILUSAHA01,2028,2.028
GLOBAL,PWROILUSAHA01,2029,0.845
GLOBAL,PWROILUSAHA01,2030,0.845
GLOBAL,PWROILUSAHA01,2031,0.69
GLOBAL,PWROILUSAHA01,2032,0.688
GLOBAL,PWROILUSAHA01,2033,0.688
GLOBAL,PWROILUSAHA01,2034,0.0
GLOBAL,PWROILUSAHA01,2035,0.0
GLOBAL,PWROILUSAHA01,2036,0.0
GLOBAL,PWROILUSAHA01,2037,0.0
GLOBAL,PWROILUSAHA01,2038,0.0
GLOBAL,PWROILUSAHA01,2039,0.0
GLOBAL,PWROILUSAHA01,2040,0.0
GLOBAL,PWROILUSAHA01,2041,0.0
GLOBAL,PWROILUSAHA01,2042,0.0
GLOBAL,PWROILUSAHA01,2043,0.0
GLOBAL,PWROILUSAHA01,2044,0.0
GLOBAL,PWROILUSAHA01,2045,0.0
GLOBAL,PWROILUSAHA01,2046,0.0
GLOBAL,PWROILUSAHA01,2047,0.0
GLOBAL,PWROILUSAHA01,2048,0.0
GLOBAL,PWROILUSAHA01,2049,0.0
GLOBAL,PWROILUSAHA01,2050,0.0
GLOBAL,PWROTHUSAHA01,2021,0.162
GLOBAL,PWROTHUSAHA01,2022,0.162
GLOBAL,PWROTHUSAHA01,2023,0.162
GLOBAL,PWROTHUSAHA01,2024,0.162
GLOBAL,PWROTHUSAHA01,2025,0.162
GLOBAL,PWROTHUSAHA01,2026,0.162
GLOBAL,PWROTHUSAHA01,2027,0.162
GLOBAL,PWROTHUSAHA01,2028,0.162
GLOBAL,PWROTHUSAHA01,2029,0.162
GLOBAL,PWROTHUSAHA01,2030,0.162
GLOBAL,PWROTHUSAHA01,2031,0.162
GLOBAL,PWROTHUSAHA01,2032,0.162
GLOBAL,PWROTHUSAHA01,2033,0.123
GLOBAL,PWROTHUSAHA01,2034,0.123
GLOBAL,PWROTHUSAHA01,2035,0.123
GLOBAL,PWROTHUSAHA01,2036,0.123
GLOBAL,PWROTHUSAHA01,2037,0.123
GLOBAL,PWROTHUSAHA01,2038,0.123
GLOBAL,PWROTHUSAHA01,2039,0.123
GLOBAL,PWROTHUSAHA01,2040,0.01
GLOBAL,PWROTHUSAHA01,2041,0.01
GLOBAL,PWROTHUSAHA01,2042,0.01
GLOBAL,PWROTHUSAHA01,2043,0.01
GLOBAL,PWROTHUSAHA01,2044,0.01
GLOBAL,PWROTHUSAHA01,2045,0.01
GLOBAL,PWROTHUSAHA01,2046,0.01
GLOBAL,PWROTHUSAHA01,2047,0.01
GLOBAL,PWROTHUSAHA01,2048,0.0
GLOBAL,PWROTHUSAHA01,2049,0.0
GLOBAL,PWROTHUSAHA01,2050,0.0
GLOBAL,PWRSPVUSAHA01,2021,0.1719
GLOBAL,PWRSPVUSAHA01,2022,0.1719
GLOBAL,PWRSPVUSAHA01,2023,0.1719
GLOBAL,PWRSPVUSAHA01,2024,0.1719
GLOBAL,PWRSPVUSAHA01,2025,0.1719
GLOBAL,PWRSPVUSAHA01,2026,0.1719
GLOBAL,PWRSPVUSAHA01,2027,0.1719
GLOBAL,PWRSPVUSAHA01,2028,0.1719
GLOBAL,PWRSPVUSAHA01,2029,0.1719
GLOBAL,PWRSPVUSAHA01,2030,0.1719
GLOBAL,PWRSPVUSAHA01,2031,0.1719
GLOBAL,PWRSPVUSAHA01,2032,0.1719
GLOBAL,PWRSPVUSAHA01,2033,0.1719
GLOBAL,PWRSPVUSAHA01,2034,0.1719
GLOBAL,PWRSPVUSAHA01,2035,0.1719
GLOBAL,PWRSPVUSAHA01,2036,0.1719
GLOBAL,PWRSPVUSAHA01,2037,0.1719
GLOBAL,PWRSPVUSAHA01,2038,0.1719
GLOBAL,PWRSPVUSAHA01,2039,0.1719
GLOBAL,PWRSPVUSAHA01,2040,0.1709
GLOBAL,PWRSPVUSAHA01,2041,0.1709
GLOBAL,PWRSPVUSAHA01,2042,0.1699
GLOBAL,PWRSPVUSAHA01,2043,0.1679
GLOBAL,PWRSPVUSAHA01,2044,0.1569
GLOBAL,PWRSPVUSAHA01,2045,0.086
GLOBAL,PWRSPVUSAHA01,2046,0.068
GLOBAL,PWRSPVUSAHA01,2047,0.061
GLOBAL,PWRSPVUSAHA01,2048,0.0
GLOBAL,PWRSPVUSAHA01,2049,0.0
GLOBAL,PWRSPVUSAHA01,2050,0.0
GLOBAL,PWRWASUSAHA01,2021,0.107
GLOBAL,PWRWASUSAHA01,2022,0.107
GLOBAL,PWRWASUSAHA01,2023,0.107
GLOBAL,PWRWASUSAHA01,2024,0.107
GLOBAL,PWRWASUSAHA01,2025,0.107
GLOBAL,PWRWASUSAHA01,2026,0.107
GLOBAL,PWRWASUSAHA01,2027,0.107
GLOBAL,PWRWASUSAHA01,2028,0.01
GLOBAL,PWRWASUSAHA01,2029,0.01
GLOBAL,PWRWASUSAHA01,2030,0.01
GLOBAL,PWRWASUSAHA01,2031,0.01
GLOBAL,PWRWASUSAHA01,2032,0.01
GLOBAL,PWRWASUSAHA01,2033,0.01
GLOBAL,PWRWASUSAHA01,2034,0.01
GLOBAL,PWRWASUSAHA01,2035,0.01
GLOBAL,PWRWASUSAHA01,2036,0.01
GLOBAL,PWRWASUSAHA01,2037,0.01
GLOBAL,PWRWASUSAHA01,2038,0.01
GLOBAL,PWRWASUSAHA01,2039,0.01
GLOBAL,PWRWASUSAHA01,2040,0.01
GLOBAL,PWRWASUSAHA01,2041,0.01
GLOBAL,PWRWASUSAHA01,2042,0.01
GLOBAL,PWRWASUSAHA01,2043,0.01
GLOBAL,PWRWASUSAHA01,2044,0.01
GLOBAL,PWRWASUSAHA01,2045,0.01
GLOBAL,PWRWASUSAHA01,2046,0.01
GLOBAL,PWRWASUSAHA01,2047,0.0
GLOBAL,PWRWASUSAHA01,2048,0.0
GLOBAL,PWRWASUSAHA01,2049,0.0
GLOBAL,PWRWASUSAHA01,2050,0.0
GLOBAL,PWRWONUSAHA01,2021,0.227
GLOBAL,PWRWONUSAHA01,2022,0.227
GLOBAL,PWRWONUSAHA01,2023,0.227
GLOBAL,PWRWONUSAHA01,2024,0.227
GLOBAL,PWRWONUSAHA01,2025,0.227
GLOBAL,PWRWONUSAHA01,2026,0.227
GLOBAL,PWRWONUSAHA01,2027,0.227
GLOBAL,PWRWONUSAHA01,2028,0.227
GLOBAL,PWRWONUSAHA01,2029,0.227
GLOBAL,PWRWONUSAHA01,2030,0.227
GLOBAL,PWRWONUSAHA01,2031,0.227
GLOBAL,PWRWONUSAHA01,2032,0.227
GLOBAL,PWRWONUSAHA01,2033,0.227
GLOBAL,PWRWONUSAHA01,2034,0.227
GLOBAL,PWRWONUSAHA01,2035,0.227
GLOBAL,PWRWONUSAHA01,2036,0.227
GLOBAL,PWRWONUSAHA01,2037,0.186
GLOBAL,PWRWONUSAHA01,2038,0.165
GLOBAL,PWRWONUSAHA01,2039,0.165
GLOBAL,PWRWONUSAHA01,2040,0.165
GLOBAL,PWRWONUSAHA01,2041,0.165
GLOBAL,PWRWONUSAHA01,2042,0.135
GLOBAL,PWRWONUSAHA01,2043,0.035
GLOBAL,PWRWONUSAHA01,2044,0.0
GLOBAL,PWRWONUSAHA01,2045,0.0
GLOBAL,PWRWONUSAHA01,2046,0.0
GLOBAL,PWRWONUSAHA01,2047,0.0
GLOBAL,PWRWONUSAHA01,2048,0.0
GLOBAL,PWRWONUSAHA01,2049,0.0
GLOBAL,PWRWONUSAHA01,2050,0.0
GLOBAL,PWRBIOUSAME01,2021,0.27
GLOBAL,PWRBIOUSAME01,2022,0.27
GLOBAL,PWRBIOUSAME01,2023,0.27
GLOBAL,PWRBIOUSAME01,2024,0.27
GLOBAL,PWRBIOUSAME01,2025,0.27
GLOBAL,PWRBIOUSAME01,2026,0.27
GLOBAL,PWRBIOUSAME01,2027,0.27
GLOBAL,PWRBIOUSAME01,2028,0.27
GLOBAL,PWRBIOUSAME01,2029,0.08
GLOBAL,PWRBIOUSAME01,2030,0.08
GLOBAL,PWRBIOUSAME01,2031,0.08
GLOBAL,PWRBIOUSAME01,2032,0.08
GLOBAL,PWRBIOUSAME01,2033,0.08
GLOBAL,PWRBIOUSAME01,2034,0.008
GLOBAL,PWRBIOUSAME01,2035,0.008
GLOBAL,PWRBIOUSAME01,2036,0.008
GLOBAL,PWRBIOUSAME01,2037,0.007
GLOBAL,PWRBIOUSAME01,2038,0.007
GLOBAL,PWRBIOUSAME01,2039,0.007
GLOBAL,PWRBIOUSAME01,2040,0.007
GLOBAL,PWRBIOUSAME01,2041,0.007
GLOBAL,PWRBIOUSAME01,2042,0.005
GLOBAL,PWRBIOUSAME01,2043,0.005
GLOBAL,PWRBIOUSAME01,2044,0.003
GLOBAL,PWRBIOUSAME01,2045,0.0
GLOBAL,PWRBIOUSAME01,2046,0.0
GLOBAL,PWRBIOUSAME01,2047,0.0
GLOBAL,PWRBIOUSAME01,2048,0.0
GLOBAL,PWRBIOUSAME01,2049,0.0
GLOBAL,PWRBIOUSAME01,2050,0.0
GLOBAL,PWRCCGUSAME00,2021,4.337
GLOBAL,PWRCCGUSAME00,2022,4.337
GLOBAL,PWRCCGUSAME00,2023,4.337
GLOBAL,PWRCCGUSAME00,2024,4.337
GLOBAL,PWRCCGUSAME00,2025,3.573
GLOBAL,PWRCCGUSAME00,2026,3.573
GLOBAL,PWRCCGUSAME00,2027,3.573
GLOBAL,PWRCCGUSAME00,2028,3.289
GLOBAL,PWRCCGUSAME00,2029,3.12
GLOBAL,PWRCCGUSAME00,2030,2.928
GLOBAL,PWRCCGUSAME00,2031,2.557
GLOBAL,PWRCCGUSAME00,2032,1.995
GLOBAL,PWRCCGUSAME00,2033,1.995
GLOBAL,PWRCCGUSAME00,2034,1.808
GLOBAL,PWRCCGUSAME00,2035,1.134
GLOBAL,PWRCCGUSAME00,2036,0.0
GLOBAL,PWRCCGUSAME00,2037,0.0
GLOBAL,PWRCCGUSAME00,2038,0.0
GLOBAL,PWRCCGUSAME00,2039,0.0
GLOBAL,PWRCCGUSAME00,2040,0.0
GLOBAL,PWRCCGUSAME00,2041,0.0
GLOBAL,PWRCCGUSAME00,2042,0.0
GLOBAL,PWRCCGUSAME00,2043,0.0
GLOBAL,PWRCCGUSAME00,2044,0.0
GLOBAL,PWRCCGUSAME00,2045,0.0
GLOBAL,PWRCCGUSAME00,2046,0.0
GLOBAL,PWRCCGUSAME00,2047,0.0
GLOBAL,PWRCCGUSAME00,2048,0.0
GLOBAL,PWRCCGUSAME00,2049,0.0
GLOBAL,PWRCCGUSAME00,2050,0.0
GLOBAL,PWRCOAUSAME01,2021,3.577
GLOBAL,PWRCOAUSAME01,2022,3.577
GLOBAL,PWRCOAUSAME01,2023,3.577
GLOBAL,PWRCOAUSAME01,2024,3.577
GLOBAL,PWRCOAUSAME01,2025,2.473
GLOBAL,PWRCOAUSAME01,2026,2.473
GLOBAL,PWRCOAUSAME01,2027,2.473
GLOBAL,PWRCOAUSAME01,2028,2.473
GLOBAL,PWRCOAUSAME01,2029,2.405
GLOBAL,PWRCOAUSAME01,2030,2.405
GLOBAL,PWRCOAUSAME01,2031,2.405
GLOBAL,PWRCOAUSAME01,2032,2.405
GLOBAL,PWRCOAUSAME01,2033,2.405
GLOBAL,PWRCOAUSAME01,2034,0.0
GLOBAL,PWRCOAUSAME01,2035,0.0
GLOBAL,PWRCOAUSAME01,2036,0.0
GLOBAL,PWRCOAUSAME01,2037,0.0
GLOBAL,PWRCOAUSAME01,2038,0.0
GLOBAL,PWRCOAUSAME01,2039,0.0
GLOBAL,PWRCOAUSAME01,2040,0.0
GLOBAL,PWRCOAUSAME01,2041,0.0
GLOBAL,PWRCOAUSAME01,2042,0.0
GLOBAL,PWRCOAUSAME01,2043,0.0
GLOBAL,PWRCOAUSAME01,2044,0.0
GLOBAL,PWRCOAUSAME01,2045,0.0
GLOBAL,PWRCOAUSAME01,2046,0.0
GLOBAL,PWRCOAUSAME01,2047,0.0
GLOBAL,PWRCOAUSAME01,2048,0.0
GLOBAL,PWRCOAUSAME01,2049,0.0
GLOBAL,PWRCOAUSAME01,2050,0.0
GLOBAL,PWRHYDUSAME01,2021,0.265
GLOBAL,PWRHYDUSAME01,2022,0.262
GLOBAL,PWRHYDUSAME01,2023,0.257
GLOBAL,PWRHYDUSAME01,2024,0.252
GLOBAL,PWRHYDUSAME01,2025,0.246
GLOBAL,PWRHYDUSAME01,2026,0.242
GLOBAL,PWRHYDUSAME01,2027,0.24
GLOBAL,PWRHYDUSAME01,2028,0.221
GLOBAL,PWRHYDUSAME01,2029,0.188
GLOBAL,PWRHYDUSAME01,2030,0.188
GLOBAL,PWRHYDUSAME01,2031,0.186
GLOBAL,PWRHYDUSAME01,2032,0.165
GLOBAL,PWRHYDUSAME01,2033,0.165
GLOBAL,PWRHYDUSAME01,2034,0.129
GLOBAL,PWRHYDUSAME01,2035,0.129
GLOBAL,PWRHYDUSAME01,2036,0.119
GLOBAL,PWRHYDUSAME01,2037,0.119
GLOBAL,PWRHYDUSAME01,2038,0.119
GLOBAL,PWRHYDUSAME01,2039,0.116
GLOBAL,PWRHYDUSAME01,2040,0.099
GLOBAL,PWRHYDUSAME01,2041,0.099
GLOBAL,PWRHYDUSAME01,2042,0.099
GLOBAL,PWRHYDUSAME01,2043,0.087
GLOBAL,PWRHYDUSAME01,2044,0.087
GLOBAL,PWRHYDUSAME01,2045,0.087
GLOBAL,PWRHYDUSAME01,2046,0.087
GLOBAL,PWRHYDUSAME01,2047,0.087
GLOBAL,PWRHYDUSAME01,2048,0.087
GLOBAL,PWRHYDUSAME01,2049,0.084
GLOBAL,PWRHYDUSAME01,2050,0.064
GLOBAL,PWROCGUSAME00,2021,0.741
GLOBAL,PWROCGUSAME00,2022,0.741
GLOBAL,PWROCGUSAME00,2023,0.741
GLOBAL,PWROCGUSAME00,2024,0.741
GLOBAL,PWROCGUSAME00,2025,0.741
GLOBAL,PWROCGUSAME00,2026,0.741
GLOBAL,PWROCGUSAME00,2027,0.741
GLOBAL,PWROCGUSAME00,2028,0.741
GLOBAL,PWROCGUSAME00,2029,0.355
GLOBAL,PWROCGUSAME00,2030,0.33
GLOBAL,PWROCGUSAME00,2031,0.247
GLOBAL,PWROCGUSAME00,2032,0.247
GLOBAL,PWROCGUSAME00,2033,0.172
GLOBAL,PWROCGUSAME00,2034,0.172
GLOBAL,PWROCGUSAME00,2035,0.111
GLOBAL,PWROCGUSAME00,2036,0.111
GLOBAL,PWROCGUSAME00,2037,0.111
GLOBAL,PWROCGUSAME00,2038,0.111
GLOBAL,PWROCGUSAME00,2039,0.111
GLOBAL,PWROCGUSAME00,2040,0.111
GLOBAL,PWROCGUSAME00,2041,0.111
GLOBAL,PWROCGUSAME00,2042,0.051
GLOBAL,PWROCGUSAME00,2043,0.051
GLOBAL,PWROCGUSAME00,2044,0.051
GLOBAL,PWROCGUSAME00,2045,0.051
GLOBAL,PWROCGUSAME00,2046,0.051
GLOBAL,PWROCGUSAME00,2047,0.051
GLOBAL,PWROCGUSAME00,2048,0.0
GLOBAL,PWROCGUSAME00,2049,0.0
GLOBAL,PWROCGUSAME00,2050,0.0
GLOBAL,PWROILUSAME01,2021,0.17
GLOBAL,PWROILUSAME01,2022,0.162
GLOBAL,PWROILUSAME01,2023,0.162
GLOBAL,PWROILUSAME01,2024,0.162
GLOBAL,PWROILUSAME01,2025,0.162
GLOBAL,PWROILUSAME01,2026,0.155
GLOBAL,PWROILUSAME01,2027,0.132
GLOBAL,PWROILUSAME01,2028,0.132
GLOBAL,PWROILUSAME01,2029,0.105
GLOBAL,PWROILUSAME01,2030,0.105
GLOBAL,PWROILUSAME01,2031,0.105
GLOBAL,PWROILUSAME01,2032,0.049
GLOBAL,PWROILUSAME01,2033,0.047
GLOBAL,PWROILUSAME01,2034,0.002
GLOBAL,PWROILUSAME01,2035,0.002
GLOBAL,PWROILUSAME01,2036,0.002
GLOBAL,PWROILUSAME01,2037,0.002
GLOBAL,PWROILUSAME01,2038,0.002
GLOBAL,PWROILUSAME01,2039,0.002
GLOBAL,PWROILUSAME01,2040,0.002
GLOBAL,PWROILUSAME01,2041,0.002
GLOBAL,PWROILUSAME01,2042,0.0
GLOBAL,PWROILUSAME01,2043,0.0
GLOBAL,PWROILUSAME01,2044,0.0
GLOBAL,PWROILUSAME01,2045,0.0
GLOBAL,PWROILUSAME01,2046,0.0
GLOBAL,PWROILUSAME01,2047,0.0
GLOBAL,PWROILUSAME01,2048,0.0
GLOBAL,PWROILUSAME01,2049,0.0
GLOBAL,PWROILUSAME01,2050,0.0
GLOBAL,PWROTHUSAME01,2021,0.021
GLOBAL,PWROTHUSAME01,2022,0.021
GLOBAL,PWROTHUSAME01,2023,0.021
GLOBAL,PWROTHUSAME01,2024,0.021
GLOBAL,PWROTHUSAME01,2025,0.021
GLOBAL,PWROTHUSAME01,2026,0.021
GLOBAL,PWROTHUSAME01,2027,0.021
GLOBAL,PWROTHUSAME01,2028,0.021
GLOBAL,PWROTHUSAME01,2029,0.0
GLOBAL,PWROTHUSAME01,2030,0.0
GLOBAL,PWROTHUSAME01,2031,0.0
GLOBAL,PWROTHUSAME01,2032,0.0
GLOBAL,PWROTHUSAME01,2033,0.0
GLOBAL,PWROTHUSAME01,2034,0.0
GLOBAL,PWROTHUSAME01,2035,0.0
GLOBAL,PWROTHUSAME01,2036,0.0
GLOBAL,PWROTHUSAME01,2037,0.0
GLOBAL,PWROTHUSAME01,2038,0.0
GLOBAL,PWROTHUSAME01,2039,0.0
GLOBAL,PWROTHUSAME01,2040,0.0
GLOBAL,PWROTHUSAME01,2041,0.0
GLOBAL,PWROTHUSAME01,2042,0.0
GLOBAL,PWROTHUSAME01,2043,0.0
GLOBAL,PWROTHUSAME01,2044,0.0
GLOBAL,PWROTHUSAME01,2045,0.0
GLOBAL,PWROTHUSAME01,2046,0.0
GLOBAL,PWROTHUSAME01,2047,0.0
GLOBAL,PWROTHUSAME01,2048,0.0
GLOBAL,PWROTHUSAME01,2049,0.0
GLOBAL,PWROTHUSAME01,2050,0.0
GLOBAL,PWRPETUSAME01,2021,0.123
GLOBAL,PWRPETUSAME01,2022,0.123
GLOBAL,PWRPETUSAME01,2023,0.123
GLOBAL,PWRPETUSAME01,2024,0.123
GLOBAL,PWRPETUSAME01,2025,0.123
GLOBAL,PWRPETUSAME01,2026,0.123
GLOBAL,PWRPETUSAME01,2027,0.123
GLOBAL,PWRPETUSAME01,2028,0.123
GLOBAL,PWRPETUSAME01,2029,0.123
GLOBAL,PWRPETUSAME01,2030,0.123
GLOBAL,PWRPETUSAME01,2031,0.123
GLOBAL,PWRPETUSAME01,2032,0.123
GLOBAL,PWRPETUSAME01,2033,0.123
GLOBAL,PWRPETUSAME01,2034,0.0
GLOBAL,PWRPETUSAME01,2035,0.0
GLOBAL,PWRPETUSAME01,2036,0.0
GLOBAL,PWRPETUSAME01,2037,0.0
GLOBAL,PWRPETUSAME01,2038,0.0
GLOBAL,PWRPETUSAME01,2039,0.0
GLOBAL,PWRPETUSAME01,2040,0.0
GLOBAL,PWRPETUSAME01,2041,0.0
GLOBAL,PWRPETUSAME01,2042,0.0
GLOBAL,PWRPETUSAME01,2043,0.0
GLOBAL,PWRPETUSAME01,2044,0.0
GLOBAL,PWRPETUSAME01,2045,0.0
GLOBAL,PWRPETUSAME01,2046,0.0
GLOBAL,PWRPETUSAME01,2047,0.0
GLOBAL,PWRPETUSAME01,2048,0.0
GLOBAL,PWRPETUSAME01,2049,0.0
GLOBAL,PWRPETUSAME01,2050,0.0
GLOBAL,PWRSPVUSAME01,2021,0.013
GLOBAL,PWRSPVUSAME01,2022,0.013
GLOBAL,PWRSPVUSAME01,2023,0.013
GLOBAL,PWRSPVUSAME01,2024,0.013
GLOBAL,PWRSPVUSAME01,2025,0.013
GLOBAL,PWRSPVUSAME01,2026,0.013
GLOBAL,PWRSPVUSAME01,2027,0.013
GLOBAL,PWRSPVUSAME01,2028,0.013
GLOBAL,PWRSPVUSAME01,2029,0.013
GLOBAL,PWRSPVUSAME01,2030,0.013
GLOBAL,PWRSPVUSAME01,2031,0.013
GLOBAL,PWRSPVUSAME01,2032,0.013
GLOBAL,PWRSPVUSAME01,2033,0.013
GLOBAL,PWRSPVUSAME01,2034,0.013
GLOBAL,PWRSPVUSAME01,2035,0.013
GLOBAL,PWRSPVUSAME01,2036,0.013
GLOBAL,PWRSPVUSAME01,2037,0.013
GLOBAL,PWRSPVUSAME01,2038,0.013
GLOBAL,PWRSPVUSAME01,2039,0.013
GLOBAL,PWRSPVUSAME01,2040,0.013
GLOBAL,PWRSPVUSAME01,2041,0.013
GLOBAL,PWRSPVUSAME01,2042,0.013
GLOBAL,PWRSPVUSAME01,2043,0.013
GLOBAL,PWRSPVUSAME01,2044,0.013
GLOBAL,PWRSPVUSAME01,2045,0.012
GLOBAL,PWRSPVUSAME01,2046,0.012
GLOBAL,PWRSPVUSAME01,2047,0.01
GLOBAL,PWRSPVUSAME01,2048,0.0
GLOBAL,PWRSPVUSAME01,2049,0.0
GLOBAL,PWRSPVUSAME01,2050,0.0
GLOBAL,PWRURNUSAME01,2021,1.311
GLOBAL,PWRURNUSAME01,2022,1.311
GLOBAL,PWRURNUSAME01,2023,1.311
GLOBAL,PWRURNUSAME01,2024,1.311
GLOBAL,PWRURNUSAME01,2025,1.311
GLOBAL,PWRURNUSAME01,2026,1.311
GLOBAL,PWRURNUSAME01,2027,1.311
GLOBAL,PWRURNUSAME01,2028,1.311
GLOBAL,PWRURNUSAME01,2029,1.311
GLOBAL,PWRURNUSAME01,2030,1.311
GLOBAL,PWRURNUSAME01,2031,1.311
GLOBAL,PWRURNUSAME01,2032,0.0
GLOBAL,PWRURNUSAME01,2033,0.0
GLOBAL,PWRURNUSAME01,2034,0.0
GLOBAL,PWRURNUSAME01,2035,0.0
GLOBAL,PWRURNUSAME01,2036,0.0
GLOBAL,PWRURNUSAME01,2037,0.0
GLOBAL,PWRURNUSAME01,2038,0.0
GLOBAL,PWRURNUSAME01,2039,0.0
GLOBAL,PWRURNUSAME01,2040,0.0
GLOBAL,PWRURNUSAME01,2041,0.0
GLOBAL,PWRURNUSAME01,2042,0.0
GLOBAL,PWRURNUSAME01,2043,0.0
GLOBAL,PWRURNUSAME01,2044,0.0
GLOBAL,PWRURNUSAME01,2045,0.0
GLOBAL,PWRURNUSAME01,2046,0.0
GLOBAL,PWRURNUSAME01,2047,0.0
GLOBAL,PWRURNUSAME01,2048,0.0
GLOBAL,PWRURNUSAME01,2049,0.0
GLOBAL,PWRURNUSAME01,2050,0.0
GLOBAL,PWRWASUSAME01,2021,0.118
GLOBAL,PWRWASUSAME01,2022,0.118
GLOBAL,PWRWASUSAME01,2023,0.118
GLOBAL,PWRWASUSAME01,2024,0.118
GLOBAL,PWRWASUSAME01,2025,0.118
GLOBAL,PWRWASUSAME01,2026,0.118
GLOBAL,PWRWASUSAME01,2027,0.118
GLOBAL,PWRWASUSAME01,2028,0.118
GLOBAL,PWRWASUSAME01,2029,0.099
GLOBAL,PWRWASUSAME01,2030,0.099
GLOBAL,PWRWASUSAME01,2031,0.099
GLOBAL,PWRWASUSAME01,2032,0.097
GLOBAL,PWRWASUSAME01,2033,0.097
GLOBAL,PWRWASUSAME01,2034,0.091
GLOBAL,PWRWASUSAME01,2035,0.088
GLOBAL,PWRWASUSAME01,2036,0.072
GLOBAL,PWRWASUSAME01,2037,0.072
GLOBAL,PWRWASUSAME01,2038,0.066
GLOBAL,PWRWASUSAME01,2039,0.064
GLOBAL,PWRWASUSAME01,2040,0.058
GLOBAL,PWRWASUSAME01,2041,0.058
GLOBAL,PWRWASUSAME01,2042,0.058
GLOBAL,PWRWASUSAME01,2043,0.058
GLOBAL,PWRWASUSAME01,2044,0.0
GLOBAL,PWRWASUSAME01,2045,0.0
GLOBAL,PWRWASUSAME01,2046,0.0
GLOBAL,PWRWASUSAME01,2047,0.0
GLOBAL,PWRWASUSAME01,2048,0.0
GLOBAL,PWRWASUSAME01,2049,0.0
GLOBAL,PWRWASUSAME01,2050,0.0
GLOBAL,PWRWONUSAME01,2021,0.508
GLOBAL,PWRWONUSAME01,2022,0.508
GLOBAL,PWRWONUSAME01,2023,0.508
GLOBAL,PWRWONUSAME01,2024,0.508
GLOBAL,PWRWONUSAME01,2025,0.508
GLOBAL,PWRWONUSAME01,2026,0.508
GLOBAL,PWRWONUSAME01,2027,0.508
GLOBAL,PWRWONUSAME01,2028,0.508
GLOBAL,PWRWONUSAME01,2029,0.508
GLOBAL,PWRWONUSAME01,2030,0.488
GLOBAL,PWRWONUSAME01,2031,0.488
GLOBAL,PWRWONUSAME01,2032,0.488
GLOBAL,PWRWONUSAME01,2033,0.458
GLOBAL,PWRWONUSAME01,2034,0.458
GLOBAL,PWRWONUSAME01,2035,0.458
GLOBAL,PWRWONUSAME01,2036,0.458
GLOBAL,PWRWONUSAME01,2037,0.458
GLOBAL,PWRWONUSAME01,2038,0.458
GLOBAL,PWRWONUSAME01,2039,0.313
GLOBAL,PWRWONUSAME01,2040,0.313
GLOBAL,PWRWONUSAME01,2041,0.293
GLOBAL,PWRWONUSAME01,2042,0.293
GLOBAL,PWRWONUSAME01,2043,0.098
GLOBAL,PWRWONUSAME01,2044,0.098
GLOBAL,PWRWONUSAME01,2045,0.098
GLOBAL,PWRWONUSAME01,2046,0.098
GLOBAL,PWRWONUSAME01,2047,0.098
GLOBAL,PWRWONUSAME01,2048,0.0
GLOBAL,PWRWONUSAME01,2049,0.0
GLOBAL,PWRWONUSAME01,2050,0.0
GLOBAL,PWRBIOUSAMW01,2021,0.081
GLOBAL,PWRBIOUSAMW01,2022,0.081
GLOBAL,PWRBIOUSAMW01,2023,0.081
GLOBAL,PWRBIOUSAMW01,2024,0.081
GLOBAL,PWRBIOUSAMW01,2025,0.081
GLOBAL,PWRBIOUSAMW01,2026,0.081
GLOBAL,PWRBIOUSAMW01,2027,0.081
GLOBAL,PWRBIOUSAMW01,2028,0.081
GLOBAL,PWRBIOUSAMW01,2029,0.081
GLOBAL,PWRBIOUSAMW01,2030,0.081
GLOBAL,PWRBIOUSAMW01,2031,0.081
GLOBAL,PWRBIOUSAMW01,2032,0.081
GLOBAL,PWRBIOUSAMW01,2033,0.081
GLOBAL,PWRBIOUSAMW01,2034,0.076
GLOBAL,PWRBIOUSAMW01,2035,0.076
GLOBAL,PWRBIOUSAMW01,2036,0.076
GLOBAL,PWRBIOUSAMW01,2037,0.074
GLOBAL,PWRBIOUSAMW01,2038,0.074
GLOBAL,PWRBIOUSAMW01,2039,0.074
GLOBAL,PWRBIOUSAMW01,2040,0.015
GLOBAL,PWRBIOUSAMW01,2041,0.015
GLOBAL,PWRBIOUSAMW01,2042,0.015
GLOBAL,PWRBIOUSAMW01,2043,0.015
GLOBAL,PWRBIOUSAMW01,2044,0.011
GLOBAL,PWRBIOUSAMW01,2045,0.003
GLOBAL,PWRBIOUSAMW01,2046,0.0
GLOBAL,PWRBIOUSAMW01,2047,0.0
GLOBAL,PWRBIOUSAMW01,2048,0.0
GLOBAL,PWRBIOUSAMW01,2049,0.0
GLOBAL,PWRBIOUSAMW01,2050,0.0
GLOBAL,PWRCCGUSAMW00,2021,12.173
GLOBAL,PWRCCGUSAMW00,2022,12.173
GLOBAL,PWRCCGUSAMW00,2023,11.167
GLOBAL,PWRCCGUSAMW00,2024,11.167
GLOBAL,PWRCCGUSAMW00,2025,10.842
GLOBAL,PWRCCGUSAMW00,2026,10.842
GLOBAL,PWRCCGUSAMW00,2027,10.842
GLOBAL,PWRCCGUSAMW00,2028,10.558
GLOBAL,PWRCCGUSAMW00,2029,9.577
GLOBAL,PWRCCGUSAMW00,2030,9.028
GLOBAL,PWRCCGUSAMW00,2031,9.028
GLOBAL,PWRCCGUSAMW00,2032,7.41
GLOBAL,PWRCCGUSAMW00,2033,7.41
GLOBAL,PWRCCGUSAMW00,2034,5.494
GLOBAL,PWRCCGUSAMW00,2035,4.1
GLOBAL,PWRCCGUSAMW00,2036,3.671
GLOBAL,PWRCCGUSAMW00,2037,2.806
GLOBAL,PWRCCGUSAMW00,2038,2.617
GLOBAL,PWRCCGUSAMW00,2039,1.626
GLOBAL,PWRCCGUSAMW00,2040,1.626
GLOBAL,PWRCCGUSAMW00,2041,1.626
GLOBAL,PWRCCGUSAMW00,2042,1.626
GLOBAL,PWRCCGUSAMW00,2043,1.302
GLOBAL,PWRCCGUSAMW00,2044,1.302
GLOBAL,PWRCCGUSAMW00,2045,1.302
GLOBAL,PWRCCGUSAMW00,2046,1.009
GLOBAL,PWRCCGUSAMW00,2047,0.706
GLOBAL,PWRCCGUSAMW00,2048,0.0
GLOBAL,PWRCCGUSAMW00,2049,0.0
GLOBAL,PWRCCGUSAMW00,2050,0.0
GLOBAL,PWRCOAUSAMW01,2021,19.966
GLOBAL,PWRCOAUSAMW01,2022,19.966
GLOBAL,PWRCOAUSAMW01,2023,19.966
GLOBAL,PWRCOAUSAMW01,2024,19.966
GLOBAL,PWRCOAUSAMW01,2025,19.966
GLOBAL,PWRCOAUSAMW01,2026,16.926
GLOBAL,PWRCOAUSAMW01,2027,16.926
GLOBAL,PWRCOAUSAMW01,2028,16.631
GLOBAL,PWRCOAUSAMW01,2029,10.886
GLOBAL,PWRCOAUSAMW01,2030,10.886
GLOBAL,PWRCOAUSAMW01,2031,10.886
GLOBAL,PWRCOAUSAMW01,2032,10.886
GLOBAL,PWRCOAUSAMW01,2033,10.886
GLOBAL,PWRCOAUSAMW01,2034,0.681
GLOBAL,PWRCOAUSAMW01,2035,0.357
GLOBAL,PWRCOAUSAMW01,2036,0.357
GLOBAL,PWRCOAUSAMW01,2037,0.357
GLOBAL,PWRCOAUSAMW01,2038,0.357
GLOBAL,PWRCOAUSAMW01,2039,0.357
GLOBAL,PWRCOAUSAMW01,2040,0.177
GLOBAL,PWRCOAUSAMW01,2041,0.106
GLOBAL,PWRCOAUSAMW01,2042,0.106
GLOBAL,PWRCOAUSAMW01,2043,0.106
GLOBAL,PWRCOAUSAMW01,2044,0.106
GLOBAL,PWRCOAUSAMW01,2045,0.0
GLOBAL,PWRCOAUSAMW01,2046,0.0
GLOBAL,PWRCOAUSAMW01,2047,0.0
GLOBAL,PWRCOAUSAMW01,2048,0.0
GLOBAL,PWRCOAUSAMW01,2049,0.0
GLOBAL,PWRCOAUSAMW01,2050,0.0
GLOBAL,PWRCOGUSAMW01,2021,0.07
GLOBAL,PWRCOGUSAMW01,2022,0.07
GLOBAL,PWRCOGUSAMW01,2023,0.07
GLOBAL,PWRCOGUSAMW01,2024,0.07
GLOBAL,PWRCOGUSAMW01,2025,0.07
GLOBAL,PWRCOGUSAMW01,2026,0.07
GLOBAL,PWRCOGUSAMW01,2027,0.07
GLOBAL,PWRCOGUSAMW01,2028,0.07
GLOBAL,PWRCOGUSAMW01,2029,0.07
GLOBAL,PWRCOGUSAMW01,2030,0.07
GLOBAL,PWRCOGUSAMW01,2031,0.07
GLOBAL,PWRCOGUSAMW01,2032,0.07
GLOBAL,PWRCOGUSAMW01,2033,0.07
GLOBAL,PWRCOGUSAMW01,2034,0.07
GLOBAL,PWRCOGUSAMW01,2035,0.07
GLOBAL,PWRCOGUSAMW01,2036,0.07
GLOBAL,PWRCOGUSAMW01,2037,0.04
GLOBAL,PWRCOGUSAMW01,2038,0.04
GLOBAL,PWRCOGUSAMW01,2039,0.04
GLOBAL,PWRCOGUSAMW01,2040,0.005
GLOBAL,PWRCOGUSAMW01,2041,0.0
GLOBAL,PWRCOGUSAMW01,2042,0.0
GLOBAL,PWRCOGUSAMW01,2043,0.0
GLOBAL,PWRCOGUSAMW01,2044,0.0
GLOBAL,PWRCOGUSAMW01,2045,0.0
GLOBAL,PWRCOGUSAMW01,2046,0.0
GLOBAL,PWRCOGUSAMW01,2047,0.0
GLOBAL,PWRCOGUSAMW01,2048,0.0
GLOBAL,PWRCOGUSAMW01,2049,0.0
GLOBAL,PWRCOGUSAMW01,2050,0.0
GLOBAL,PWRHYDUSAMW01,2021,3.21
GLOBAL,PWRHYDUSAMW01,2022,3.208
GLOBAL,PWRHYDUSAMW01,2023,3.206
GLOBAL,PWRHYDUSAMW01,2024,3.2
GLOBAL,PWRHYDUSAMW01,2025,3.157
GLOBAL,PWRHYDUSAMW01,2026,3.157
GLOBAL,PWRHYDUSAMW01,2027,3.157
GLOBAL,PWRHYDUSAMW01,2028,3.156
GLOBAL,PWRHYDUSAMW01,2029,3.133
GLOBAL,PWRHYDUSAMW01,2030,3.13
GLOBAL,PWRHYDUSAMW01,2031,3.13
GLOBAL,PWRHYDUSAMW01,2032,3.127
GLOBAL,PWRHYDUSAMW01,2033,3.127
GLOBAL,PWRHYDUSAMW01,2034,2.97
GLOBAL,PWRHYDUSAMW01,2035,2.97
GLOBAL,PWRHYDUSAMW01,2036,2.944
GLOBAL,PWRHYDUSAMW01,2037,2.89
GLOBAL,PWRHYDUSAMW01,2038,2.89
GLOBAL,PWRHYDUSAMW01,2039,2.89
GLOBAL,PWRHYDUSAMW01,2040,2.89
GLOBAL,PWRHYDUSAMW01,2041,2.889
GLOBAL,PWRHYDUSAMW01,2042,2.822
GLOBAL,PWRHYDUSAMW01,2043,2.822
GLOBAL,PWRHYDUSAMW01,2044,2.822
GLOBAL,PWRHYDUSAMW01,2045,2.82
GLOBAL,PWRHYDUSAMW01,2046,2.82
GLOBAL,PWRHYDUSAMW01,2047,2.802
GLOBAL,PWRHYDUSAMW01,2048,2.802
GLOBAL,PWRHYDUSAMW01,2049,2.802
GLOBAL,PWRHYDUSAMW01,2050,2.802
GLOBAL,PWROCGUSAMW00,2021,2.399
GLOBAL,PWROCGUSAMW00,2022,2.23
GLOBAL,PWROCGUSAMW00,2023,2.23
GLOBAL,PWROCGUSAMW00,2024,2.23
GLOBAL,PWROCGUSAMW00,2025,2.153
GLOBAL,PWROCGUSAMW00,2026,2.153
GLOBAL,PWROCGUSAMW00,2027,2.062
GLOBAL,PWROCGUSAMW00,2028,2.03
GLOBAL,PWROCGUSAMW00,2029,0.973
GLOBAL,PWROCGUSAMW00,2030,0.962
GLOBAL,PWROCGUSAMW00,2031,0.962
GLOBAL,PWROCGUSAMW00,2032,0.803
GLOBAL,PWROCGUSAMW00,2033,0.803
GLOBAL,PWROCGUSAMW00,2034,0.285
GLOBAL,PWROCGUSAMW00,2035,0.166
GLOBAL,PWROCGUSAMW00,2036,0.166
GLOBAL,PWROCGUSAMW00,2037,0.166
GLOBAL,PWROCGUSAMW00,2038,0.166
GLOBAL,PWROCGUSAMW00,2039,0.166
GLOBAL,PWROCGUSAMW00,2040,0.166
GLOBAL,PWROCGUSAMW00,2041,0.163
GLOBAL,PWROCGUSAMW00,2042,0.072
GLOBAL,PWROCGUSAMW00,2043,0.072
GLOBAL,PWROCGUSAMW00,2044,0.072
GLOBAL,PWROCGUSAMW00,2045,0.072
GLOBAL,PWROCGUSAMW00,2046,0.072
GLOBAL,PWROCGUSAMW00,2047,0.072
GLOBAL,PWROCGUSAMW00,2048,0.0
GLOBAL,PWROCGUSAMW00,2049,0.0
GLOBAL,PWROCGUSAMW00,2050,0.0
GLOBAL,PWROILUSAMW01,2021,2.497
GLOBAL,PWROILUSAMW01,2022,2.399
GLOBAL,PWROILUSAMW01,2023,2.362
GLOBAL,PWROILUSAMW01,2024,2.328
GLOBAL,PWROILUSAMW01,2025,2.307
GLOBAL,PWROILUSAMW01,2026,2.243
GLOBAL,PWROILUSAMW01,2027,2.121
GLOBAL,PWROILUSAMW01,2028,2.083
GLOBAL,PWROILUSAMW01,2029,1.375
GLOBAL,PWROILUSAMW01,2030,1.357
GLOBAL,PWROILUSAMW01,2031,1.251
GLOBAL,PWROILUSAMW01,2032,1.197
GLOBAL,PWROILUSAMW01,2033,1.088
GLOBAL,PWROILUSAMW01,2034,0.159
GLOBAL,PWROILUSAMW01,2035,0.133
GLOBAL,PWROILUSAMW01,2036,0.07
GLOBAL,PWROILUSAMW01,2037,0.066
GLOBAL,PWROILUSAMW01,2038,0.042
GLOBAL,PWROILUSAMW01,2039,0.023
GLOBAL,PWROILUSAMW01,2040,0.022
GLOBAL,PWROILUSAMW01,2041,0.022
GLOBAL,PWROILUSAMW01,2042,0.01
GLOBAL,PWROILUSAMW01,2043,0.006
GLOBAL,PWROILUSAMW01,2044,0.003
GLOBAL,PWROILUSAMW01,2045,0.002
GLOBAL,PWROILUSAMW01,2046,0.0
GLOBAL,PWROILUSAMW01,2047,0.0
GLOBAL,PWROILUSAMW01,2048,0.0
GLOBAL,PWROILUSAMW01,2049,0.0
GLOBAL,PWROILUSAMW01,2050,0.0
GLOBAL,PWROTHUSAMW01,2021,0.011
GLOBAL,PWROTHUSAMW01,2022,0.011
GLOBAL,PWROTHUSAMW01,2023,0.011
GLOBAL,PWROTHUSAMW01,2024,0.011
GLOBAL,PWROTHUSAMW01,2025,0.011
GLOBAL,PWROTHUSAMW01,2026,0.011
GLOBAL,PWROTHUSAMW01,2027,0.011
GLOBAL,PWROTHUSAMW01,2028,0.011
GLOBAL,PWROTHUSAMW01,2029,0.011
GLOBAL,PWROTHUSAMW01,2030,0.011
GLOBAL,PWROTHUSAMW01,2031,0.011
GLOBAL,PWROTHUSAMW01,2032,0.011
GLOBAL,PWROTHUSAMW01,2033,0.011
GLOBAL,PWROTHUSAMW01,2034,0.0
GLOBAL,PWROTHUSAMW01,2035,0.0
GLOBAL,PWROTHUSAMW01,2036,0.0
GLOBAL,PWROTHUSAMW01,2037,0.0
GLOBAL,PWROTHUSAMW01,2038,0.0
GLOBAL,PWROTHUSAMW01,2039,0.0
GLOBAL,PWROTHUSAMW01,2040,0.0
GLOBAL,PWROTHUSAMW01,2041,0.0
GLOBAL,PWROTHUSAMW01,2042,0.0
GLOBAL,PWROTHUSAMW01,2043,0.0
GLOBAL,PWROTHUSAMW01,2044,0.0
GLOBAL,PWROTHUSAMW01,2045,0.0
GLOBAL,PWROTHUSAMW01,2046,0.0
GLOBAL,PWROTHUSAMW01,2047,0.0
GLOBAL,PWROTHUSAMW01,2048,0.0
GLOBAL,PWROTHUSAMW01,2049,0.0
GLOBAL,PWROTHUSAMW01,2050,0.0
GLOBAL,PWRSPVUSAMW01,2021,0.546
GLOBAL,PWRSPVUSAMW01,2022,0.546
GLOBAL,PWRSPVUSAMW01,2023,0.546
GLOBAL,PWRSPVUSAMW01,2024,0.546
GLOBAL,PWRSPVUSAMW01,2025,0.546
GLOBAL,PWRSPVUSAMW01,2026,0.546
GLOBAL,PWRSPVUSAMW01,2027,0.546
GLOBAL,PWRSPVUSAMW01,2028,0.546
GLOBAL,PWRSPVUSAMW01,2029,0.546
GLOBAL,PWRSPVUSAMW01,2030,0.546
GLOBAL,PWRSPVUSAMW01,2031,0.546
GLOBAL,PWRSPVUSAMW01,2032,0.546
GLOBAL,PWRSPVUSAMW01,2033,0.546
GLOBAL,PWRSPVUSAMW01,2034,0.546
GLOBAL,PWRSPVUSAMW01,2035,0.546
GLOBAL,PWRSPVUSAMW01,2036,0.546
GLOBAL,PWRSPVUSAMW01,2037,0.546
GLOBAL,PWRSPVUSAMW01,2038,0.546
GLOBAL,PWRSPVUSAMW01,2039,0.546
GLOBAL,PWRSPVUSAMW01,2040,0.546
GLOBAL,PWRSPVUSAMW01,2041,0.546
GLOBAL,PWRSPVUSAMW01,2042,0.546
GLOBAL,PWRSPVUSAMW01,2043,0.546
GLOBAL,PWRSPVUSAMW01,2044,0.544
GLOBAL,PWRSPVUSAMW01,2045,0.544
GLOBAL,PWRSPVUSAMW01,2046,0.544
GLOBAL,PWRSPVUSAMW01,2047,0.531
GLOBAL,PWRSPVUSAMW01,2048,0.067
GLOBAL,PWRSPVUSAMW01,2049,0.0
GLOBAL,PWRSPVUSAMW01,2050,0.0
GLOBAL,PWRURNUSAMW01,2021,5.374
GLOBAL,PWRURNUSAMW01,2022,5.374
GLOBAL,PWRURNUSAMW01,2023,5.374
GLOBAL,PWRURNUSAMW01,2024,5.374
GLOBAL,PWRURNUSAMW01,2025,5.374
GLOBAL,PWRURNUSAMW01,2026,5.374
GLOBAL,PWRURNUSAMW01,2027,5.374
GLOBAL,PWRURNUSAMW01,2028,5.374
GLOBAL,PWRURNUSAMW01,2029,5.374
GLOBAL,PWRURNUSAMW01,2030,5.374
GLOBAL,PWRURNUSAMW01,2031,5.374
GLOBAL,PWRURNUSAMW01,2032,4.688
GLOBAL,PWRURNUSAMW01,2033,4.688
GLOBAL,PWRURNUSAMW01,2034,2.668
GLOBAL,PWRURNUSAMW01,2035,0.68
GLOBAL,PWRURNUSAMW01,2036,0.0
GLOBAL,PWRURNUSAMW01,2037,0.0
GLOBAL,PWRURNUSAMW01,2038,0.0
GLOBAL,PWRURNUSAMW01,2039,0.0
GLOBAL,PWRURNUSAMW01,2040,0.0
GLOBAL,PWRURNUSAMW01,2041,0.0
GLOBAL,PWRURNUSAMW01,2042,0.0
GLOBAL,PWRURNUSAMW01,2043,0.0
GLOBAL,PWRURNUSAMW01,2044,0.0
GLOBAL,PWRURNUSAMW01,2045,0.0
GLOBAL,PWRURNUSAMW01,2046,0.0
GLOBAL,PWRURNUSAMW01,2047,0.0
GLOBAL,PWRURNUSAMW01,2048,0.0
GLOBAL,PWRURNUSAMW01,2049,0.0
GLOBAL,PWRURNUSAMW01,2050,0.0
GLOBAL,PWRWASUSAMW01,2021,0.58
GLOBAL,PWRWASUSAMW01,2022,0.58
GLOBAL,PWRWASUSAMW01,2023,0.485
GLOBAL,PWRWASUSAMW01,2024,0.485
GLOBAL,PWRWASUSAMW01,2025,0.485
GLOBAL,PWRWASUSAMW01,2026,0.485
GLOBAL,PWRWASUSAMW01,2027,0.468
GLOBAL,PWRWASUSAMW01,2028,0.468
GLOBAL,PWRWASUSAMW01,2029,0.226
GLOBAL,PWRWASUSAMW01,2030,0.226
GLOBAL,PWRWASUSAMW01,2031,0.221
GLOBAL,PWRWASUSAMW01,2032,0.221
GLOBAL,PWRWASUSAMW01,2033,0.21
GLOBAL,PWRWASUSAMW01,2034,0.118
GLOBAL,PWRWASUSAMW01,2035,0.112
GLOBAL,PWRWASUSAMW01,2036,0.101
GLOBAL,PWRWASUSAMW01,2037,0.092
GLOBAL,PWRWASUSAMW01,2038,0.029
GLOBAL,PWRWASUSAMW01,2039,0.029
GLOBAL,PWRWASUSAMW01,2040,0.003
GLOBAL,PWRWASUSAMW01,2041,0.003
GLOBAL,PWRWASUSAMW01,2042,0.003
GLOBAL,PWRWASUSAMW01,2043,0.0
GLOBAL,PWRWASUSAMW01,2044,0.0
GLOBAL,PWRWASUSAMW01,2045,0.0
GLOBAL,PWRWASUSAMW01,2046,0.0
GLOBAL,PWRWASUSAMW01,2047,0.0
GLOBAL,PWRWASUSAMW01,2048,0.0
GLOBAL,PWRWASUSAMW01,2049,0.0
GLOBAL,PWRWASUSAMW01,2050,0.0
GLOBAL,PWRWONUSAMW01,2021,16.5183
GLOBAL,PWRWONUSAMW01,2022,16.5183
GLOBAL,PWRWONUSAMW01,2023,16.5183
GLOBAL,PWRWONUSAMW01,2024,16.5183
GLOBAL,PWRWONUSAMW01,2025,16.5183
GLOBAL,PWRWONUSAMW01,2026,16.5183
GLOBAL,PWRWONUSAMW01,2027,16.5183
GLOBAL,PWRWONUSAMW01,2028,16.5183
GLOBAL,PWRWONUSAMW01,2029,16.4113
GLOBAL,PWRWONUSAMW01,2030,16.0353
GLOBAL,PWRWONUSAMW01,2031,16.0323
GLOBAL,PWRWONUSAMW01,2032,15.9153
GLOBAL,PWRWONUSAMW01,2033,15.8603
GLOBAL,PWRWONUSAMW01,2034,15.6193
GLOBAL,PWRWONUSAMW01,2035,15.4133
GLOBAL,PWRWONUSAMW01,2036,15.0493
GLOBAL,PWRWONUSAMW01,2037,14.7443
GLOBAL,PWRWONUSAMW01,2038,14.2463
GLOBAL,PWRWONUSAMW01,2039,12.6873
GLOBAL,PWRWONUSAMW01,2040,9.924
GLOBAL,PWRWONUSAMW01,2041,8.892
GLOBAL,PWRWONUSAMW01,2042,7.309
GLOBAL,PWRWONUSAMW01,2043,5.982
GLOBAL,PWRWONUSAMW01,2044,5.102
GLOBAL,PWRWONUSAMW01,2045,4.517
GLOBAL,PWRWONUSAMW01,2046,3.505
GLOBAL,PWRWONUSAMW01,2047,2.248
GLOBAL,PWRWONUSAMW01,2048,0.372
GLOBAL,PWRWONUSAMW01,2049,0.0
GLOBAL,PWRWONUSAMW01,2050,0.0
GLOBAL,PWRBIOUSANE01,2021,0.361
GLOBAL,PWRBIOUSANE01,2022,0.361
GLOBAL,PWRBIOUSANE01,2023,0.361
GLOBAL,PWRBIOUSANE01,2024,0.361
GLOBAL,PWRBIOUSANE01,2025,0.361
GLOBAL,PWRBIOUSANE01,2026,0.361
GLOBAL,PWRBIOUSANE01,2027,0.361
GLOBAL,PWRBIOUSANE01,2028,0.361
GLOBAL,PWRBIOUSANE01,2029,0.213
GLOBAL,PWRBIOUSANE01,2030,0.213
GLOBAL,PWRBIOUSANE01,2031,0.213
GLOBAL,PWRBIOUSANE01,2032,0.213
GLOBAL,PWRBIOUSANE01,2033,0.213
GLOBAL,PWRBIOUSANE01,2034,0.003
GLOBAL,PWRBIOUSANE01,2035,0.003
GLOBAL,PWRBIOUSANE01,2036,0.003
GLOBAL,PWRBIOUSANE01,2037,0.003
GLOBAL,PWRBIOUSANE01,2038,0.003
GLOBAL,PWRBIOUSANE01,2039,0.003
GLOBAL,PWRBIOUSANE01,2040,0.003
GLOBAL,PWRBIOUSANE01,2041,0.003
GLOBAL,PWRBIOUSANE01,2042,0.003
GLOBAL,PWRBIOUSANE01,2043,0.003
GLOBAL,PWRBIOUSANE01,2044,0.003
GLOBAL,PWRBIOUSANE01,2045,0.003
GLOBAL,PWRBIOUSANE01,2046,0.003
GLOBAL,PWRBIOUSANE01,2047,0.003
GLOBAL,PWRBIOUSANE01,2048,0.0
GLOBAL,PWRBIOUSANE01,2049,0.0
GLOBAL,PWRBIOUSANE01,2050,0.0
GLOBAL,PWRCCGUSANE00,2021,16.259
GLOBAL,PWRCCGUSANE00,2022,15.365
GLOBAL,PWRCCGUSANE00,2023,15.365
GLOBAL,PWRCCGUSANE00,2024,14.873
GLOBAL,PWRCCGUSANE00,2025,14.656
GLOBAL,PWRCCGUSANE00,2026,14.14
GLOBAL,PWRCCGUSANE00,2027,11.764
GLOBAL,PWRCCGUSANE00,2028,11.764
GLOBAL,PWRCCGUSANE00,2029,10.684
GLOBAL,PWRCCGUSANE00,2030,9.748
GLOBAL,PWRCCGUSANE00,2031,8.65
GLOBAL,PWRCCGUSANE00,2032,6.898
GLOBAL,PWRCCGUSANE00,2033,4.856
GLOBAL,PWRCCGUSANE00,2034,1.272
GLOBAL,PWRCCGUSANE00,2035,0.694
GLOBAL,PWRCCGUSANE00,2036,0.694
GLOBAL,PWRCCGUSANE00,2037,0.694
GLOBAL,PWRCCGUSANE00,2038,0.694
GLOBAL,PWRCCGUSANE00,2039,0.694
GLOBAL,PWRCCGUSANE00,2040,0.694
GLOBAL,PWRCCGUSANE00,2041,0.694
GLOBAL,PWRCCGUSANE00,2042,0.0
GLOBAL,PWRCCGUSANE00,2043,0.0
GLOBAL,PWRCCGUSANE00,2044,0.0
GLOBAL,PWRCCGUSANE00,2045,0.0
GLOBAL,PWRCCGUSANE00,2046,0.0
GLOBAL,PWRCCGUSANE00,2047,0.0
GLOBAL,PWRCCGUSANE00,2048,0.0
GLOBAL,PWRCCGUSANE00,2049,0.0
GLOBAL,PWRCCGUSANE00,2050,0.0
GLOBAL,PWRCOAUSANE01,2021,1.085
GLOBAL,PWRCOAUSANE01,2022,1.085
GLOBAL,PWRCOAUSANE01,2023,1.085
GLOBAL,PWRCOAUSANE01,2024,1.085
GLOBAL,PWRCOAUSANE01,2025,1.085
GLOBAL,PWRCOAUSANE01,2026,1.085
GLOBAL,PWRCOAUSANE01,2027,1.085
GLOBAL,PWRCOAUSANE01,2028,1.085
GLOBAL,PWRCOAUSANE01,2029,0.0
GLOBAL,PWRCOAUSANE01,2030,0.0
GLOBAL,PWRCOAUSANE01,2031,0.0
GLOBAL,PWRCOAUSANE01,2032,0.0
GLOBAL,PWRCOAUSANE01,2033,0.0
GLOBAL,PWRCOAUSANE01,2034,0.0
GLOBAL,PWRCOAUSANE01,2035,0.0
GLOBAL,PWRCOAUSANE01,2036,0.0
GLOBAL,PWRCOAUSANE01,2037,0.0
GLOBAL,PWRCOAUSANE01,2038,0.0
GLOBAL,PWRCOAUSANE01,2039,0.0
GLOBAL,PWRCOAUSANE01,2040,0.0
GLOBAL,PWRCOAUSANE01,2041,0.0
GLOBAL,PWRCOAUSANE01,2042,0.0
GLOBAL,PWRCOAUSANE01,2043,0.0
GLOBAL,PWRCOAUSANE01,2044,0.0
GLOBAL,PWRCOAUSANE01,2045,0.0
GLOBAL,PWRCOAUSANE01,2046,0.0
GLOBAL,PWRCOAUSANE01,2047,0.0
GLOBAL,PWRCOAUSANE01,2048,0.0
GLOBAL,PWRCOAUSANE01,2049,0.0
GLOBAL,PWRCOAUSANE01,2050,0.0
GLOBAL,PWRHYDUSANE01,2021,3.486
GLOBAL,PWRHYDUSANE01,2022,3.472
GLOBAL,PWRHYDUSANE01,2023,3.468
GLOBAL,PWRHYDUSANE01,2024,3.418
GLOBAL,PWRHYDUSANE01,2025,3.364
GLOBAL,PWRHYDUSANE01,2026,3.354
GLOBAL,PWRHYDUSANE01,2027,3.294
GLOBAL,PWRHYDUSANE01,2028,3.277
GLOBAL,PWRHYDUSANE01,2029,3.191
GLOBAL,PWRHYDUSANE01,2030,3.184
GLOBAL,PWRHYDUSANE01,2031,2.97
GLOBAL,PWRHYDUSANE01,2032,2.95
GLOBAL,PWRHYDUSANE01,2033,2.95
GLOBAL,PWRHYDUSANE01,2034,2.792
GLOBAL,PWRHYDUSANE01,2035,2.72
GLOBAL,PWRHYDUSANE01,2036,2.671
GLOBAL,PWRHYDUSANE01,2037,2.671
GLOBAL,PWRHYDUSANE01,2038,2.659
GLOBAL,PWRHYDUSANE01,2039,2.659
GLOBAL,PWRHYDUSANE01,2040,2.659
GLOBAL,PWRHYDUSANE01,2041,2.658
GLOBAL,PWRHYDUSANE01,2042,2.658
GLOBAL,PWRHYDUSANE01,2043,2.656
GLOBAL,PWRHYDUSANE01,2044,2.649
GLOBAL,PWRHYDUSANE01,2045,2.634
GLOBAL,PWRHYDUSANE01,2046,2.634
GLOBAL,PWRHYDUSANE01,2047,2.634
GLOBAL,PWRHYDUSANE01,2048,2.634
GLOBAL,PWRHYDUSANE01,2049,2.587
GLOBAL,PWRHYDUSANE01,2050,2.587
GLOBAL,PWROCGUSANE00,2021,1.221
GLOBAL,PWROCGUSANE00,2022,1.14
GLOBAL,PWROCGUSANE00,2023,1.104
GLOBAL,PWROCGUSANE00,2024,1.002
GLOBAL,PWROCGUSANE00,2025,1.002
GLOBAL,PWROCGUSANE00,2026,0.896
GLOBAL,PWROCGUSANE00,2027,0.794
GLOBAL,PWROCGUSANE00,2028,0.794
GLOBAL,PWROCGUSANE00,2029,0.722
GLOBAL,PWROCGUSANE00,2030,0.696
GLOBAL,PWROCGUSANE00,2031,0.691
GLOBAL,PWROCGUSANE00,2032,0.691
GLOBAL,PWROCGUSANE00,2033,0.691
GLOBAL,PWROCGUSANE00,2034,0.412
GLOBAL,PWROCGUSANE00,2035,0.406
GLOBAL,PWROCGUSANE00,2036,0.385
GLOBAL,PWROCGUSANE00,2037,0.353
GLOBAL,PWROCGUSANE00,2038,0.258
GLOBAL,PWROCGUSANE00,2039,0.217
GLOBAL,PWROCGUSANE00,2040,0.107
GLOBAL,PWROCGUSANE00,2041,0.087
GLOBAL,PWROCGUSANE00,2042,0.058
GLOBAL,PWROCGUSANE00,2043,0.052
GLOBAL,PWROCGUSANE00,2044,0.05
GLOBAL,PWROCGUSANE00,2045,0.032
GLOBAL,PWROCGUSANE00,2046,0.023
GLOBAL,PWROCGUSANE00,2047,0.005
GLOBAL,PWROCGUSANE00,2048,0.0
GLOBAL,PWROCGUSANE00,2049,0.0
GLOBAL,PWROCGUSANE00,2050,0.0
GLOBAL,PWROILUSANE01,2021,5.719
GLOBAL,PWROILUSANE01,2022,5.719
GLOBAL,PWROILUSANE01,2023,5.71
GLOBAL,PWROILUSANE01,2024,5.71
GLOBAL,PWROILUSANE01,2025,5.71
GLOBAL,PWROILUSANE01,2026,5.487
GLOBAL,PWROILUSANE01,2027,5.414
GLOBAL,PWROILUSANE01,2028,5.401
GLOBAL,PWROILUSANE01,2029,1.309
GLOBAL,PWROILUSANE01,2030,1.309
GLOBAL,PWROILUSANE01,2031,1.309
GLOBAL,PWROILUSANE01,2032,1.309
GLOBAL,PWROILUSANE01,2033,1.309
GLOBAL,PWROILUSANE01,2034,0.558
GLOBAL,PWROILUSANE01,2035,0.552
GLOBAL,PWROILUSANE01,2036,0.552
GLOBAL,PWROILUSANE01,2037,0.55
GLOBAL,PWROILUSANE01,2038,0.545
GLOBAL,PWROILUSANE01,2039,0.545
GLOBAL,PWROILUSANE01,2040,0.545
GLOBAL,PWROILUSANE01,2041,0.262
GLOBAL,PWROILUSANE01,2042,0.017
GLOBAL,PWROILUSANE01,2043,0.01
GLOBAL,PWROILUSANE01,2044,0.01
GLOBAL,PWROILUSANE01,2045,0.0
GLOBAL,PWROILUSANE01,2046,0.0
GLOBAL,PWROILUSANE01,2047,0.0
GLOBAL,PWROILUSANE01,2048,0.0
GLOBAL,PWROILUSANE01,2049,0.0
GLOBAL,PWROILUSANE01,2050,0.0
GLOBAL,PWROTHUSANE01,2021,0.053
GLOBAL,PWROTHUSANE01,2022,0.022
GLOBAL,PWROTHUSANE01,2023,0.022
GLOBAL,PWROTHUSANE01,2024,0.022
GLOBAL,PWROTHUSANE01,2025,0.022
GLOBAL,PWROTHUSANE01,2026,0.022
GLOBAL,PWROTHUSANE01,2027,0.022
GLOBAL,PWROTHUSANE01,2028,0.022
GLOBAL,PWROTHUSANE01,2029,0.022
GLOBAL,PWROTHUSANE01,2030,0.022
GLOBAL,PWROTHUSANE01,2031,0.022
GLOBAL,PWROTHUSANE01,2032,0.022
GLOBAL,PWROTHUSANE01,2033,0.022
GLOBAL,PWROTHUSANE01,2034,0.0
GLOBAL,PWROTHUSANE01,2035,0.0
GLOBAL,PWROTHUSANE01,2036,0.0
GLOBAL,PWROTHUSANE01,2037,0.0
GLOBAL,PWROTHUSANE01,2038,0.0
GLOBAL,PWROTHUSANE01,2039,0.0
GLOBAL,PWROTHUSANE01,2040,0.0
GLOBAL,PWROTHUSANE01,2041,0.0
GLOBAL,PWROTHUSANE01,2042,0.0
GLOBAL,PWROTHUSANE01,2043,0.0
GLOBAL,PWROTHUSANE01,2044,0.0
GLOBAL,PWROTHUSANE01,2045,0.0
GLOBAL,PWROTHUSANE01,2046,0.0
GLOBAL,PWROTHUSANE01,2047,0.0
GLOBAL,PWROTHUSANE01,2048,0.0
GLOBAL,PWROTHUSANE01,2049,0.0
GLOBAL,PWROTHUSANE01,2050,0.0
GLOBAL,PWRSPVUSANE01,2021,1.2175
GLOBAL,PWRSPVUSANE01,2022,1.2175
GLOBAL,PWRSPVUSANE01,2023,1.2175
GLOBAL,PWRSPVUSANE01,2024,1.2175
GLOBAL,PWRSPVUSANE01,2025,1.2175
GLOBAL,PWRSPVUSANE01,2026,1.2175
GLOBAL,PWRSPVUSANE01,2027,1.2175
GLOBAL,PWRSPVUSANE01,2028,1.2175
GLOBAL,PWRSPVUSANE01,2029,1.2175
GLOBAL,PWRSPVUSANE01,2030,1.2175
GLOBAL,PWRSPVUSANE01,2031,1.2175
GLOBAL,PWRSPVUSANE01,2032,1.2175
GLOBAL,PWRSPVUSANE01,2033,1.2175
GLOBAL,PWRSPVUSANE01,2034,1.2175
GLOBAL,PWRSPVUSANE01,2035,1.2175
GLOBAL,PWRSPVUSANE01,2036,1.2175
GLOBAL,PWRSPVUSANE01,2037,1.2175
GLOBAL,PWRSPVUSANE01,2038,1.2175
GLOBAL,PWRSPVUSANE01,2039,1.2175
GLOBAL,PWRSPVUSANE01,2040,1.2175
GLOBAL,PWRSPVUSANE01,2041,1.2165
GLOBAL,PWRSPVUSANE01,2042,1.2085
GLOBAL,PWRSPVUSANE01,2043,1.1605
GLOBAL,PWRSPVUSANE01,2044,1.0805
GLOBAL,PWRSPVUSANE01,2045,0.435
GLOBAL,PWRSPVUSANE01,2046,0.373
GLOBAL,PWRSPVUSANE01,2047,0.268
GLOBAL,PWRSPVUSANE01,2048,0.031
GLOBAL,PWRSPVUSANE01,2049,0.0
GLOBAL,PWRSPVUSANE01,2050,0.0
GLOBAL,PWRURNUSANE01,2021,4.076
GLOBAL,PWRURNUSANE01,2022,4.076
GLOBAL,PWRURNUSANE01,2023,4.076
GLOBAL,PWRURNUSANE01,2024,4.076
GLOBAL,PWRURNUSANE01,2025,4.076
GLOBAL,PWRURNUSANE01,2026,4.076
GLOBAL,PWRURNUSANE01,2027,4.076
GLOBAL,PWRURNUSANE01,2028,4.076
GLOBAL,PWRURNUSANE01,2029,4.076
GLOBAL,PWRURNUSANE01,2030,4.076
GLOBAL,PWRURNUSANE01,2031,4.076
GLOBAL,PWRURNUSANE01,2032,4.076
GLOBAL,PWRURNUSANE01,2033,4.076
GLOBAL,PWRURNUSANE01,2034,3.406
GLOBAL,PWRURNUSANE01,2035,3.406
GLOBAL,PWRURNUSANE01,2036,3.406
GLOBAL,PWRURNUSANE01,2037,3.406
GLOBAL,PWRURNUSANE01,2038,3.406
GLOBAL,PWRURNUSANE01,2039,3.406
GLOBAL,PWRURNUSANE01,2040,3.406
GLOBAL,PWRURNUSANE01,2041,3.406
GLOBAL,PWRURNUSANE01,2042,3.406
GLOBAL,PWRURNUSANE01,2043,1.242
GLOBAL,PWRURNUSANE01,2044,1.242
GLOBAL,PWRURNUSANE01,2045,1.242
GLOBAL,PWRURNUSANE01,2046,1.242
GLOBAL,PWRURNUSANE01,2047,1.242
GLOBAL,PWRURNUSANE01,2048,1.242
GLOBAL,PWRURNUSANE01,2049,1.242
GLOBAL,PWRURNUSANE01,2050,1.242
GLOBAL,PWRWASUSANE01,2021,1.39
GLOBAL,PWRWASUSANE01,2022,1.39
GLOBAL,PWRWASUSANE01,2023,1.287
GLOBAL,PWRWASUSANE01,2024,1.246
GLOBAL,PWRWASUSANE01,2025,1.246
GLOBAL,PWRWASUSANE01,2026,1.231
GLOBAL,PWRWASUSANE01,2027,1.222
GLOBAL,PWRWASUSANE01,2028,1.222
GLOBAL,PWRWASUSANE01,2029,1.158
GLOBAL,PWRWASUSANE01,2030,1.158
GLOBAL,PWRWASUSANE01,2031,1.153
GLOBAL,PWRWASUSANE01,2032,1.15
GLOBAL,PWRWASUSANE01,2033,1.15
GLOBAL,PWRWASUSANE01,2034,0.226
GLOBAL,PWRWASUSANE01,2035,0.222
GLOBAL,PWRWASUSANE01,2036,0.213
GLOBAL,PWRWASUSANE01,2037,0.197
GLOBAL,PWRWASUSANE01,2038,0.197
GLOBAL,PWRWASUSANE01,2039,0.171
GLOBAL,PWRWASUSANE01,2040,0.164
GLOBAL,PWRWASUSANE01,2041,0.164
GLOBAL,PWRWASUSANE01,2042,0.162
GLOBAL,PWRWASUSANE01,2043,0.162
GLOBAL,PWRWASUSANE01,2044,0.052
GLOBAL,PWRWASUSANE01,2045,0.009
GLOBAL,PWRWASUSANE01,2046,0.009
GLOBAL,PWRWASUSANE01,2047,0.0
GLOBAL,PWRWASUSANE01,2048,0.0
GLOBAL,PWRWASUSANE01,2049,0.0
GLOBAL,PWRWASUSANE01,2050,0.0
GLOBAL,PWRWONUSANE01,2021,1.4468
GLOBAL,PWRWONUSANE01,2022,1.4468
GLOBAL,PWRWONUSANE01,2023,1.4468
GLOBAL,PWRWONUSANE01,2024,1.4468
GLOBAL,PWRWONUSANE01,2025,1.4468
GLOBAL,PWRWONUSANE01,2026,1.4468
GLOBAL,PWRWONUSANE01,2027,1.4468
GLOBAL,PWRWONUSANE01,2028,1.4408
GLOBAL,PWRWONUSANE01,2029,1.4408
GLOBAL,PWRWONUSANE01,2030,1.4408
GLOBAL,PWRWONUSANE01,2031,1.4408
GLOBAL,PWRWONUSANE01,2032,1.4408
GLOBAL,PWRWONUSANE01,2033,1.4408
GLOBAL,PWRWONUSANE01,2034,1.4408
GLOBAL,PWRWONUSANE01,2035,1.4408
GLOBAL,PWRWONUSANE01,2036,1.4408
GLOBAL,PWRWONUSANE01,2037,1.4388
GLOBAL,PWRWONUSANE01,2038,1.3968
GLOBAL,PWRWONUSANE01,2039,1.3918
GLOBAL,PWRWONUSANE01,2040,1.275
GLOBAL,PWRWONUSANE01,2041,1.112
GLOBAL,PWRWONUSANE01,2042,0.985
GLOBAL,PWRWONUSANE01,2043,0.697
GLOBAL,PWRWONUSANE01,2044,0.601
GLOBAL,PWRWONUSANE01,2045,0.598
GLOBAL,PWRWONUSANE01,2046,0.411
GLOBAL,PWRWONUSANE01,2047,0.331
GLOBAL,PWRWONUSANE01,2048,0.03
GLOBAL,PWRWONUSANE01,2049,0.0
GLOBAL,PWRWONUSANE01,2050,0.0
GLOBAL,PWRBIOUSANW01,2021,0.475
GLOBAL,PWRBIOUSANW01,2022,0.475
GLOBAL,PWRBIOUSANW01,2023,0.475
GLOBAL,PWRBIOUSANW01,2024,0.475
GLOBAL,PWRBIOUSANW01,2025,0.475
GLOBAL,PWRBIOUSANW01,2026,0.475
GLOBAL,PWRBIOUSANW01,2027,0.439
GLOBAL,PWRBIOUSANW01,2028,0.439
GLOBAL,PWRBIOUSANW01,2029,0.257
GLOBAL,PWRBIOUSANW01,2030,0.257
GLOBAL,PWRBIOUSANW01,2031,0.257
GLOBAL,PWRBIOUSANW01,2032,0.257
GLOBAL,PWRBIOUSANW01,2033,0.257
GLOBAL,PWRBIOUSANW01,2034,0.135
GLOBAL,PWRBIOUSANW01,2035,0.135
GLOBAL,PWRBIOUSANW01,2036,0.135
GLOBAL,PWRBIOUSANW01,2037,0.135
GLOBAL,PWRBIOUSANW01,2038,0.098
GLOBAL,PWRBIOUSANW01,2039,0.096
GLOBAL,PWRBIOUSANW01,2040,0.03
GLOBAL,PWRBIOUSANW01,2041,0.028
GLOBAL,PWRBIOUSANW01,2042,0.024
GLOBAL,PWRBIOUSANW01,2043,0.008
GLOBAL,PWRBIOUSANW01,2044,0.002
GLOBAL,PWRBIOUSANW01,2045,0.002
GLOBAL,PWRBIOUSANW01,2046,0.0
GLOBAL,PWRBIOUSANW01,2047,0.0
GLOBAL,PWRBIOUSANW01,2048,0.0
GLOBAL,PWRBIOUSANW01,2049,0.0
GLOBAL,PWRBIOUSANW01,2050,0.0
GLOBAL,PWRCCGUSANW00,2021,13.656
GLOBAL,PWRCCGUSANW00,2022,13.656
GLOBAL,PWRCCGUSANW00,2023,13.516
GLOBAL,PWRCCGUSANW00,2024,13.34
GLOBAL,PWRCCGUSANW00,2025,12.888
GLOBAL,PWRCCGUSANW00,2026,12.622
GLOBAL,PWRCCGUSANW00,2027,12.0
GLOBAL,PWRCCGUSANW00,2028,12.0
GLOBAL,PWRCCGUSANW00,2029,10.42
GLOBAL,PWRCCGUSANW00,2030,10.42
GLOBAL,PWRCCGUSANW00,2031,9.388
GLOBAL,PWRCCGUSANW00,2032,8.584
GLOBAL,PWRCCGUSANW00,2033,7.359
GLOBAL,PWRCCGUSANW00,2034,5.651
GLOBAL,PWRCCGUSANW00,2035,5.227
GLOBAL,PWRCCGUSANW00,2036,4.404
GLOBAL,PWRCCGUSANW00,2037,4.133
GLOBAL,PWRCCGUSANW00,2038,3.649
GLOBAL,PWRCCGUSANW00,2039,2.632
GLOBAL,PWRCCGUSANW00,2040,2.632
GLOBAL,PWRCCGUSANW00,2041,2.632
GLOBAL,PWRCCGUSANW00,2042,1.045
GLOBAL,PWRCCGUSANW00,2043,0.726
GLOBAL,PWRCCGUSANW00,2044,0.726
GLOBAL,PWRCCGUSANW00,2045,0.726
GLOBAL,PWRCCGUSANW00,2046,0.5
GLOBAL,PWRCCGUSANW00,2047,0.0
GLOBAL,PWRCCGUSANW00,2048,0.0
GLOBAL,PWRCCGUSANW00,2049,0.0
GLOBAL,PWRCCGUSANW00,2050,0.0
GLOBAL,PWRCOAUSANW01,2021,16.189
GLOBAL,PWRCOAUSANW01,2022,16.189
GLOBAL,PWRCOAUSANW01,2023,16.189
GLOBAL,PWRCOAUSANW01,2024,16.131
GLOBAL,PWRCOAUSANW01,2025,16.131
GLOBAL,PWRCOAUSANW01,2026,16.131
GLOBAL,PWRCOAUSANW01,2027,16.131
GLOBAL,PWRCOAUSANW01,2028,14.553
GLOBAL,PWRCOAUSANW01,2029,6.948
GLOBAL,PWRCOAUSANW01,2030,6.948
GLOBAL,PWRCOAUSANW01,2031,6.948
GLOBAL,PWRCOAUSANW01,2032,6.948
GLOBAL,PWRCOAUSANW01,2033,6.948
GLOBAL,PWRCOAUSANW01,2034,0.358
GLOBAL,PWRCOAUSANW01,2035,0.358
GLOBAL,PWRCOAUSANW01,2036,0.358
GLOBAL,PWRCOAUSANW01,2037,0.242
GLOBAL,PWRCOAUSANW01,2038,0.242
GLOBAL,PWRCOAUSANW01,2039,0.0
GLOBAL,PWRCOAUSANW01,2040,0.0
GLOBAL,PWRCOAUSANW01,2041,0.0
GLOBAL,PWRCOAUSANW01,2042,0.0
GLOBAL,PWRCOAUSANW01,2043,0.0
GLOBAL,PWRCOAUSANW01,2044,0.0
GLOBAL,PWRCOAUSANW01,2045,0.0
GLOBAL,PWRCOAUSANW01,2046,0.0
GLOBAL,PWRCOAUSANW01,2047,0.0
GLOBAL,PWRCOAUSANW01,2048,0.0
GLOBAL,PWRCOAUSANW01,2049,0.0
GLOBAL,PWRCOAUSANW01,2050,0.0
GLOBAL,PWRCOGUSANW01,2021,0.026
GLOBAL,PWRCOGUSANW01,2022,0.026
GLOBAL,PWRCOGUSANW01,2023,0.026
GLOBAL,PWRCOGUSANW01,2024,0.026
GLOBAL,PWRCOGUSANW01,2025,0.026
GLOBAL,PWRCOGUSANW01,2026,0.026
GLOBAL,PWRCOGUSANW01,2027,0.026
GLOBAL,PWRCOGUSANW01,2028,0.026
GLOBAL,PWRCOGUSANW01,2029,0.026
GLOBAL,PWRCOGUSANW01,2030,0.026
GLOBAL,PWRCOGUSANW01,2031,0.026
GLOBAL,PWRCOGUSANW01,2032,0.026
GLOBAL,PWRCOGUSANW01,2033,0.026
GLOBAL,PWRCOGUSANW01,2034,0.01
GLOBAL,PWRCOGUSANW01,2035,0.01
GLOBAL,PWRCOGUSANW01,2036,0.01
GLOBAL,PWRCOGUSANW01,2037,0.01
GLOBAL,PWRCOGUSANW01,2038,0.01
GLOBAL,PWRCOGUSANW01,2039,0.01
GLOBAL,PWRCOGUSANW01,2040,0.01
GLOBAL,PWRCOGUSANW01,2041,0.01
GLOBAL,PWRCOGUSANW01,2042,0.01
GLOBAL,PWRCOGUSANW01,2043,0.01
GLOBAL,PWRCOGUSANW01,2044,0.01
GLOBAL,PWRCOGUSANW01,2045,0.01
GLOBAL,PWRCOGUSANW01,2046,0.01
GLOBAL,PWRCOGUSANW01,2047,0.0
GLOBAL,PWRCOGUSANW01,2048,0.0
GLOBAL,PWRCOGUSANW01,2049,0.0
GLOBAL,PWRCOGUSANW01,2050,0.0
GLOBAL,PWRCSPUSANW01,2021,0.125
GLOBAL,PWRCSPUSANW01,2022,0.125
GLOBAL,PWRCSPUSANW01,2023,0.125
GLOBAL,PWRCSPUSANW01,2024,0.125
GLOBAL,PWRCSPUSANW01,2025,0.125
GLOBAL,PWRCSPUSANW01,2026,0.125
GLOBAL,PWRCSPUSANW01,2027,0.125
GLOBAL,PWRCSPUSANW01,2028,0.125
GLOBAL,PWRCSPUSANW01,2029,0.125
GLOBAL,PWRCSPUSANW01,2030,0.125
GLOBAL,PWRCSPUSANW01,2031,0.125
GLOBAL,PWRCSPUSANW01,2032,0.125
GLOBAL,PWRCSPUSANW01,2033,0.125
GLOBAL,PWRCSPUSANW01,2034,0.125
GLOBAL,PWRCSPUSANW01,2035,0.125
GLOBAL,PWRCSPUSANW01,2036,0.125
GLOBAL,PWRCSPUSANW01,2037,0.125
GLOBAL,PWRCSPUSANW01,2038,0.125
GLOBAL,PWRCSPUSANW01,2039,0.125
GLOBAL,PWRCSPUSANW01,2040,0.125
GLOBAL,PWRCSPUSANW01,2041,0.125
GLOBAL,PWRCSPUSANW01,2042,0.125
GLOBAL,PWRCSPUSANW01,2043,0.125
GLOBAL,PWRCSPUSANW01,2044,0.125
GLOBAL,PWRCSPUSANW01,2045,0.125
GLOBAL,PWRCSPUSANW01,2046,0.0
GLOBAL,PWRCSPUSANW01,2047,0.0
GLOBAL,PWRCSPUSANW01,2048,0.0
GLOBAL,PWRCSPUSANW01,2049,0.0
GLOBAL,PWRCSPUSANW01,2050,0.0
GLOBAL,PWRGEOUSANW01,2021,0.927
GLOBAL,PWRGEOUSANW01,2022,0.927
GLOBAL,PWRGEOUSANW01,2023,0.846
GLOBAL,PWRGEOUSANW01,2024,0.824
GLOBAL,PWRGEOUSANW01,2025,0.791
GLOBAL,PWRGEOUSANW01,2026,0.791
GLOBAL,PWRGEOUSANW01,2027,0.791
GLOBAL,PWRGEOUSANW01,2028,0.791
GLOBAL,PWRGEOUSANW01,2029,0.791
GLOBAL,PWRGEOUSANW01,2030,0.72
GLOBAL,PWRGEOUSANW01,2031,0.72
GLOBAL,PWRGEOUSANW01,2032,0.72
GLOBAL,PWRGEOUSANW01,2033,0.72
GLOBAL,PWRGEOUSANW01,2034,0.655
GLOBAL,PWRGEOUSANW01,2035,0.655
GLOBAL,PWRGEOUSANW01,2036,0.625
GLOBAL,PWRGEOUSANW01,2037,0.599
GLOBAL,PWRGEOUSANW01,2038,0.585
GLOBAL,PWRGEOUSANW01,2039,0.537
GLOBAL,PWRGEOUSANW01,2040,0.449
GLOBAL,PWRGEOUSANW01,2041,0.38
GLOBAL,PWRGEOUSANW01,2042,0.356
GLOBAL,PWRGEOUSANW01,2043,0.287
GLOBAL,PWRGEOUSANW01,2044,0.173
GLOBAL,PWRGEOUSANW01,2045,0.125
GLOBAL,PWRGEOUSANW01,2046,0.037
GLOBAL,PWRGEOUSANW01,2047,0.037
GLOBAL,PWRGEOUSANW01,2048,0.037
GLOBAL,PWRGEOUSANW01,2049,0.0
GLOBAL,PWRGEOUSANW01,2050,0.0
GLOBAL,PWRHYDUSANW01,2021,35.306
GLOBAL,PWRHYDUSANW01,2022,35.293
GLOBAL,PWRHYDUSANW01,2023,35.273
GLOBAL,PWRHYDUSANW01,2024,35.24
GLOBAL,PWRHYDUSANW01,2025,35.222
GLOBAL,PWRHYDUSANW01,2026,35.134
GLOBAL,PWRHYDUSANW01,2027,35.061
GLOBAL,PWRHYDUSANW01,2028,35.005
GLOBAL,PWRHYDUSANW01,2029,34.863
GLOBAL,PWRHYDUSANW01,2030,34.863
GLOBAL,PWRHYDUSANW01,2031,34.808
GLOBAL,PWRHYDUSANW01,2032,34.808
GLOBAL,PWRHYDUSANW01,2033,34.799
GLOBAL,PWRHYDUSANW01,2034,34.378
GLOBAL,PWRHYDUSANW01,2035,34.341
GLOBAL,PWRHYDUSANW01,2036,34.339
GLOBAL,PWRHYDUSANW01,2037,34.157
GLOBAL,PWRHYDUSANW01,2038,34.139
GLOBAL,PWRHYDUSANW01,2039,33.927
GLOBAL,PWRHYDUSANW01,2040,33.859
GLOBAL,PWRHYDUSANW01,2041,33.856
GLOBAL,PWRHYDUSANW01,2042,33.856
GLOBAL,PWRHYDUSANW01,2043,33.768
GLOBAL,PWRHYDUSANW01,2044,33.768
GLOBAL,PWRHYDUSANW01,2045,33.753
GLOBAL,PWRHYDUSANW01,2046,33.753
GLOBAL,PWRHYDUSANW01,2047,33.753
GLOBAL,PWRHYDUSANW01,2048,33.342
GLOBAL,PWRHYDUSANW01,2049,33.32
GLOBAL,PWRHYDUSANW01,2050,33.247
GLOBAL,PWROCGUSANW00,2021,1.052
GLOBAL,PWROCGUSANW00,2022,1.039
GLOBAL,PWROCGUSANW00,2023,1.039
GLOBAL,PWROCGUSANW00,2024,0.913
GLOBAL,PWROCGUSANW00,2025,0.913
GLOBAL,PWROCGUSANW00,2026,0.913
GLOBAL,PWROCGUSANW00,2027,0.913
GLOBAL,PWROCGUSANW00,2028,0.882
GLOBAL,PWROCGUSANW00,2029,0.8
GLOBAL,PWROCGUSANW00,2030,0.8
GLOBAL,PWROCGUSANW00,2031,0.8
GLOBAL,PWROCGUSANW00,2032,0.758
GLOBAL,PWROCGUSANW00,2033,0.588
GLOBAL,PWROCGUSANW00,2034,0.512
GLOBAL,PWROCGUSANW00,2035,0.467
GLOBAL,PWROCGUSANW00,2036,0.355
GLOBAL,PWROCGUSANW00,2037,0.167
GLOBAL,PWROCGUSANW00,2038,0.167
GLOBAL,PWROCGUSANW00,2039,0.072
GLOBAL,PWROCGUSANW00,2040,0.072
GLOBAL,PWROCGUSANW00,2041,0.035
GLOBAL,PWROCGUSANW00,2042,0.035
GLOBAL,PWROCGUSANW00,2043,0.035
GLOBAL,PWROCGUSANW00,2044,0.024
GLOBAL,PWROCGUSANW00,2045,0.014
GLOBAL,PWROCGUSANW00,2046,0.0
GLOBAL,PWROCGUSANW00,2047,0.0
GLOBAL,PWROCGUSANW00,2048,0.0
GLOBAL,PWROCGUSANW00,2049,0.0
GLOBAL,PWROCGUSANW00,2050,0.0
GLOBAL,PWROILUSANW01,2021,0.059
GLOBAL,PWROILUSANW01,2022,0.059
GLOBAL,PWROILUSANW01,2023,0.059
GLOBAL,PWROILUSANW01,2024,0.059
GLOBAL,PWROILUSANW01,2025,0.059
GLOBAL,PWROILUSANW01,2026,0.059
GLOBAL,PWROILUSANW01,2027,0.059
GLOBAL,PWROILUSANW01,2028,0.059
GLOBAL,PWROILUSANW01,2029,0.042
GLOBAL,PWROILUSANW01,2030,0.032
GLOBAL,PWROILUSANW01,2031,0.032
GLOBAL,PWROILUSANW01,2032,0.032
GLOBAL,PWROILUSANW01,2033,0.032
GLOBAL,PWROILUSANW01,2034,0.001
GLOBAL,PWROILUSANW01,2035,0.001
GLOBAL,PWROILUSANW01,2036,0.001
GLOBAL,PWROILUSANW01,2037,0.001
GLOBAL,PWROILUSANW01,2038,0.001
GLOBAL,PWROILUSANW01,2039,0.001
GLOBAL,PWROILUSANW01,2040,0.0
GLOBAL,PWROILUSANW01,2041,0.0
GLOBAL,PWROILUSANW01,2042,0.0
GLOBAL,PWROILUSANW01,2043,0.0
GLOBAL,PWROILUSANW01,2044,0.0
GLOBAL,PWROILUSANW01,2045,0.0
GLOBAL,PWROILUSANW01,2046,0.0
GLOBAL,PWROILUSANW01,2047,0.0
GLOBAL,PWROILUSANW01,2048,0.0
GLOBAL,PWROILUSANW01,2049,0.0
GLOBAL,PWROILUSANW01,2050,0.0
GLOBAL,PWROTHUSANW01,2021,0.012
GLOBAL,PWROTHUSANW01,2022,0.012
GLOBAL,PWROTHUSANW01,2023,0.012
GLOBAL,PWROTHUSANW01,2024,0.012
GLOBAL,PWROTHUSANW01,2025,0.012
GLOBAL,PWROTHUSANW01,2026,0.012
GLOBAL,PWROTHUSANW01,2027,0.012
GLOBAL,PWROTHUSANW01,2028,0.012
GLOBAL,PWROTHUSANW01,2029,0.012
GLOBAL,PWROTHUSANW01,2030,0.012
GLOBAL,PWROTHUSANW01,2031,0.012
GLOBAL,PWROTHUSANW01,2032,0.012
GLOBAL,PWROTHUSANW01,2033,0.012
GLOBAL,PWROTHUSANW01,2034,0.0
GLOBAL,PWROTHUSANW01,2035,0.0
GLOBAL,PWROTHUSANW01,2036,0.0
GLOBAL,PWROTHUSANW01,2037,0.0
GLOBAL,PWROTHUSANW01,2038,0.0
GLOBAL,PWROTHUSANW01,2039,0.0
GLOBAL,PWROTHUSANW01,2040,0.0
GLOBAL,PWROTHUSANW01,2041,0.0
GLOBAL,PWROTHUSANW01,2042,0.0
GLOBAL,PWROTHUSANW01,2043,0.0
GLOBAL,PWROTHUSANW01,2044,0.0
GLOBAL,PWROTHUSANW01,2045,0.0
GLOBAL,PWROTHUSANW01,2046,0.0
GLOBAL,PWROTHUSANW01,2047,0.0
GLOBAL,PWROTHUSANW01,2048,0.0
GLOBAL,PWROTHUSANW01,2049,0.0
GLOBAL,PWROTHUSANW01,2050,0.0
GLOBAL,PWRPETUSANW01,2021,0.068
GLOBAL,PWRPETUSANW01,2022,0.068
GLOBAL,PWRPETUSANW01,2023,0.068
GLOBAL,PWRPETUSANW01,2024,0.068
GLOBAL,PWRPETUSANW01,2025,0.068
GLOBAL,PWRPETUSANW01,2026,0.0
GLOBAL,PWRPETUSANW01,2027,0.0
GLOBAL,PWRPETUSANW01,2028,0.0
GLOBAL,PWRPETUSANW01,2029,0.0
GLOBAL,PWRPETUSANW01,2030,0.0
GLOBAL,PWRPETUSANW01,2031,0.0
GLOBAL,PWRPETUSANW01,2032,0.0
GLOBAL,PWRPETUSANW01,2033,0.0
GLOBAL,PWRPETUSANW01,2034,0.0
GLOBAL,PWRPETUSANW01,2035,0.0
GLOBAL,PWRPETUSANW01,2036,0.0
GLOBAL,PWRPETUSANW01,2037,0.0
GLOBAL,PWRPETUSANW01,2038,0.0
GLOBAL,PWRPETUSANW01,2039,0.0
GLOBAL,PWRPETUSANW01,2040,0.0
GLOBAL,PWRPETUSANW01,2041,0.0
GLOBAL,PWRPETUSANW01,2042,0.0
GLOBAL,PWRPETUSANW01,2043,0.0
GLOBAL,PWRPETUSANW01,2044,0.0
GLOBAL,PWRPETUSANW01,2045,0.0
GLOBAL,PWRPETUSANW01,2046,0.0
GLOBAL,PWRPETUSANW01,2047,0.0
GLOBAL,PWRPETUSANW01,2048,0.0
GLOBAL,PWRPETUSANW01,2049,0.0
GLOBAL,PWRPETUSANW01,2050,0.0
GLOBAL,PWRSPVUSANW01,2021,1.4645
GLOBAL,PWRSPVUSANW01,2022,1.4645
GLOBAL,PWRSPVUSANW01,2023,1.4645
GLOBAL,PWRSPVUSANW01,2024,1.4645
GLOBAL,PWRSPVUSANW01,2025,1.4645
GLOBAL,PWRSPVUSANW01,2026,1.4645
GLOBAL,PWRSPVUSANW01,2027,1.4645
GLOBAL,PWRSPVUSANW01,2028,1.4645
GLOBAL,PWRSPVUSANW01,2029,1.4645
GLOBAL,PWRSPVUSANW01,2030,1.4645
GLOBAL,PWRSPVUSANW01,2031,1.4645
GLOBAL,PWRSPVUSANW01,2032,1.4645
GLOBAL,PWRSPVUSANW01,2033,1.4645
GLOBAL,PWRSPVUSANW01,2034,1.4645
GLOBAL,PWRSPVUSANW01,2035,1.4645
GLOBAL,PWRSPVUSANW01,2036,1.4645
GLOBAL,PWRSPVUSANW01,2037,1.4645
GLOBAL,PWRSPVUSANW01,2038,1.4645
GLOBAL,PWRSPVUSANW01,2039,1.4645
GLOBAL,PWRSPVUSANW01,2040,1.4645
GLOBAL,PWRSPVUSANW01,2041,1.4645
GLOBAL,PWRSPVUSANW01,2042,1.4615
GLOBAL,PWRSPVUSANW01,2043,1.4525
GLOBAL,PWRSPVUSANW01,2044,1.4525
GLOBAL,PWRSPVUSANW01,2045,1.391
GLOBAL,PWRSPVUSANW01,2046,1.348
GLOBAL,PWRSPVUSANW01,2047,0.518
GLOBAL,PWRSPVUSANW01,2048,0.067
GLOBAL,PWRSPVUSANW01,2049,0.0
GLOBAL,PWRSPVUSANW01,2050,0.0
GLOBAL,PWRURNUSANW01,2021,1.2
GLOBAL,PWRURNUSANW01,2022,1.2
GLOBAL,PWRURNUSANW01,2023,1.2
GLOBAL,PWRURNUSANW01,2024,1.2
GLOBAL,PWRURNUSANW01,2025,1.2
GLOBAL,PWRURNUSANW01,2026,1.2
GLOBAL,PWRURNUSANW01,2027,1.2
GLOBAL,PWRURNUSANW01,2028,1.2
GLOBAL,PWRURNUSANW01,2029,1.2
GLOBAL,PWRURNUSANW01,2030,1.2
GLOBAL,PWRURNUSANW01,2031,1.2
GLOBAL,PWRURNUSANW01,2032,1.2
GLOBAL,PWRURNUSANW01,2033,1.2
GLOBAL,PWRURNUSANW01,2034,1.2
GLOBAL,PWRURNUSANW01,2035,1.2
GLOBAL,PWRURNUSANW01,2036,1.2
GLOBAL,PWRURNUSANW01,2037,1.2
GLOBAL,PWRURNUSANW01,2038,1.2
GLOBAL,PWRURNUSANW01,2039,1.2
GLOBAL,PWRURNUSANW01,2040,1.2
GLOBAL,PWRURNUSANW01,2041,1.2
GLOBAL,PWRURNUSANW01,2042,1.2
GLOBAL,PWRURNUSANW01,2043,1.2
GLOBAL,PWRURNUSANW01,2044,1.2
GLOBAL,PWRURNUSANW01,2045,1.2
GLOBAL,PWRURNUSANW01,2046,0.0
GLOBAL,PWRURNUSANW01,2047,0.0
GLOBAL,PWRURNUSANW01,2048,0.0
GLOBAL,PWRURNUSANW01,2049,0.0
GLOBAL,PWRURNUSANW01,2050,0.0
GLOBAL,PWRWASUSANW01,2021,0.552
GLOBAL,PWRWASUSANW01,2022,0.526
GLOBAL,PWRWASUSANW01,2023,0.526
GLOBAL,PWRWASUSANW01,2024,0.523
GLOBAL,PWRWASUSANW01,2025,0.513
GLOBAL,PWRWASUSANW01,2026,0.473
GLOBAL,PWRWASUSANW01,2027,0.473
GLOBAL,PWRWASUSANW01,2028,0.473
GLOBAL,PWRWASUSANW01,2029,0.335
GLOBAL,PWRWASUSANW01,2030,0.335
GLOBAL,PWRWASUSANW01,2031,0.335
GLOBAL,PWRWASUSANW01,2032,0.335
GLOBAL,PWRWASUSANW01,2033,0.329
GLOBAL,PWRWASUSANW01,2034,0.199
GLOBAL,PWRWASUSANW01,2035,0.199
GLOBAL,PWRWASUSANW01,2036,0.199
GLOBAL,PWRWASUSANW01,2037,0.194
GLOBAL,PWRWASUSANW01,2038,0.128
GLOBAL,PWRWASUSANW01,2039,0.086
GLOBAL,PWRWASUSANW01,2040,0.076
GLOBAL,PWRWASUSANW01,2041,0.071
GLOBAL,PWRWASUSANW01,2042,0.051
GLOBAL,PWRWASUSANW01,2043,0.03
GLOBAL,PWRWASUSANW01,2044,0.002
GLOBAL,PWRWASUSANW01,2045,0.0
GLOBAL,PWRWASUSANW01,2046,0.0
GLOBAL,PWRWASUSANW01,2047,0.0
GLOBAL,PWRWASUSANW01,2048,0.0
GLOBAL,PWRWASUSANW01,2049,0.0
GLOBAL,PWRWASUSANW01,2050,0.0
GLOBAL,PWRWONUSANW01,2021,9.742
GLOBAL,PWRWONUSANW01,2022,9.742
GLOBAL,PWRWONUSANW01,2023,9.742
GLOBAL,PWRWONUSANW01,2024,9.742
GLOBAL,PWRWONUSANW01,2025,9.742
GLOBAL,PWRWONUSANW01,2026,9.742
GLOBAL,PWRWONUSANW01,2027,9.742
GLOBAL,PWRWONUSANW01,2028,9.742
GLOBAL,PWRWONUSANW01,2029,9.717
GLOBAL,PWRWONUSANW01,2030,9.643
GLOBAL,PWRWONUSANW01,2031,9.626
GLOBAL,PWRWONUSANW01,2032,9.576
GLOBAL,PWRWONUSANW01,2033,9.105
GLOBAL,PWRWONUSANW01,2034,9.105
GLOBAL,PWRWONUSANW01,2035,8.92
GLOBAL,PWRWONUSANW01,2036,8.677
GLOBAL,PWRWONUSANW01,2037,8.168
GLOBAL,PWRWONUSANW01,2038,7.182
GLOBAL,PWRWONUSANW01,2039,6.569
GLOBAL,PWRWONUSANW01,2040,4.404
GLOBAL,PWRWONUSANW01,2041,3.428
GLOBAL,PWRWONUSANW01,2042,2.706
GLOBAL,PWRWONUSANW01,2043,1.172
GLOBAL,PWRWONUSANW01,2044,0.516
GLOBAL,PWRWONUSANW01,2045,0.496
GLOBAL,PWRWONUSANW01,2046,0.229
GLOBAL,PWRWONUSANW01,2047,0.05
GLOBAL,PWRWONUSANW01,2048,0.0
GLOBAL,PWRWONUSANW01,2049,0.0
GLOBAL,PWRWONUSANW01,2050,0.0
GLOBAL,PWRBIOUSANY01,2021,0.043
GLOBAL,PWRBIOUSANY01,2022,0.043
GLOBAL,PWRBIOUSANY01,2023,0.043
GLOBAL,PWRBIOUSANY01,2024,0.043
GLOBAL,PWRBIOUSANY01,2025,0.043
GLOBAL,PWRBIOUSANY01,2026,0.043
GLOBAL,PWRBIOUSANY01,2027,0.043
GLOBAL,PWRBIOUSANY01,2028,0.043
GLOBAL,PWRBIOUSANY01,2029,0.001
GLOBAL,PWRBIOUSANY01,2030,0.001
GLOBAL,PWRBIOUSANY01,2031,0.001
GLOBAL,PWRBIOUSANY01,2032,0.001
GLOBAL,PWRBIOUSANY01,2033,0.001
GLOBAL,PWRBIOUSANY01,2034,0.001
GLOBAL,PWRBIOUSANY01,2035,0.001
GLOBAL,PWRBIOUSANY01,2036,0.001
GLOBAL,PWRBIOUSANY01,2037,0.001
GLOBAL,PWRBIOUSANY01,2038,0.001
GLOBAL,PWRBIOUSANY01,2039,0.001
GLOBAL,PWRBIOUSANY01,2040,0.001
GLOBAL,PWRBIOUSANY01,2041,0.001
GLOBAL,PWRBIOUSANY01,2042,0.001
GLOBAL,PWRBIOUSANY01,2043,0.0
GLOBAL,PWRBIOUSANY01,2044,0.0
GLOBAL,PWRBIOUSANY01,2045,0.0
GLOBAL,PWRBIOUSANY01,2046,0.0
GLOBAL,PWRBIOUSANY01,2047,0.0
GLOBAL,PWRBIOUSANY01,2048,0.0
GLOBAL,PWRBIOUSANY01,2049,0.0
GLOBAL,PWRBIOUSANY01,2050,0.0
GLOBAL,PWRCCGUSANY00,2021,20.858
GLOBAL,PWRCCGUSANY00,2022,20.858
GLOBAL,PWRCCGUSANY00,2023,20.637
GLOBAL,PWRCCGUSANY00,2024,20.637
GLOBAL,PWRCCGUSANY00,2025,16.121
GLOBAL,PWRCCGUSANY00,2026,15.974
GLOBAL,PWRCCGUSANY00,2027,15.652
GLOBAL,PWRCCGUSANY00,2028,15.652
GLOBAL,PWRCCGUSANY00,2029,6.655
GLOBAL,PWRCCGUSANY00,2030,6.415
GLOBAL,PWRCCGUSANY00,2031,6.415
GLOBAL,PWRCCGUSANY00,2032,6.415
GLOBAL,PWRCCGUSANY00,2033,6.415
GLOBAL,PWRCCGUSANY00,2034,5.507
GLOBAL,PWRCCGUSANY00,2035,4.183
GLOBAL,PWRCCGUSANY00,2036,3.289
GLOBAL,PWRCCGUSANY00,2037,2.165
GLOBAL,PWRCCGUSANY00,2038,2.165
GLOBAL,PWRCCGUSANY00,2039,2.165
GLOBAL,PWRCCGUSANY00,2040,1.816
GLOBAL,PWRCCGUSANY00,2041,1.162
GLOBAL,PWRCCGUSANY00,2042,0.512
GLOBAL,PWRCCGUSANY00,2043,0.0
GLOBAL,PWRCCGUSANY00,2044,0.0
GLOBAL,PWRCCGUSANY00,2045,0.0
GLOBAL,PWRCCGUSANY00,2046,0.0
GLOBAL,PWRCCGUSANY00,2047,0.0
GLOBAL,PWRCCGUSANY00,2048,0.0
GLOBAL,PWRCCGUSANY00,2049,0.0
GLOBAL,PWRCCGUSANY00,2050,0.0
GLOBAL,PWRCOAUSANY01,2021,1.736
GLOBAL,PWRCOAUSANY01,2022,1.736
GLOBAL,PWRCOAUSANY01,2023,1.736
GLOBAL,PWRCOAUSANY01,2024,1.736
GLOBAL,PWRCOAUSANY01,2025,1.736
GLOBAL,PWRCOAUSANY01,2026,1.736
GLOBAL,PWRCOAUSANY01,2027,1.736
GLOBAL,PWRCOAUSANY01,2028,1.736
GLOBAL,PWRCOAUSANY01,2029,0.654
GLOBAL,PWRCOAUSANY01,2030,0.654
GLOBAL,PWRCOAUSANY01,2031,0.654
GLOBAL,PWRCOAUSANY01,2032,0.654
GLOBAL,PWRCOAUSANY01,2033,0.654
GLOBAL,PWRCOAUSANY01,2034,0.0
GLOBAL,PWRCOAUSANY01,2035,0.0
GLOBAL,PWRCOAUSANY01,2036,0.0
GLOBAL,PWRCOAUSANY01,2037,0.0
GLOBAL,PWRCOAUSANY01,2038,0.0
GLOBAL,PWRCOAUSANY01,2039,0.0
GLOBAL,PWRCOAUSANY01,2040,0.0
GLOBAL,PWRCOAUSANY01,2041,0.0
GLOBAL,PWRCOAUSANY01,2042,0.0
GLOBAL,PWRCOAUSANY01,2043,0.0
GLOBAL,PWRCOAUSANY01,2044,0.0
GLOBAL,PWRCOAUSANY01,2045,0.0
GLOBAL,PWRCOAUSANY01,2046,0.0
GLOBAL,PWRCOAUSANY01,2047,0.0
GLOBAL,PWRCOAUSANY01,2048,0.0
GLOBAL,PWRCOAUSANY01,2049,0.0
GLOBAL,PWRCOAUSANY01,2050,0.0
GLOBAL,PWRHYDUSANY01,2021,5.93
GLOBAL,PWRHYDUSANY01,2022,5.92
GLOBAL,PWRHYDUSANY01,2023,5.83
GLOBAL,PWRHYDUSANY01,2024,5.81
GLOBAL,PWRHYDUSANY01,2025,5.748
GLOBAL,PWRHYDUSANY01,2026,5.709
GLOBAL,PWRHYDUSANY01,2027,5.7
GLOBAL,PWRHYDUSANY01,2028,5.691
GLOBAL,PWRHYDUSANY01,2029,5.675
GLOBAL,PWRHYDUSANY01,2030,5.61
GLOBAL,PWRHYDUSANY01,2031,5.58
GLOBAL,PWRHYDUSANY01,2032,5.571
GLOBAL,PWRHYDUSANY01,2033,5.571
GLOBAL,PWRHYDUSANY01,2034,5.41
GLOBAL,PWRHYDUSANY01,2035,5.399
GLOBAL,PWRHYDUSANY01,2036,5.395
GLOBAL,PWRHYDUSANY01,2037,5.395
GLOBAL,PWRHYDUSANY01,2038,5.395
GLOBAL,PWRHYDUSANY01,2039,5.395
GLOBAL,PWRHYDUSANY01,2040,5.388
GLOBAL,PWRHYDUSANY01,2041,5.385
GLOBAL,PWRHYDUSANY01,2042,5.385
GLOBAL,PWRHYDUSANY01,2043,5.379
GLOBAL,PWRHYDUSANY01,2044,5.343
GLOBAL,PWRHYDUSANY01,2045,5.343
GLOBAL,PWRHYDUSANY01,2046,5.34
GLOBAL,PWRHYDUSANY01,2047,5.34
GLOBAL,PWRHYDUSANY01,2048,5.34
GLOBAL,PWRHYDUSANY01,2049,5.34
GLOBAL,PWRHYDUSANY01,2050,5.304
GLOBAL,PWROCGUSANY00,2021,3.18
GLOBAL,PWROCGUSANY00,2022,2.94
GLOBAL,PWROCGUSANY00,2023,2.626
GLOBAL,PWROCGUSANY00,2024,2.417
GLOBAL,PWROCGUSANY00,2025,2.068
GLOBAL,PWROCGUSANY00,2026,1.792
GLOBAL,PWROCGUSANY00,2027,1.79
GLOBAL,PWROCGUSANY00,2028,1.589
GLOBAL,PWROCGUSANY00,2029,1.297
GLOBAL,PWROCGUSANY00,2030,1.297
GLOBAL,PWROCGUSANY00,2031,1.271
GLOBAL,PWROCGUSANY00,2032,0.754
GLOBAL,PWROCGUSANY00,2033,0.575
GLOBAL,PWROCGUSANY00,2034,0.35
GLOBAL,PWROCGUSANY00,2035,0.212
GLOBAL,PWROCGUSANY00,2036,0.105
GLOBAL,PWROCGUSANY00,2037,0.065
GLOBAL,PWROCGUSANY00,2038,0.063
GLOBAL,PWROCGUSANY00,2039,0.062
GLOBAL,PWROCGUSANY00,2040,0.062
GLOBAL,PWROCGUSANY00,2041,0.051
GLOBAL,PWROCGUSANY00,2042,0.007
GLOBAL,PWROCGUSANY00,2043,0.007
GLOBAL,PWROCGUSANY00,2044,0.0
GLOBAL,PWROCGUSANY00,2045,0.0
GLOBAL,PWROCGUSANY00,2046,0.0
GLOBAL,PWROCGUSANY00,2047,0.0
GLOBAL,PWROCGUSANY00,2048,0.0
GLOBAL,PWROCGUSANY00,2049,0.0
GLOBAL,PWROCGUSANY00,2050,0.0
GLOBAL,PWROILUSANY01,2021,4.077
GLOBAL,PWROILUSANY01,2022,4.077
GLOBAL,PWROILUSANY01,2023,4.077
GLOBAL,PWROILUSANY01,2024,4.077
GLOBAL,PWROILUSANY01,2025,4.077
GLOBAL,PWROILUSANY01,2026,4.075
GLOBAL,PWROILUSANY01,2027,3.978
GLOBAL,PWROILUSANY01,2028,3.974
GLOBAL,PWROILUSANY01,2029,2.433
GLOBAL,PWROILUSANY01,2030,2.427
GLOBAL,PWROILUSANY01,2031,2.427
GLOBAL,PWROILUSANY01,2032,2.424
GLOBAL,PWROILUSANY01,2033,2.319
GLOBAL,PWROILUSANY01,2034,0.123
GLOBAL,PWROILUSANY01,2035,0.123
GLOBAL,PWROILUSANY01,2036,0.053
GLOBAL,PWROILUSANY01,2037,0.037
GLOBAL,PWROILUSANY01,2038,0.037
GLOBAL,PWROILUSANY01,2039,0.019
GLOBAL,PWROILUSANY01,2040,0.018
GLOBAL,PWROILUSANY01,2041,0.018
GLOBAL,PWROILUSANY01,2042,0.018
GLOBAL,PWROILUSANY01,2043,0.0
GLOBAL,PWROILUSANY01,2044,0.0
GLOBAL,PWROILUSANY01,2045,0.0
GLOBAL,PWROILUSANY01,2046,0.0
GLOBAL,PWROILUSANY01,2047,0.0
GLOBAL,PWROILUSANY01,2048,0.0
GLOBAL,PWROILUSANY01,2049,0.0
GLOBAL,PWROILUSANY01,2050,0.0
GLOBAL,PWRSPVUSANY01,2021,0.2509
GLOBAL,PWRSPVUSANY01,2022,0.2509
GLOBAL,PWRSPVUSANY01,2023,0.2509
GLOBAL,PWRSPVUSANY01,2024,0.2509
GLOBAL,PWRSPVUSANY01,2025,0.2509
GLOBAL,PWRSPVUSANY01,2026,0.2509
GLOBAL,PWRSPVUSANY01,2027,0.2509
GLOBAL,PWRSPVUSANY01,2028,0.2509
GLOBAL,PWRSPVUSANY01,2029,0.2509
GLOBAL,PWRSPVUSANY01,2030,0.2509
GLOBAL,PWRSPVUSANY01,2031,0.2509
GLOBAL,PWRSPVUSANY01,2032,0.2509
GLOBAL,PWRSPVUSANY01,2033,0.2509
GLOBAL,PWRSPVUSANY01,2034,0.2509
GLOBAL,PWRSPVUSANY01,2035,0.2509
GLOBAL,PWRSPVUSANY01,2036,0.2509
GLOBAL,PWRSPVUSANY01,2037,0.2509
GLOBAL,PWRSPVUSANY01,2038,0.2509
GLOBAL,PWRSPVUSANY01,2039,0.2509
GLOBAL,PWRSPVUSANY01,2040,0.2509
GLOBAL,PWRSPVUSANY01,2041,0.2509
GLOBAL,PWRSPVUSANY01,2042,0.2449
GLOBAL,PWRSPVUSANY01,2043,0.2049
GLOBAL,PWRSPVUSANY01,2044,0.1979
GLOBAL,PWRSPVUSANY01,2045,0.112
GLOBAL,PWRSPVUSANY01,2046,0.09
GLOBAL,PWRSPVUSANY01,2047,0.056
GLOBAL,PWRSPVUSANY01,2048,0.026
GLOBAL,PWRSPVUSANY01,2049,0.0
GLOBAL,PWRSPVUSANY01,2050,0.0
GLOBAL,PWRURNUSANY01,2021,5.709
GLOBAL,PWRURNUSANY01,2022,5.709
GLOBAL,PWRURNUSANY01,2023,5.709
GLOBAL,PWRURNUSANY01,2024,5.709
GLOBAL,PWRURNUSANY01,2025,5.709
GLOBAL,PWRURNUSANY01,2026,5.709
GLOBAL,PWRURNUSANY01,2027,5.709
GLOBAL,PWRURNUSANY01,2028,5.709
GLOBAL,PWRURNUSANY01,2029,5.709
GLOBAL,PWRURNUSANY01,2030,5.709
GLOBAL,PWRURNUSANY01,2031,5.095
GLOBAL,PWRURNUSANY01,2032,5.095
GLOBAL,PWRURNUSANY01,2033,5.095
GLOBAL,PWRURNUSANY01,2034,3.796
GLOBAL,PWRURNUSANY01,2035,3.796
GLOBAL,PWRURNUSANY01,2036,3.796
GLOBAL,PWRURNUSANY01,2037,1.9
GLOBAL,PWRURNUSANY01,2038,1.9
GLOBAL,PWRURNUSANY01,2039,1.9
GLOBAL,PWRURNUSANY01,2040,1.9
GLOBAL,PWRURNUSANY01,2041,1.9
GLOBAL,PWRURNUSANY01,2042,0.0
GLOBAL,PWRURNUSANY01,2043,0.0
GLOBAL,PWRURNUSANY01,2044,0.0
GLOBAL,PWRURNUSANY01,2045,0.0
GLOBAL,PWRURNUSANY01,2046,0.0
GLOBAL,PWRURNUSANY01,2047,0.0
GLOBAL,PWRURNUSANY01,2048,0.0
GLOBAL,PWRURNUSANY01,2049,0.0
GLOBAL,PWRURNUSANY01,2050,0.0
GLOBAL,PWRWASUSANY01,2021,0.543
GLOBAL,PWRWASUSANY01,2022,0.529
GLOBAL,PWRWASUSANY01,2023,0.48
GLOBAL,PWRWASUSANY01,2024,0.48
GLOBAL,PWRWASUSANY01,2025,0.44
GLOBAL,PWRWASUSANY01,2026,0.44
GLOBAL,PWRWASUSANY01,2027,0.44
GLOBAL,PWRWASUSANY01,2028,0.44
GLOBAL,PWRWASUSANY01,2029,0.44
GLOBAL,PWRWASUSANY01,2030,0.44
GLOBAL,PWRWASUSANY01,2031,0.44
GLOBAL,PWRWASUSANY01,2032,0.416
GLOBAL,PWRWASUSANY01,2033,0.406
GLOBAL,PWRWASUSANY01,2034,0.087
GLOBAL,PWRWASUSANY01,2035,0.087
GLOBAL,PWRWASUSANY01,2036,0.087
GLOBAL,PWRWASUSANY01,2037,0.077
GLOBAL,PWRWASUSANY01,2038,0.063
GLOBAL,PWRWASUSANY01,2039,0.035
GLOBAL,PWRWASUSANY01,2040,0.021
GLOBAL,PWRWASUSANY01,2041,0.003
GLOBAL,PWRWASUSANY01,2042,0.003
GLOBAL,PWRWASUSANY01,2043,0.003
GLOBAL,PWRWASUSANY01,2044,0.0
GLOBAL,PWRWASUSANY01,2045,0.0
GLOBAL,PWRWASUSANY01,2046,0.0
GLOBAL,PWRWASUSANY01,2047,0.0
GLOBAL,PWRWASUSANY01,2048,0.0
GLOBAL,PWRWASUSANY01,2049,0.0
GLOBAL,PWRWASUSANY01,2050,0.0
GLOBAL,PWRWONUSANY01,2021,1.891
GLOBAL,PWRWONUSANY01,2022,1.891
GLOBAL,PWRWONUSANY01,2023,1.891
GLOBAL,PWRWONUSANY01,2024,1.891
GLOBAL,PWRWONUSANY01,2025,1.891
GLOBAL,PWRWONUSANY01,2026,1.891
GLOBAL,PWRWONUSANY01,2027,1.891
GLOBAL,PWRWONUSANY01,2028,1.891
GLOBAL,PWRWONUSANY01,2029,1.891
GLOBAL,PWRWONUSANY01,2030,1.891
GLOBAL,PWRWONUSANY01,2031,1.872
GLOBAL,PWRWONUSANY01,2032,1.842
GLOBAL,PWRWONUSANY01,2033,1.842
GLOBAL,PWRWONUSANY01,2034,1.842
GLOBAL,PWRWONUSANY01,2035,1.842
GLOBAL,PWRWONUSANY01,2036,1.842
GLOBAL,PWRWONUSANY01,2037,1.52
GLOBAL,PWRWONUSANY01,2038,1.465
GLOBAL,PWRWONUSANY01,2039,1.182
GLOBAL,PWRWONUSANY01,2040,0.559
GLOBAL,PWRWONUSANY01,2041,0.559
GLOBAL,PWRWONUSANY01,2042,0.485
GLOBAL,PWRWONUSANY01,2043,0.19
GLOBAL,PWRWONUSANY01,2044,0.096
GLOBAL,PWRWONUSANY01,2045,0.08
GLOBAL,PWRWONUSANY01,2046,0.08
GLOBAL,PWRWONUSANY01,2047,0.08
GLOBAL,PWRWONUSANY01,2048,0.0
GLOBAL,PWRWONUSANY01,2049,0.0
GLOBAL,PWRWONUSANY01,2050,0.0
GLOBAL,PWRCCGUSAPR00,2021,0.728
GLOBAL,PWRCCGUSAPR00,2022,0.728
GLOBAL,PWRCCGUSAPR00,2023,0.728
GLOBAL,PWRCCGUSAPR00,2024,0.728
GLOBAL,PWRCCGUSAPR00,2025,0.0
GLOBAL,PWRCCGUSAPR00,2026,0.0
GLOBAL,PWRCCGUSAPR00,2027,0.0
GLOBAL,PWRCCGUSAPR00,2028,0.0
GLOBAL,PWRCCGUSAPR00,2029,0.0
GLOBAL,PWRCCGUSAPR00,2030,0.0
GLOBAL,PWRCCGUSAPR00,2031,0.0
GLOBAL,PWRCCGUSAPR00,2032,0.0
GLOBAL,PWRCCGUSAPR00,2033,0.0
GLOBAL,PWRCCGUSAPR00,2034,0.0
GLOBAL,PWRCCGUSAPR00,2035,0.0
GLOBAL,PWRCCGUSAPR00,2036,0.0
GLOBAL,PWRCCGUSAPR00,2037,0.0
GLOBAL,PWRCCGUSAPR00,2038,0.0
GLOBAL,PWRCCGUSAPR00,2039,0.0
GLOBAL,PWRCCGUSAPR00,2040,0.0
GLOBAL,PWRCCGUSAPR00,2041,0.0
GLOBAL,PWRCCGUSAPR00,2042,0.0
GLOBAL,PWRCCGUSAPR00,2043,0.0
GLOBAL,PWRCCGUSAPR00,2044,0.0
GLOBAL,PWRCCGUSAPR00,2045,0.0
GLOBAL,PWRCCGUSAPR00,2046,0.0
GLOBAL,PWRCCGUSAPR00,2047,0.0
GLOBAL,PWRCCGUSAPR00,2048,0.0
GLOBAL,PWRCCGUSAPR00,2049,0.0
GLOBAL,PWRCCGUSAPR00,2050,0.0
GLOBAL,PWRCOAUSAPR01,2021,0.454
GLOBAL,PWRCOAUSAPR01,2022,0.454
GLOBAL,PWRCOAUSAPR01,2023,0.454
GLOBAL,PWRCOAUSAPR01,2024,0.454
GLOBAL,PWRCOAUSAPR01,2025,0.454
GLOBAL,PWRCOAUSAPR01,2026,0.454
GLOBAL,PWRCOAUSAPR01,2027,0.454
GLOBAL,PWRCOAUSAPR01,2028,0.0
GLOBAL,PWRCOAUSAPR01,2029,0.0
GLOBAL,PWRCOAUSAPR01,2030,0.0
GLOBAL,PWRCOAUSAPR01,2031,0.0
GLOBAL,PWRCOAUSAPR01,2032,0.0
GLOBAL,PWRCOAUSAPR01,2033,0.0
GLOBAL,PWRCOAUSAPR01,2034,0.0
GLOBAL,PWRCOAUSAPR01,2035,0.0
GLOBAL,PWRCOAUSAPR01,2036,0.0
GLOBAL,PWRCOAUSAPR01,2037,0.0
GLOBAL,PWRCOAUSAPR01,2038,0.0
GLOBAL,PWRCOAUSAPR01,2039,0.0
GLOBAL,PWRCOAUSAPR01,2040,0.0
GLOBAL,PWRCOAUSAPR01,2041,0.0
GLOBAL,PWRCOAUSAPR01,2042,0.0
GLOBAL,PWRCOAUSAPR01,2043,0.0
GLOBAL,PWRCOAUSAPR01,2044,0.0
GLOBAL,PWRCOAUSAPR01,2045,0.0
GLOBAL,PWRCOAUSAPR01,2046,0.0
GLOBAL,PWRCOAUSAPR01,2047,0.0
GLOBAL,PWRCOAUSAPR01,2048,0.0
GLOBAL,PWRCOAUSAPR01,2049,0.0
GLOBAL,PWRCOAUSAPR01,2050,0.0
GLOBAL,PWRHYDUSAPR01,2021,0.109
GLOBAL,PWRHYDUSAPR01,2022,0.109
GLOBAL,PWRHYDUSAPR01,2023,0.109
GLOBAL,PWRHYDUSAPR01,2024,0.109
GLOBAL,PWRHYDUSAPR01,2025,0.109
GLOBAL,PWRHYDUSAPR01,2026,0.109
GLOBAL,PWRHYDUSAPR01,2027,0.109
GLOBAL,PWRHYDUSAPR01,2028,0.109
GLOBAL,PWRHYDUSAPR01,2029,0.109
GLOBAL,PWRHYDUSAPR01,2030,0.1
GLOBAL,PWRHYDUSAPR01,2031,0.1
GLOBAL,PWRHYDUSAPR01,2032,0.1
GLOBAL,PWRHYDUSAPR01,2033,0.1
GLOBAL,PWRHYDUSAPR01,2034,0.09
GLOBAL,PWRHYDUSAPR01,2035,0.09
GLOBAL,PWRHYDUSAPR01,2036,0.09
GLOBAL,PWRHYDUSAPR01,2037,0.09
GLOBAL,PWRHYDUSAPR01,2038,0.088
GLOBAL,PWRHYDUSAPR01,2039,0.088
GLOBAL,PWRHYDUSAPR01,2040,0.088
GLOBAL,PWRHYDUSAPR01,2041,0.088
GLOBAL,PWRHYDUSAPR01,2042,0.076
GLOBAL,PWRHYDUSAPR01,2043,0.076
GLOBAL,PWRHYDUSAPR01,2044,0.076
GLOBAL,PWRHYDUSAPR01,2045,0.076
GLOBAL,PWRHYDUSAPR01,2046,0.076
GLOBAL,PWRHYDUSAPR01,2047,0.076
GLOBAL,PWRHYDUSAPR01,2048,0.076
GLOBAL,PWRHYDUSAPR01,2049,0.076
GLOBAL,PWRHYDUSAPR01,2050,0.076
GLOBAL,PWROCGUSAPR00,2021,0.378
GLOBAL,PWROCGUSAPR00,2022,0.378
GLOBAL,PWROCGUSAPR00,2023,0.378
GLOBAL,PWROCGUSAPR00,2024,0.378
GLOBAL,PWROCGUSAPR00,2025,0.042
GLOBAL,PWROCGUSAPR00,2026,0.042
GLOBAL,PWROCGUSAPR00,2027,0.042
GLOBAL,PWROCGUSAPR00,2028,0.042
GLOBAL,PWROCGUSAPR00,2029,0.042
GLOBAL,PWROCGUSAPR00,2030,0.042
GLOBAL,PWROCGUSAPR00,2031,0.042
GLOBAL,PWROCGUSAPR00,2032,0.042
GLOBAL,PWROCGUSAPR00,2033,0.042
GLOBAL,PWROCGUSAPR00,2034,0.042
GLOBAL,PWROCGUSAPR00,2035,0.042
GLOBAL,PWROCGUSAPR00,2036,0.042
GLOBAL,PWROCGUSAPR00,2037,0.042
GLOBAL,PWROCGUSAPR00,2038,0.042
GLOBAL,PWROCGUSAPR00,2039,0.042
GLOBAL,PWROCGUSAPR00,2040,0.042
GLOBAL,PWROCGUSAPR00,2041,0.042
GLOBAL,PWROCGUSAPR00,2042,0.042
GLOBAL,PWROCGUSAPR00,2043,0.042
GLOBAL,PWROCGUSAPR00,2044,0.0
GLOBAL,PWROCGUSAPR00,2045,0.0
GLOBAL,PWROCGUSAPR00,2046,0.0
GLOBAL,PWROCGUSAPR00,2047,0.0
GLOBAL,PWROCGUSAPR00,2048,0.0
GLOBAL,PWROCGUSAPR00,2049,0.0
GLOBAL,PWROCGUSAPR00,2050,0.0
GLOBAL,PWROILUSAPR01,2021,4.203
GLOBAL,PWROILUSAPR01,2022,4.203
GLOBAL,PWROILUSAPR01,2023,4.203
GLOBAL,PWROILUSAPR01,2024,4.203
GLOBAL,PWROILUSAPR01,2025,4.203
GLOBAL,PWROILUSAPR01,2026,4.203
GLOBAL,PWROILUSAPR01,2027,1.856
GLOBAL,PWROILUSAPR01,2028,1.856
GLOBAL,PWROILUSAPR01,2029,1.856
GLOBAL,PWROILUSAPR01,2030,1.856
GLOBAL,PWROILUSAPR01,2031,1.856
GLOBAL,PWROILUSAPR01,2032,1.856
GLOBAL,PWROILUSAPR01,2033,1.856
GLOBAL,PWROILUSAPR01,2034,1.856
GLOBAL,PWROILUSAPR01,2035,1.856
GLOBAL,PWROILUSAPR01,2036,1.856
GLOBAL,PWROILUSAPR01,2037,1.856
GLOBAL,PWROILUSAPR01,2038,1.856
GLOBAL,PWROILUSAPR01,2039,1.856
GLOBAL,PWROILUSAPR01,2040,0.992
GLOBAL,PWROILUSAPR01,2041,0.992
GLOBAL,PWROILUSAPR01,2042,0.992
GLOBAL,PWROILUSAPR01,2043,0.992
GLOBAL,PWROILUSAPR01,2044,0.0
GLOBAL,PWROILUSAPR01,2045,0.0
GLOBAL,PWROILUSAPR01,2046,0.0
GLOBAL,PWROILUSAPR01,2047,0.0
GLOBAL,PWROILUSAPR01,2048,0.0
GLOBAL,PWROILUSAPR01,2049,0.0
GLOBAL,PWROILUSAPR01,2050,0.0
GLOBAL,PWRSPVUSAPR01,2021,0.3113
GLOBAL,PWRSPVUSAPR01,2022,0.3113
GLOBAL,PWRSPVUSAPR01,2023,0.3113
GLOBAL,PWRSPVUSAPR01,2024,0.3113
GLOBAL,PWRSPVUSAPR01,2025,0.3113
GLOBAL,PWRSPVUSAPR01,2026,0.3113
GLOBAL,PWRSPVUSAPR01,2027,0.3113
GLOBAL,PWRSPVUSAPR01,2028,0.3113
GLOBAL,PWRSPVUSAPR01,2029,0.3113
GLOBAL,PWRSPVUSAPR01,2030,0.3113
GLOBAL,PWRSPVUSAPR01,2031,0.3113
GLOBAL,PWRSPVUSAPR01,2032,0.3113
GLOBAL,PWRSPVUSAPR01,2033,0.3113
GLOBAL,PWRSPVUSAPR01,2034,0.3113
GLOBAL,PWRSPVUSAPR01,2035,0.3113
GLOBAL,PWRSPVUSAPR01,2036,0.3113
GLOBAL,PWRSPVUSAPR01,2037,0.3113
GLOBAL,PWRSPVUSAPR01,2038,0.3113
GLOBAL,PWRSPVUSAPR01,2039,0.3113
GLOBAL,PWRSPVUSAPR01,2040,0.3113
GLOBAL,PWRSPVUSAPR01,2041,0.3113
GLOBAL,PWRSPVUSAPR01,2042,0.3113
GLOBAL,PWRSPVUSAPR01,2043,0.2853
GLOBAL,PWRSPVUSAPR01,2044,0.2853
GLOBAL,PWRSPVUSAPR01,2045,0.058
GLOBAL,PWRSPVUSAPR01,2046,0.0
GLOBAL,PWRSPVUSAPR01,2047,0.0
GLOBAL,PWRSPVUSAPR01,2048,0.0
GLOBAL,PWRSPVUSAPR01,2049,0.0
GLOBAL,PWRSPVUSAPR01,2050,0.0
GLOBAL,PWRWONUSAPR01,2021,0.124
GLOBAL,PWRWONUSAPR01,2022,0.124
GLOBAL,PWRWONUSAPR01,2023,0.124
GLOBAL,PWRWONUSAPR01,2024,0.124
GLOBAL,PWRWONUSAPR01,2025,0.124
GLOBAL,PWRWONUSAPR01,2026,0.124
GLOBAL,PWRWONUSAPR01,2027,0.124
GLOBAL,PWRWONUSAPR01,2028,0.124
GLOBAL,PWRWONUSAPR01,2029,0.124
GLOBAL,PWRWONUSAPR01,2030,0.124
GLOBAL,PWRWONUSAPR01,2031,0.124
GLOBAL,PWRWONUSAPR01,2032,0.124
GLOBAL,PWRWONUSAPR01,2033,0.124
GLOBAL,PWRWONUSAPR01,2034,0.124
GLOBAL,PWRWONUSAPR01,2035,0.124
GLOBAL,PWRWONUSAPR01,2036,0.124
GLOBAL,PWRWONUSAPR01,2037,0.124
GLOBAL,PWRWONUSAPR01,2038,0.124
GLOBAL,PWRWONUSAPR01,2039,0.124
GLOBAL,PWRWONUSAPR01,2040,0.124
GLOBAL,PWRWONUSAPR01,2041,0.124
GLOBAL,PWRWONUSAPR01,2042,0.101
GLOBAL,PWRWONUSAPR01,2043,0.0
GLOBAL,PWRWONUSAPR01,2044,0.0
GLOBAL,PWRWONUSAPR01,2045,0.0
GLOBAL,PWRWONUSAPR01,2046,0.0
GLOBAL,PWRWONUSAPR01,2047,0.0
GLOBAL,PWRWONUSAPR01,2048,0.0
GLOBAL,PWRWONUSAPR01,2049,0.0
GLOBAL,PWRWONUSAPR01,2050,0.0
GLOBAL,PWRBIOUSARA01,2021,0.015
GLOBAL,PWRBIOUSARA01,2022,0.015
GLOBAL,PWRBIOUSARA01,2023,0.0
GLOBAL,PWRBIOUSARA01,2024,0.0
GLOBAL,PWRBIOUSARA01,2025,0.0
GLOBAL,PWRBIOUSARA01,2026,0.0
GLOBAL,PWRBIOUSARA01,2027,0.0
GLOBAL,PWRBIOUSARA01,2028,0.0
GLOBAL,PWRBIOUSARA01,2029,0.0
GLOBAL,PWRBIOUSARA01,2030,0.0
GLOBAL,PWRBIOUSARA01,2031,0.0
GLOBAL,PWRBIOUSARA01,2032,0.0
GLOBAL,PWRBIOUSARA01,2033,0.0
GLOBAL,PWRBIOUSARA01,2034,0.0
GLOBAL,PWRBIOUSARA01,2035,0.0
GLOBAL,PWRBIOUSARA01,2036,0.0
GLOBAL,PWRBIOUSARA01,2037,0.0
GLOBAL,PWRBIOUSARA01,2038,0.0
GLOBAL,PWRBIOUSARA01,2039,0.0
GLOBAL,PWRBIOUSARA01,2040,0.0
GLOBAL,PWRBIOUSARA01,2041,0.0
GLOBAL,PWRBIOUSARA01,2042,0.0
GLOBAL,PWRBIOUSARA01,2043,0.0
GLOBAL,PWRBIOUSARA01,2044,0.0
GLOBAL,PWRBIOUSARA01,2045,0.0
GLOBAL,PWRBIOUSARA01,2046,0.0
GLOBAL,PWRBIOUSARA01,2047,0.0
GLOBAL,PWRBIOUSARA01,2048,0.0
GLOBAL,PWRBIOUSARA01,2049,0.0
GLOBAL,PWRBIOUSARA01,2050,0.0
GLOBAL,PWRCCGUSARA00,2021,7.447
GLOBAL,PWRCCGUSARA00,2022,7.447
GLOBAL,PWRCCGUSARA00,2023,7.447
GLOBAL,PWRCCGUSARA00,2024,7.447
GLOBAL,PWRCCGUSARA00,2025,7.05
GLOBAL,PWRCCGUSARA00,2026,7.05
GLOBAL,PWRCCGUSARA00,2027,6.753
GLOBAL,PWRCCGUSARA00,2028,4.947
GLOBAL,PWRCCGUSARA00,2029,4.947
GLOBAL,PWRCCGUSARA00,2030,4.947
GLOBAL,PWRCCGUSARA00,2031,4.647
GLOBAL,PWRCCGUSARA00,2032,2.934
GLOBAL,PWRCCGUSARA00,2033,2.626
GLOBAL,PWRCCGUSARA00,2034,1.686
GLOBAL,PWRCCGUSARA00,2035,1.0
GLOBAL,PWRCCGUSARA00,2036,1.0
GLOBAL,PWRCCGUSARA00,2037,1.0
GLOBAL,PWRCCGUSARA00,2038,0.58
GLOBAL,PWRCCGUSARA00,2039,0.58
GLOBAL,PWRCCGUSARA00,2040,0.58
GLOBAL,PWRCCGUSARA00,2041,0.58
GLOBAL,PWRCCGUSARA00,2042,0.58
GLOBAL,PWRCCGUSARA00,2043,0.14
GLOBAL,PWRCCGUSARA00,2044,0.14
GLOBAL,PWRCCGUSARA00,2045,0.0
GLOBAL,PWRCCGUSARA00,2046,0.0
GLOBAL,PWRCCGUSARA00,2047,0.0
GLOBAL,PWRCCGUSARA00,2048,0.0
GLOBAL,PWRCCGUSARA00,2049,0.0
GLOBAL,PWRCCGUSARA00,2050,0.0
GLOBAL,PWRCOAUSARA01,2021,8.705
GLOBAL,PWRCOAUSARA01,2022,8.705
GLOBAL,PWRCOAUSARA01,2023,8.705
GLOBAL,PWRCOAUSARA01,2024,7.067
GLOBAL,PWRCOAUSARA01,2025,7.067
GLOBAL,PWRCOAUSARA01,2026,7.067
GLOBAL,PWRCOAUSARA01,2027,7.067
GLOBAL,PWRCOAUSARA01,2028,6.937
GLOBAL,PWRCOAUSARA01,2029,5.337
GLOBAL,PWRCOAUSARA01,2030,5.337
GLOBAL,PWRCOAUSARA01,2031,5.337
GLOBAL,PWRCOAUSARA01,2032,5.337
GLOBAL,PWRCOAUSARA01,2033,5.337
GLOBAL,PWRCOAUSARA01,2034,0.695
GLOBAL,PWRCOAUSARA01,2035,0.695
GLOBAL,PWRCOAUSARA01,2036,0.695
GLOBAL,PWRCOAUSARA01,2037,0.695
GLOBAL,PWRCOAUSARA01,2038,0.695
GLOBAL,PWRCOAUSARA01,2039,0.6
GLOBAL,PWRCOAUSARA01,2040,0.6
GLOBAL,PWRCOAUSARA01,2041,0.484
GLOBAL,PWRCOAUSARA01,2042,0.0
GLOBAL,PWRCOAUSARA01,2043,0.0
GLOBAL,PWRCOAUSARA01,2044,0.0
GLOBAL,PWRCOAUSARA01,2045,0.0
GLOBAL,PWRCOAUSARA01,2046,0.0
GLOBAL,PWRCOAUSARA01,2047,0.0
GLOBAL,PWRCOAUSARA01,2048,0.0
GLOBAL,PWRCOAUSARA01,2049,0.0
GLOBAL,PWRCOAUSARA01,2050,0.0
GLOBAL,PWRCOGUSARA01,2021,0.011
GLOBAL,PWRCOGUSARA01,2022,0.011
GLOBAL,PWRCOGUSARA01,2023,0.011
GLOBAL,PWRCOGUSARA01,2024,0.011
GLOBAL,PWRCOGUSARA01,2025,0.011
GLOBAL,PWRCOGUSARA01,2026,0.011
GLOBAL,PWRCOGUSARA01,2027,0.011
GLOBAL,PWRCOGUSARA01,2028,0.011
GLOBAL,PWRCOGUSARA01,2029,0.011
GLOBAL,PWRCOGUSARA01,2030,0.011
GLOBAL,PWRCOGUSARA01,2031,0.011
GLOBAL,PWRCOGUSARA01,2032,0.011
GLOBAL,PWRCOGUSARA01,2033,0.011
GLOBAL,PWRCOGUSARA01,2034,0.005
GLOBAL,PWRCOGUSARA01,2035,0.005
GLOBAL,PWRCOGUSARA01,2036,0.005
GLOBAL,PWRCOGUSARA01,2037,0.005
GLOBAL,PWRCOGUSARA01,2038,0.005
GLOBAL,PWRCOGUSARA01,2039,0.005
GLOBAL,PWRCOGUSARA01,2040,0.0
GLOBAL,PWRCOGUSARA01,2041,0.0
GLOBAL,PWRCOGUSARA01,2042,0.0
GLOBAL,PWRCOGUSARA01,2043,0.0
GLOBAL,PWRCOGUSARA01,2044,0.0
GLOBAL,PWRCOGUSARA01,2045,0.0
GLOBAL,PWRCOGUSARA01,2046,0.0
GLOBAL,PWRCOGUSARA01,2047,0.0
GLOBAL,PWRCOGUSARA01,2048,0.0
GLOBAL,PWRCOGUSARA01,2049,0.0
GLOBAL,PWRCOGUSARA01,2050,0.0
GLOBAL,PWRHYDUSARA01,2021,1.52
GLOBAL,PWRHYDUSARA01,2022,1.52
GLOBAL,PWRHYDUSARA01,2023,1.52
GLOBAL,PWRHYDUSARA01,2024,1.52
GLOBAL,PWRHYDUSARA01,2025,1.52
GLOBAL,PWRHYDUSARA01,2026,1.519
GLOBAL,PWRHYDUSARA01,2027,1.519
GLOBAL,PWRHYDUSARA01,2028,1.519
GLOBAL,PWRHYDUSARA01,2029,1.513
GLOBAL,PWRHYDUSARA01,2030,1.513
GLOBAL,PWRHYDUSARA01,2031,1.513
GLOBAL,PWRHYDUSARA01,2032,1.512
GLOBAL,PWRHYDUSARA01,2033,1.509
GLOBAL,PWRHYDUSARA01,2034,1.48
GLOBAL,PWRHYDUSARA01,2035,1.48
GLOBAL,PWRHYDUSARA01,2036,1.48
GLOBAL,PWRHYDUSARA01,2037,1.48
GLOBAL,PWRHYDUSARA01,2038,1.48
GLOBAL,PWRHYDUSARA01,2039,1.48
GLOBAL,PWRHYDUSARA01,2040,1.48
GLOBAL,PWRHYDUSARA01,2041,1.48
GLOBAL,PWRHYDUSARA01,2042,1.48
GLOBAL,PWRHYDUSARA01,2043,1.48
GLOBAL,PWRHYDUSARA01,2044,1.454
GLOBAL,PWRHYDUSARA01,2045,1.454
GLOBAL,PWRHYDUSARA01,2046,1.448
GLOBAL,PWRHYDUSARA01,2047,1.448
GLOBAL,PWRHYDUSARA01,2048,1.448
GLOBAL,PWRHYDUSARA01,2049,1.448
GLOBAL,PWRHYDUSARA01,2050,1.448
GLOBAL,PWROCGUSARA00,2021,1.083
GLOBAL,PWROCGUSARA00,2022,1.083
GLOBAL,PWROCGUSARA00,2023,1.05
GLOBAL,PWROCGUSARA00,2024,1.031
GLOBAL,PWROCGUSARA00,2025,1.031
GLOBAL,PWROCGUSARA00,2026,1.031
GLOBAL,PWROCGUSARA00,2027,0.994
GLOBAL,PWROCGUSARA00,2028,0.994
GLOBAL,PWROCGUSARA00,2029,0.689
GLOBAL,PWROCGUSARA00,2030,0.689
GLOBAL,PWROCGUSARA00,2031,0.689
GLOBAL,PWROCGUSARA00,2032,0.649
GLOBAL,PWROCGUSARA00,2033,0.426
GLOBAL,PWROCGUSARA00,2034,0.185
GLOBAL,PWROCGUSARA00,2035,0.185
GLOBAL,PWROCGUSARA00,2036,0.118
GLOBAL,PWROCGUSARA00,2037,0.118
GLOBAL,PWROCGUSARA00,2038,0.118
GLOBAL,PWROCGUSARA00,2039,0.0
GLOBAL,PWROCGUSARA00,2040,0.0
GLOBAL,PWROCGUSARA00,2041,0.0
GLOBAL,PWROCGUSARA00,2042,0.0
GLOBAL,PWROCGUSARA00,2043,0.0
GLOBAL,PWROCGUSARA00,2044,0.0
GLOBAL,PWROCGUSARA00,2045,0.0
GLOBAL,PWROCGUSARA00,2046,0.0
GLOBAL,PWROCGUSARA00,2047,0.0
GLOBAL,PWROCGUSARA00,2048,0.0
GLOBAL,PWROCGUSARA00,2049,0.0
GLOBAL,PWROCGUSARA00,2050,0.0
GLOBAL,PWROILUSARA01,2021,0.215
GLOBAL,PWROILUSARA01,2022,0.215
GLOBAL,PWROILUSARA01,2023,0.215
GLOBAL,PWROILUSARA01,2024,0.215
GLOBAL,PWROILUSARA01,2025,0.215
GLOBAL,PWROILUSARA01,2026,0.215
GLOBAL,PWROILUSARA01,2027,0.215
GLOBAL,PWROILUSARA01,2028,0.215
GLOBAL,PWROILUSARA01,2029,0.154
GLOBAL,PWROILUSARA01,2030,0.154
GLOBAL,PWROILUSARA01,2031,0.154
GLOBAL,PWROILUSARA01,2032,0.154
GLOBAL,PWROILUSARA01,2033,0.144
GLOBAL,PWROILUSARA01,2034,0.002
GLOBAL,PWROILUSARA01,2035,0.002
GLOBAL,PWROILUSARA01,2036,0.002
GLOBAL,PWROILUSARA01,2037,0.002
GLOBAL,PWROILUSARA01,2038,0.002
GLOBAL,PWROILUSARA01,2039,0.002
GLOBAL,PWROILUSARA01,2040,0.002
GLOBAL,PWROILUSARA01,2041,0.0
GLOBAL,PWROILUSARA01,2042,0.0
GLOBAL,PWROILUSARA01,2043,0.0
GLOBAL,PWROILUSARA01,2044,0.0
GLOBAL,PWROILUSARA01,2045,0.0
GLOBAL,PWROILUSARA01,2046,0.0
GLOBAL,PWROILUSARA01,2047,0.0
GLOBAL,PWROILUSARA01,2048,0.0
GLOBAL,PWROILUSARA01,2049,0.0
GLOBAL,PWROILUSARA01,2050,0.0
GLOBAL,PWRSPVUSARA01,2021,0.6073
GLOBAL,PWRSPVUSARA01,2022,0.6073
GLOBAL,PWRSPVUSARA01,2023,0.6073
GLOBAL,PWRSPVUSARA01,2024,0.6073
GLOBAL,PWRSPVUSARA01,2025,0.6073
GLOBAL,PWRSPVUSARA01,2026,0.6073
GLOBAL,PWRSPVUSARA01,2027,0.6073
GLOBAL,PWRSPVUSARA01,2028,0.6073
GLOBAL,PWRSPVUSARA01,2029,0.6073
GLOBAL,PWRSPVUSARA01,2030,0.6073
GLOBAL,PWRSPVUSARA01,2031,0.6073
GLOBAL,PWRSPVUSARA01,2032,0.6073
GLOBAL,PWRSPVUSARA01,2033,0.6073
GLOBAL,PWRSPVUSARA01,2034,0.6073
GLOBAL,PWRSPVUSARA01,2035,0.6073
GLOBAL,PWRSPVUSARA01,2036,0.6073
GLOBAL,PWRSPVUSARA01,2037,0.6073
GLOBAL,PWRSPVUSARA01,2038,0.6073
GLOBAL,PWRSPVUSARA01,2039,0.5953
GLOBAL,PWRSPVUSARA01,2040,0.5913
GLOBAL,PWRSPVUSARA01,2041,0.5673
GLOBAL,PWRSPVUSARA01,2042,0.5523
GLOBAL,PWRSPVUSARA01,2043,0.4873
GLOBAL,PWRSPVUSARA01,2044,0.4833
GLOBAL,PWRSPVUSARA01,2045,0.339
GLOBAL,PWRSPVUSARA01,2046,0.329
GLOBAL,PWRSPVUSARA01,2047,0.097
GLOBAL,PWRSPVUSARA01,2048,0.008
GLOBAL,PWRSPVUSARA01,2049,0.0
GLOBAL,PWRSPVUSARA01,2050,0.0
GLOBAL,PWRWASUSARA01,2021,0.019
GLOBAL,PWRWASUSARA01,2022,0.019
GLOBAL,PWRWASUSARA01,2023,0.019
GLOBAL,PWRWASUSARA01,2024,0.019
GLOBAL,PWRWASUSARA01,2025,0.019
GLOBAL,PWRWASUSARA01,2026,0.019
GLOBAL,PWRWASUSARA01,2027,0.019
GLOBAL,PWRWASUSARA01,2028,0.019
GLOBAL,PWRWASUSARA01,2029,0.019
GLOBAL,PWRWASUSARA01,2030,0.019
GLOBAL,PWRWASUSARA01,2031,0.019
GLOBAL,PWRWASUSARA01,2032,0.019
GLOBAL,PWRWASUSARA01,2033,0.019
GLOBAL,PWRWASUSARA01,2034,0.019
GLOBAL,PWRWASUSARA01,2035,0.019
GLOBAL,PWRWASUSARA01,2036,0.019
GLOBAL,PWRWASUSARA01,2037,0.019
GLOBAL,PWRWASUSARA01,2038,0.019
GLOBAL,PWRWASUSARA01,2039,0.016
GLOBAL,PWRWASUSARA01,2040,0.016
GLOBAL,PWRWASUSARA01,2041,0.016
GLOBAL,PWRWASUSARA01,2042,0.013
GLOBAL,PWRWASUSARA01,2043,0.013
GLOBAL,PWRWASUSARA01,2044,0.013
GLOBAL,PWRWASUSARA01,2045,0.0
GLOBAL,PWRWASUSARA01,2046,0.0
GLOBAL,PWRWASUSARA01,2047,0.0
GLOBAL,PWRWASUSARA01,2048,0.0
GLOBAL,PWRWASUSARA01,2049,0.0
GLOBAL,PWRWASUSARA01,2050,0.0
GLOBAL,PWRWONUSARA01,2021,3.718
GLOBAL,PWRWONUSARA01,2022,3.718
GLOBAL,PWRWONUSARA01,2023,3.718
GLOBAL,PWRWONUSARA01,2024,3.718
GLOBAL,PWRWONUSARA01,2025,3.718
GLOBAL,PWRWONUSARA01,2026,3.718
GLOBAL,PWRWONUSARA01,2027,3.718
GLOBAL,PWRWONUSARA01,2028,3.718
GLOBAL,PWRWONUSARA01,2029,3.713
GLOBAL,PWRWONUSARA01,2030,3.713
GLOBAL,PWRWONUSARA01,2031,3.713
GLOBAL,PWRWONUSARA01,2032,3.713
GLOBAL,PWRWONUSARA01,2033,3.683
GLOBAL,PWRWONUSARA01,2034,3.683
GLOBAL,PWRWONUSARA01,2035,3.521
GLOBAL,PWRWONUSARA01,2036,3.521
GLOBAL,PWRWONUSARA01,2037,3.461
GLOBAL,PWRWONUSARA01,2038,2.684
GLOBAL,PWRWONUSARA01,2039,2.655
GLOBAL,PWRWONUSARA01,2040,2.095
GLOBAL,PWRWONUSARA01,2041,1.842
GLOBAL,PWRWONUSARA01,2042,1.333
GLOBAL,PWRWONUSARA01,2043,0.904
GLOBAL,PWRWONUSARA01,2044,0.8
GLOBAL,PWRWONUSARA01,2045,0.536
GLOBAL,PWRWONUSARA01,2046,0.136
GLOBAL,PWRWONUSARA01,2047,0.075
GLOBAL,PWRWONUSARA01,2048,0.075
GLOBAL,PWRWONUSARA01,2049,0.0
GLOBAL,PWRWONUSARA01,2050,0.0
GLOBAL,PWRBIOUSARE01,2021,0.037
GLOBAL,PWRBIOUSARE01,2022,0.037
GLOBAL,PWRBIOUSARE01,2023,0.037
GLOBAL,PWRBIOUSARE01,2024,0.037
GLOBAL,PWRBIOUSARE01,2025,0.037
GLOBAL,PWRBIOUSARE01,2026,0.037
GLOBAL,PWRBIOUSARE01,2027,0.037
GLOBAL,PWRBIOUSARE01,2028,0.037
GLOBAL,PWRBIOUSARE01,2029,0.037
GLOBAL,PWRBIOUSARE01,2030,0.037
GLOBAL,PWRBIOUSARE01,2031,0.037
GLOBAL,PWRBIOUSARE01,2032,0.037
GLOBAL,PWRBIOUSARE01,2033,0.037
GLOBAL,PWRBIOUSARE01,2034,0.037
GLOBAL,PWRBIOUSARE01,2035,0.037
GLOBAL,PWRBIOUSARE01,2036,0.037
GLOBAL,PWRBIOUSARE01,2037,0.037
GLOBAL,PWRBIOUSARE01,2038,0.037
GLOBAL,PWRBIOUSARE01,2039,0.037
GLOBAL,PWRBIOUSARE01,2040,0.037
GLOBAL,PWRBIOUSARE01,2041,0.034
GLOBAL,PWRBIOUSARE01,2042,0.034
GLOBAL,PWRBIOUSARE01,2043,0.034
GLOBAL,PWRBIOUSARE01,2044,0.031
GLOBAL,PWRBIOUSARE01,2045,0.025
GLOBAL,PWRBIOUSARE01,2046,0.0
GLOBAL,PWRBIOUSARE01,2047,0.0
GLOBAL,PWRBIOUSARE01,2048,0.0
GLOBAL,PWRBIOUSARE01,2049,0.0
GLOBAL,PWRBIOUSARE01,2050,0.0
GLOBAL,PWRCCGUSARE00,2021,33.945
GLOBAL,PWRCCGUSARE00,2022,33.38
GLOBAL,PWRCCGUSARE00,2023,33.245
GLOBAL,PWRCCGUSARE00,2024,32.059
GLOBAL,PWRCCGUSARE00,2025,30.847
GLOBAL,PWRCCGUSARE00,2026,30.847
GLOBAL,PWRCCGUSARE00,2027,29.364
GLOBAL,PWRCCGUSARE00,2028,28.999
GLOBAL,PWRCCGUSARE00,2029,22.573
GLOBAL,PWRCCGUSARE00,2030,22.573
GLOBAL,PWRCCGUSARE00,2031,22.331
GLOBAL,PWRCCGUSARE00,2032,21.805
GLOBAL,PWRCCGUSARE00,2033,18.863
GLOBAL,PWRCCGUSARE00,2034,10.868
GLOBAL,PWRCCGUSARE00,2035,7.136
GLOBAL,PWRCCGUSARE00,2036,6.299
GLOBAL,PWRCCGUSARE00,2037,6.299
GLOBAL,PWRCCGUSARE00,2038,6.299
GLOBAL,PWRCCGUSARE00,2039,5.693
GLOBAL,PWRCCGUSARE00,2040,5.693
GLOBAL,PWRCCGUSARE00,2041,5.693
GLOBAL,PWRCCGUSARE00,2042,5.133
GLOBAL,PWRCCGUSARE00,2043,5.133
GLOBAL,PWRCCGUSARE00,2044,5.133
GLOBAL,PWRCCGUSARE00,2045,4.379
GLOBAL,PWRCCGUSARE00,2046,2.486
GLOBAL,PWRCCGUSARE00,2047,0.746
GLOBAL,PWRCCGUSARE00,2048,0.0
GLOBAL,PWRCCGUSARE00,2049,0.0
GLOBAL,PWRCCGUSARE00,2050,0.0
GLOBAL,PWRCOAUSARE01,2021,10.708
GLOBAL,PWRCOAUSARE01,2022,10.61
GLOBAL,PWRCOAUSARE01,2023,10.516
GLOBAL,PWRCOAUSARE01,2024,10.421
GLOBAL,PWRCOAUSARE01,2025,9.894
GLOBAL,PWRCOAUSARE01,2026,9.642
GLOBAL,PWRCOAUSARE01,2027,9.642
GLOBAL,PWRCOAUSARE01,2028,9.642
GLOBAL,PWRCOAUSARE01,2029,2.959
GLOBAL,PWRCOAUSARE01,2030,2.959
GLOBAL,PWRCOAUSARE01,2031,2.959
GLOBAL,PWRCOAUSARE01,2032,2.959
GLOBAL,PWRCOAUSARE01,2033,2.959
GLOBAL,PWRCOAUSARE01,2034,0.586
GLOBAL,PWRCOAUSARE01,2035,0.0
GLOBAL,PWRCOAUSARE01,2036,0.0
GLOBAL,PWRCOAUSARE01,2037,0.0
GLOBAL,PWRCOAUSARE01,2038,0.0
GLOBAL,PWRCOAUSARE01,2039,0.0
GLOBAL,PWRCOAUSARE01,2040,0.0
GLOBAL,PWRCOAUSARE01,2041,0.0
GLOBAL,PWRCOAUSARE01,2042,0.0
GLOBAL,PWRCOAUSARE01,2043,0.0
GLOBAL,PWRCOAUSARE01,2044,0.0
GLOBAL,PWRCOAUSARE01,2045,0.0
GLOBAL,PWRCOAUSARE01,2046,0.0
GLOBAL,PWRCOAUSARE01,2047,0.0
GLOBAL,PWRCOAUSARE01,2048,0.0
GLOBAL,PWRCOAUSARE01,2049,0.0
GLOBAL,PWRCOAUSARE01,2050,0.0
GLOBAL,PWRCOGUSARE01,2021,0.011
GLOBAL,PWRCOGUSARE01,2022,0.011
GLOBAL,PWRCOGUSARE01,2023,0.011
GLOBAL,PWRCOGUSARE01,2024,0.011
GLOBAL,PWRCOGUSARE01,2025,0.011
GLOBAL,PWRCOGUSARE01,2026,0.011
GLOBAL,PWRCOGUSARE01,2027,0.011
GLOBAL,PWRCOGUSARE01,2028,0.011
GLOBAL,PWRCOGUSARE01,2029,0.0
GLOBAL,PWRCOGUSARE01,2030,0.0
GLOBAL,PWRCOGUSARE01,2031,0.0
GLOBAL,PWRCOGUSARE01,2032,0.0
GLOBAL,PWRCOGUSARE01,2033,0.0
GLOBAL,PWRCOGUSARE01,2034,0.0
GLOBAL,PWRCOGUSARE01,2035,0.0
GLOBAL,PWRCOGUSARE01,2036,0.0
GLOBAL,PWRCOGUSARE01,2037,0.0
GLOBAL,PWRCOGUSARE01,2038,0.0
GLOBAL,PWRCOGUSARE01,2039,0.0
GLOBAL,PWRCOGUSARE01,2040,0.0
GLOBAL,PWRCOGUSARE01,2041,0.0
GLOBAL,PWRCOGUSARE01,2042,0.0
GLOBAL,PWRCOGUSARE01,2043,0.0
GLOBAL,PWRCOGUSARE01,2044,0.0
GLOBAL,PWRCOGUSARE01,2045,0.0
GLOBAL,PWRCOGUSARE01,2046,0.0
GLOBAL,PWRCOGUSARE01,2047,0.0
GLOBAL,PWRCOGUSARE01,2048,0.0
GLOBAL,PWRCOGUSARE01,2049,0.0
GLOBAL,PWRCOGUSARE01,2050,0.0
GLOBAL,PWRHYDUSARE01,2021,3.357
GLOBAL,PWRHYDUSARE01,2022,3.357
GLOBAL,PWRHYDUSARE01,2023,3.357
GLOBAL,PWRHYDUSARE01,2024,3.357
GLOBAL,PWRHYDUSARE01,2025,3.357
GLOBAL,PWRHYDUSARE01,2026,3.327
GLOBAL,PWRHYDUSARE01,2027,3.287
GLOBAL,PWRHYDUSARE01,2028,3.287
GLOBAL,PWRHYDUSARE01,2029,3.287
GLOBAL,PWRHYDUSARE01,2030,3.287
GLOBAL,PWRHYDUSARE01,2031,3.287
GLOBAL,PWRHYDUSARE01,2032,3.287
GLOBAL,PWRHYDUSARE01,2033,3.287
GLOBAL,PWRHYDUSARE01,2034,3.267
GLOBAL,PWRHYDUSARE01,2035,3.267
GLOBAL,PWRHYDUSARE01,2036,3.265
GLOBAL,PWRHYDUSARE01,2037,3.265
GLOBAL,PWRHYDUSARE01,2038,3.265
GLOBAL,PWRHYDUSARE01,2039,3.265
GLOBAL,PWRHYDUSARE01,2040,3.265
GLOBAL,PWRHYDUSARE01,2041,3.265
GLOBAL,PWRHYDUSARE01,2042,3.265
GLOBAL,PWRHYDUSARE01,2043,3.265
GLOBAL,PWRHYDUSARE01,2044,2.735
GLOBAL,PWRHYDUSARE01,2045,2.735
GLOBAL,PWRHYDUSARE01,2046,2.735
GLOBAL,PWRHYDUSARE01,2047,2.735
GLOBAL,PWRHYDUSARE01,2048,2.735
GLOBAL,PWRHYDUSARE01,2049,2.735
GLOBAL,PWRHYDUSARE01,2050,2.735
GLOBAL,PWROCGUSARE00,2021,2.655
GLOBAL,PWROCGUSARE00,2022,2.497
GLOBAL,PWROCGUSARE00,2023,2.497
GLOBAL,PWROCGUSARE00,2024,2.387
GLOBAL,PWROCGUSARE00,2025,2.381
GLOBAL,PWROCGUSARE00,2026,2.381
GLOBAL,PWROCGUSARE00,2027,2.375
GLOBAL,PWROCGUSARE00,2028,2.279
GLOBAL,PWROCGUSARE00,2029,1.725
GLOBAL,PWROCGUSARE00,2030,1.422
GLOBAL,PWROCGUSARE00,2031,1.282
GLOBAL,PWROCGUSARE00,2032,1.129
GLOBAL,PWROCGUSARE00,2033,1.124
GLOBAL,PWROCGUSARE00,2034,0.528
GLOBAL,PWROCGUSARE00,2035,0.458
GLOBAL,PWROCGUSARE00,2036,0.45
GLOBAL,PWROCGUSARE00,2037,0.45
GLOBAL,PWROCGUSARE00,2038,0.352
GLOBAL,PWROCGUSARE00,2039,0.352
GLOBAL,PWROCGUSARE00,2040,0.352
GLOBAL,PWROCGUSARE00,2041,0.293
GLOBAL,PWROCGUSARE00,2042,0.286
GLOBAL,PWROCGUSARE00,2043,0.215
GLOBAL,PWROCGUSARE00,2044,0.184
GLOBAL,PWROCGUSARE00,2045,0.184
GLOBAL,PWROCGUSARE00,2046,0.083
GLOBAL,PWROCGUSARE00,2047,0.061
GLOBAL,PWROCGUSARE00,2048,0.006
GLOBAL,PWROCGUSARE00,2049,0.0
GLOBAL,PWROCGUSARE00,2050,0.0
GLOBAL,PWROILUSARE01,2021,5.283
GLOBAL,PWROILUSARE01,2022,5.277
GLOBAL,PWROILUSARE01,2023,5.074
GLOBAL,PWROILUSARE01,2024,5.055
GLOBAL,PWROILUSARE01,2025,5.053
GLOBAL,PWROILUSARE01,2026,5.053
GLOBAL,PWROILUSARE01,2027,5.053
GLOBAL,PWROILUSARE01,2028,5.034
GLOBAL,PWROILUSARE01,2029,2.446
GLOBAL,PWROILUSARE01,2030,2.446
GLOBAL,PWROILUSARE01,2031,2.439
GLOBAL,PWROILUSARE01,2032,2.037
GLOBAL,PWROILUSARE01,2033,2.025
GLOBAL,PWROILUSARE01,2034,0.022
GLOBAL,PWROILUSARE01,2035,0.022
GLOBAL,PWROILUSARE01,2036,0.022
GLOBAL,PWROILUSARE01,2037,0.022
GLOBAL,PWROILUSARE01,2038,0.017
GLOBAL,PWROILUSARE01,2039,0.017
GLOBAL,PWROILUSARE01,2040,0.017
GLOBAL,PWROILUSARE01,2041,0.017
GLOBAL,PWROILUSARE01,2042,0.017
GLOBAL,PWROILUSARE01,2043,0.011
GLOBAL,PWROILUSARE01,2044,0.0
GLOBAL,PWROILUSARE01,2045,0.0
GLOBAL,PWROILUSARE01,2046,0.0
GLOBAL,PWROILUSARE01,2047,0.0
GLOBAL,PWROILUSARE01,2048,0.0
GLOBAL,PWROILUSARE01,2049,0.0
GLOBAL,PWROILUSARE01,2050,0.0
GLOBAL,PWRPETUSARE01,2021,0.067
GLOBAL,PWRPETUSARE01,2022,0.067
GLOBAL,PWRPETUSARE01,2023,0.067
GLOBAL,PWRPETUSARE01,2024,0.067
GLOBAL,PWRPETUSARE01,2025,0.067
GLOBAL,PWRPETUSARE01,2026,0.067
GLOBAL,PWRPETUSARE01,2027,0.067
GLOBAL,PWRPETUSARE01,2028,0.067
GLOBAL,PWRPETUSARE01,2029,0.067
GLOBAL,PWRPETUSARE01,2030,0.067
GLOBAL,PWRPETUSARE01,2031,0.067
GLOBAL,PWRPETUSARE01,2032,0.067
GLOBAL,PWRPETUSARE01,2033,0.067
GLOBAL,PWRPETUSARE01,2034,0.0
GLOBAL,PWRPETUSARE01,2035,0.0
GLOBAL,PWRPETUSARE01,2036,0.0
GLOBAL,PWRPETUSARE01,2037,0.0
GLOBAL,PWRPETUSARE01,2038,0.0
GLOBAL,PWRPETUSARE01,2039,0.0
GLOBAL,PWRPETUSARE01,2040,0.0
GLOBAL,PWRPETUSARE01,2041,0.0
GLOBAL,PWRPETUSARE01,2042,0.0
GLOBAL,PWRPETUSARE01,2043,0.0
GLOBAL,PWRPETUSARE01,2044,0.0
GLOBAL,PWRPETUSARE01,2045,0.0
GLOBAL,PWRPETUSARE01,2046,0.0
GLOBAL,PWRPETUSARE01,2047,0.0
GLOBAL,PWRPETUSARE01,2048,0.0
GLOBAL,PWRPETUSARE01,2049,0.0
GLOBAL,PWRPETUSARE01,2050,0.0
GLOBAL,PWRSPVUSARE01,2021,1.6244
GLOBAL,PWRSPVUSARE01,2022,1.6244
GLOBAL,PWRSPVUSARE01,2023,1.6244
GLOBAL,PWRSPVUSARE01,2024,1.6244
GLOBAL,PWRSPVUSARE01,2025,1.6244
GLOBAL,PWRSPVUSARE01,2026,1.6244
GLOBAL,PWRSPVUSARE01,2027,1.6244
GLOBAL,PWRSPVUSARE01,2028,1.6244
GLOBAL,PWRSPVUSARE01,2029,1.6244
GLOBAL,PWRSPVUSARE01,2030,1.6244
GLOBAL,PWRSPVUSARE01,2031,1.6244
GLOBAL,PWRSPVUSARE01,2032,1.6244
GLOBAL,PWRSPVUSARE01,2033,1.6244
GLOBAL,PWRSPVUSARE01,2034,1.6244
GLOBAL,PWRSPVUSARE01,2035,1.6244
GLOBAL,PWRSPVUSARE01,2036,1.6244
GLOBAL,PWRSPVUSARE01,2037,1.6244
GLOBAL,PWRSPVUSARE01,2038,1.6224
GLOBAL,PWRSPVUSARE01,2039,1.6194
GLOBAL,PWRSPVUSARE01,2040,1.6034
GLOBAL,PWRSPVUSARE01,2041,1.5804
GLOBAL,PWRSPVUSARE01,2042,1.4414
GLOBAL,PWRSPVUSARE01,2043,1.2254
GLOBAL,PWRSPVUSARE01,2044,1.1374
GLOBAL,PWRSPVUSARE01,2045,0.395
GLOBAL,PWRSPVUSARE01,2046,0.32
GLOBAL,PWRSPVUSARE01,2047,0.094
GLOBAL,PWRSPVUSARE01,2048,0.006
GLOBAL,PWRSPVUSARE01,2049,0.0
GLOBAL,PWRSPVUSARE01,2050,0.0
GLOBAL,PWRURNUSARE01,2021,14.684
GLOBAL,PWRURNUSARE01,2022,14.684
GLOBAL,PWRURNUSARE01,2023,14.684
GLOBAL,PWRURNUSARE01,2024,14.684
GLOBAL,PWRURNUSARE01,2025,14.684
GLOBAL,PWRURNUSARE01,2026,14.684
GLOBAL,PWRURNUSARE01,2027,14.684
GLOBAL,PWRURNUSARE01,2028,14.684
GLOBAL,PWRURNUSARE01,2029,14.684
GLOBAL,PWRURNUSARE01,2030,14.684
GLOBAL,PWRURNUSARE01,2031,14.134
GLOBAL,PWRURNUSARE01,2032,14.134
GLOBAL,PWRURNUSARE01,2033,14.134
GLOBAL,PWRURNUSARE01,2034,14.134
GLOBAL,PWRURNUSARE01,2035,10.369
GLOBAL,PWRURNUSARE01,2036,10.369
GLOBAL,PWRURNUSARE01,2037,8.541
GLOBAL,PWRURNUSARE01,2038,8.541
GLOBAL,PWRURNUSARE01,2039,8.541
GLOBAL,PWRURNUSARE01,2040,6.161
GLOBAL,PWRURNUSARE01,2041,6.161
GLOBAL,PWRURNUSARE01,2042,6.161
GLOBAL,PWRURNUSARE01,2043,6.161
GLOBAL,PWRURNUSARE01,2044,6.161
GLOBAL,PWRURNUSARE01,2045,3.566
GLOBAL,PWRURNUSARE01,2046,3.566
GLOBAL,PWRURNUSARE01,2047,3.566
GLOBAL,PWRURNUSARE01,2048,2.276
GLOBAL,PWRURNUSARE01,2049,0.0
GLOBAL,PWRURNUSARE01,2050,0.0
GLOBAL,PWRWASUSARE01,2021,1.01
GLOBAL,PWRWASUSARE01,2022,0.849
GLOBAL,PWRWASUSARE01,2023,0.814
GLOBAL,PWRWASUSARE01,2024,0.811
GLOBAL,PWRWASUSARE01,2025,0.713
GLOBAL,PWRWASUSARE01,2026,0.707
GLOBAL,PWRWASUSARE01,2027,0.701
GLOBAL,PWRWASUSARE01,2028,0.635
GLOBAL,PWRWASUSARE01,2029,0.625
GLOBAL,PWRWASUSARE01,2030,0.625
GLOBAL,PWRWASUSARE01,2031,0.625
GLOBAL,PWRWASUSARE01,2032,0.615
GLOBAL,PWRWASUSARE01,2033,0.615
GLOBAL,PWRWASUSARE01,2034,0.216
GLOBAL,PWRWASUSARE01,2035,0.212
GLOBAL,PWRWASUSARE01,2036,0.205
GLOBAL,PWRWASUSARE01,2037,0.176
GLOBAL,PWRWASUSARE01,2038,0.16
GLOBAL,PWRWASUSARE01,2039,0.139
GLOBAL,PWRWASUSARE01,2040,0.062
GLOBAL,PWRWASUSARE01,2041,0.055
GLOBAL,PWRWASUSARE01,2042,0.039
GLOBAL,PWRWASUSARE01,2043,0.029
GLOBAL,PWRWASUSARE01,2044,0.002
GLOBAL,PWRWASUSARE01,2045,0.002
GLOBAL,PWRWASUSARE01,2046,0.002
GLOBAL,PWRWASUSARE01,2047,0.0
GLOBAL,PWRWASUSARE01,2048,0.0
GLOBAL,PWRWASUSARE01,2049,0.0
GLOBAL,PWRWASUSARE01,2050,0.0
GLOBAL,PWRWONUSARE01,2021,1.006
GLOBAL,PWRWONUSARE01,2022,1.006
GLOBAL,PWRWONUSARE01,2023,1.006
GLOBAL,PWRWONUSARE01,2024,1.006
GLOBAL,PWRWONUSARE01,2025,1.006
GLOBAL,PWRWONUSARE01,2026,1.006
GLOBAL,PWRWONUSARE01,2027,1.006
GLOBAL,PWRWONUSARE01,2028,1.006
GLOBAL,PWRWONUSARE01,2029,1.006
GLOBAL,PWRWONUSARE01,2030,1.006
GLOBAL,PWRWONUSARE01,2031,1.006
GLOBAL,PWRWONUSARE01,2032,1.006
GLOBAL,PWRWONUSARE01,2033,1.006
GLOBAL,PWRWONUSARE01,2034,0.941
GLOBAL,PWRWONUSARE01,2035,0.941
GLOBAL,PWRWONUSARE01,2036,0.941
GLOBAL,PWRWONUSARE01,2037,0.909
GLOBAL,PWRWONUSARE01,2038,0.803
GLOBAL,PWRWONUSARE01,2039,0.774
GLOBAL,PWRWONUSARE01,2040,0.509
GLOBAL,PWRWONUSARE01,2041,0.406
GLOBAL,PWRWONUSARE01,2042,0.403
GLOBAL,PWRWONUSARE01,2043,0.171
GLOBAL,PWRWONUSARE01,2044,0.0
GLOBAL,PWRWONUSARE01,2045,0.0
GLOBAL,PWRWONUSARE01,2046,0.0
GLOBAL,PWRWONUSARE01,2047,0.0
GLOBAL,PWRWONUSARE01,2048,0.0
GLOBAL,PWRWONUSARE01,2049,0.0
GLOBAL,PWRWONUSARE01,2050,0.0
GLOBAL,PWRBIOUSARM01,2021,0.006
GLOBAL,PWRBIOUSARM01,2022,0.006
GLOBAL,PWRBIOUSARM01,2023,0.006
GLOBAL,PWRBIOUSARM01,2024,0.006
GLOBAL,PWRBIOUSARM01,2025,0.006
GLOBAL,PWRBIOUSARM01,2026,0.006
GLOBAL,PWRBIOUSARM01,2027,0.006
GLOBAL,PWRBIOUSARM01,2028,0.006
GLOBAL,PWRBIOUSARM01,2029,0.006
GLOBAL,PWRBIOUSARM01,2030,0.006
GLOBAL,PWRBIOUSARM01,2031,0.006
GLOBAL,PWRBIOUSARM01,2032,0.006
GLOBAL,PWRBIOUSARM01,2033,0.006
GLOBAL,PWRBIOUSARM01,2034,0.006
GLOBAL,PWRBIOUSARM01,2035,0.006
GLOBAL,PWRBIOUSARM01,2036,0.006
GLOBAL,PWRBIOUSARM01,2037,0.006
GLOBAL,PWRBIOUSARM01,2038,0.006
GLOBAL,PWRBIOUSARM01,2039,0.003
GLOBAL,PWRBIOUSARM01,2040,0.003
GLOBAL,PWRBIOUSARM01,2041,0.003
GLOBAL,PWRBIOUSARM01,2042,0.003
GLOBAL,PWRBIOUSARM01,2043,0.003
GLOBAL,PWRBIOUSARM01,2044,0.0
GLOBAL,PWRBIOUSARM01,2045,0.0
GLOBAL,PWRBIOUSARM01,2046,0.0
GLOBAL,PWRBIOUSARM01,2047,0.0
GLOBAL,PWRBIOUSARM01,2048,0.0
GLOBAL,PWRBIOUSARM01,2049,0.0
GLOBAL,PWRBIOUSARM01,2050,0.0
GLOBAL,PWRCCGUSARM00,2021,9.651
GLOBAL,PWRCCGUSARM00,2022,9.651
GLOBAL,PWRCCGUSARM00,2023,9.651
GLOBAL,PWRCCGUSARM00,2024,9.651
GLOBAL,PWRCCGUSARM00,2025,9.651
GLOBAL,PWRCCGUSARM00,2026,9.513
GLOBAL,PWRCCGUSARM00,2027,9.351
GLOBAL,PWRCCGUSARM00,2028,9.351
GLOBAL,PWRCCGUSARM00,2029,7.246
GLOBAL,PWRCCGUSARM00,2030,7.076
GLOBAL,PWRCCGUSARM00,2031,6.934
GLOBAL,PWRCCGUSARM00,2032,6.174
GLOBAL,PWRCCGUSARM00,2033,3.075
GLOBAL,PWRCCGUSARM00,2034,0.149
GLOBAL,PWRCCGUSARM00,2035,0.149
GLOBAL,PWRCCGUSARM00,2036,0.149
GLOBAL,PWRCCGUSARM00,2037,0.149
GLOBAL,PWRCCGUSARM00,2038,0.149
GLOBAL,PWRCCGUSARM00,2039,0.149
GLOBAL,PWRCCGUSARM00,2040,0.149
GLOBAL,PWRCCGUSARM00,2041,0.149
GLOBAL,PWRCCGUSARM00,2042,0.149
GLOBAL,PWRCCGUSARM00,2043,0.149
GLOBAL,PWRCCGUSARM00,2044,0.149
GLOBAL,PWRCCGUSARM00,2045,0.149
GLOBAL,PWRCCGUSARM00,2046,0.149
GLOBAL,PWRCCGUSARM00,2047,0.149
GLOBAL,PWRCCGUSARM00,2048,0.0
GLOBAL,PWRCCGUSARM00,2049,0.0
GLOBAL,PWRCCGUSARM00,2050,0.0
GLOBAL,PWRCOAUSARM01,2021,9.381
GLOBAL,PWRCOAUSARM01,2022,9.381
GLOBAL,PWRCOAUSARM01,2023,9.381
GLOBAL,PWRCOAUSARM01,2024,9.381
GLOBAL,PWRCOAUSARM01,2025,9.381
GLOBAL,PWRCOAUSARM01,2026,9.381
GLOBAL,PWRCOAUSARM01,2027,9.381
GLOBAL,PWRCOAUSARM01,2028,9.381
GLOBAL,PWRCOAUSARM01,2029,1.815
GLOBAL,PWRCOAUSARM01,2030,1.815
GLOBAL,PWRCOAUSARM01,2031,1.815
GLOBAL,PWRCOAUSARM01,2032,1.815
GLOBAL,PWRCOAUSARM01,2033,1.815
GLOBAL,PWRCOAUSARM01,2034,0.0
GLOBAL,PWRCOAUSARM01,2035,0.0
GLOBAL,PWRCOAUSARM01,2036,0.0
GLOBAL,PWRCOAUSARM01,2037,0.0
GLOBAL,PWRCOAUSARM01,2038,0.0
GLOBAL,PWRCOAUSARM01,2039,0.0
GLOBAL,PWRCOAUSARM01,2040,0.0
GLOBAL,PWRCOAUSARM01,2041,0.0
GLOBAL,PWRCOAUSARM01,2042,0.0
GLOBAL,PWRCOAUSARM01,2043,0.0
GLOBAL,PWRCOAUSARM01,2044,0.0
GLOBAL,PWRCOAUSARM01,2045,0.0
GLOBAL,PWRCOAUSARM01,2046,0.0
GLOBAL,PWRCOAUSARM01,2047,0.0
GLOBAL,PWRCOAUSARM01,2048,0.0
GLOBAL,PWRCOAUSARM01,2049,0.0
GLOBAL,PWRCOAUSARM01,2050,0.0
GLOBAL,PWRHYDUSARM01,2021,2.129
GLOBAL,PWRHYDUSARM01,2022,2.129
GLOBAL,PWRHYDUSARM01,2023,2.122
GLOBAL,PWRHYDUSARM01,2024,2.111
GLOBAL,PWRHYDUSARM01,2025,2.103
GLOBAL,PWRHYDUSARM01,2026,2.086
GLOBAL,PWRHYDUSARM01,2027,2.086
GLOBAL,PWRHYDUSARM01,2028,2.086
GLOBAL,PWRHYDUSARM01,2029,2.086
GLOBAL,PWRHYDUSARM01,2030,2.086
GLOBAL,PWRHYDUSARM01,2031,2.086
GLOBAL,PWRHYDUSARM01,2032,2.054
GLOBAL,PWRHYDUSARM01,2033,2.054
GLOBAL,PWRHYDUSARM01,2034,1.988
GLOBAL,PWRHYDUSARM01,2035,1.988
GLOBAL,PWRHYDUSARM01,2036,1.988
GLOBAL,PWRHYDUSARM01,2037,1.988
GLOBAL,PWRHYDUSARM01,2038,1.988
GLOBAL,PWRHYDUSARM01,2039,1.988
GLOBAL,PWRHYDUSARM01,2040,1.988
GLOBAL,PWRHYDUSARM01,2041,1.985
GLOBAL,PWRHYDUSARM01,2042,1.985
GLOBAL,PWRHYDUSARM01,2043,1.985
GLOBAL,PWRHYDUSARM01,2044,1.985
GLOBAL,PWRHYDUSARM01,2045,1.985
GLOBAL,PWRHYDUSARM01,2046,1.985
GLOBAL,PWRHYDUSARM01,2047,1.985
GLOBAL,PWRHYDUSARM01,2048,1.985
GLOBAL,PWRHYDUSARM01,2049,1.985
GLOBAL,PWRHYDUSARM01,2050,1.985
GLOBAL,PWROCGUSARM00,2021,1.282
GLOBAL,PWROCGUSARM00,2022,1.282
GLOBAL,PWROCGUSARM00,2023,1.282
GLOBAL,PWROCGUSARM00,2024,1.267
GLOBAL,PWROCGUSARM00,2025,1.155
GLOBAL,PWROCGUSARM00,2026,1.134
GLOBAL,PWROCGUSARM00,2027,1.134
GLOBAL,PWROCGUSARM00,2028,1.134
GLOBAL,PWROCGUSARM00,2029,0.75
GLOBAL,PWROCGUSARM00,2030,0.677
GLOBAL,PWROCGUSARM00,2031,0.526
GLOBAL,PWROCGUSARM00,2032,0.456
GLOBAL,PWROCGUSARM00,2033,0.454
GLOBAL,PWROCGUSARM00,2034,0.131
GLOBAL,PWROCGUSARM00,2035,0.131
GLOBAL,PWROCGUSARM00,2036,0.131
GLOBAL,PWROCGUSARM00,2037,0.121
GLOBAL,PWROCGUSARM00,2038,0.121
GLOBAL,PWROCGUSARM00,2039,0.121
GLOBAL,PWROCGUSARM00,2040,0.121
GLOBAL,PWROCGUSARM00,2041,0.121
GLOBAL,PWROCGUSARM00,2042,0.121
GLOBAL,PWROCGUSARM00,2043,0.121
GLOBAL,PWROCGUSARM00,2044,0.023
GLOBAL,PWROCGUSARM00,2045,0.023
GLOBAL,PWROCGUSARM00,2046,0.0
GLOBAL,PWROCGUSARM00,2047,0.0
GLOBAL,PWROCGUSARM00,2048,0.0
GLOBAL,PWROCGUSARM00,2049,0.0
GLOBAL,PWROCGUSARM00,2050,0.0
GLOBAL,PWROILUSARM01,2021,0.235
GLOBAL,PWROILUSARM01,2022,0.235
GLOBAL,PWROILUSARM01,2023,0.231
GLOBAL,PWROILUSARM01,2024,0.231
GLOBAL,PWROILUSARM01,2025,0.231
GLOBAL,PWROILUSARM01,2026,0.231
GLOBAL,PWROILUSARM01,2027,0.21
GLOBAL,PWROILUSARM01,2028,0.21
GLOBAL,PWROILUSARM01,2029,0.043
GLOBAL,PWROILUSARM01,2030,0.043
GLOBAL,PWROILUSARM01,2031,0.031
GLOBAL,PWROILUSARM01,2032,0.031
GLOBAL,PWROILUSARM01,2033,0.031
GLOBAL,PWROILUSARM01,2034,0.0
GLOBAL,PWROILUSARM01,2035,0.0
GLOBAL,PWROILUSARM01,2036,0.0
GLOBAL,PWROILUSARM01,2037,0.0
GLOBAL,PWROILUSARM01,2038,0.0
GLOBAL,PWROILUSARM01,2039,0.0
GLOBAL,PWROILUSARM01,2040,0.0
GLOBAL,PWROILUSARM01,2041,0.0
GLOBAL,PWROILUSARM01,2042,0.0
GLOBAL,PWROILUSARM01,2043,0.0
GLOBAL,PWROILUSARM01,2044,0.0
GLOBAL,PWROILUSARM01,2045,0.0
GLOBAL,PWROILUSARM01,2046,0.0
GLOBAL,PWROILUSARM01,2047,0.0
GLOBAL,PWROILUSARM01,2048,0.0
GLOBAL,PWROILUSARM01,2049,0.0
GLOBAL,PWROILUSARM01,2050,0.0
GLOBAL,PWRSPVUSARM01,2021,0.073
GLOBAL,PWRSPVUSARM01,2022,0.073
GLOBAL,PWRSPVUSARM01,2023,0.073
GLOBAL,PWRSPVUSARM01,2024,0.073
GLOBAL,PWRSPVUSARM01,2025,0.073
GLOBAL,PWRSPVUSARM01,2026,0.073
GLOBAL,PWRSPVUSARM01,2027,0.073
GLOBAL,PWRSPVUSARM01,2028,0.073
GLOBAL,PWRSPVUSARM01,2029,0.073
GLOBAL,PWRSPVUSARM01,2030,0.073
GLOBAL,PWRSPVUSARM01,2031,0.073
GLOBAL,PWRSPVUSARM01,2032,0.073
GLOBAL,PWRSPVUSARM01,2033,0.073
GLOBAL,PWRSPVUSARM01,2034,0.073
GLOBAL,PWRSPVUSARM01,2035,0.073
GLOBAL,PWRSPVUSARM01,2036,0.073
GLOBAL,PWRSPVUSARM01,2037,0.073
GLOBAL,PWRSPVUSARM01,2038,0.073
GLOBAL,PWRSPVUSARM01,2039,0.073
GLOBAL,PWRSPVUSARM01,2040,0.073
GLOBAL,PWRSPVUSARM01,2041,0.073
GLOBAL,PWRSPVUSARM01,2042,0.073
GLOBAL,PWRSPVUSARM01,2043,0.072
GLOBAL,PWRSPVUSARM01,2044,0.068
GLOBAL,PWRSPVUSARM01,2045,0.068
GLOBAL,PWRSPVUSARM01,2046,0.066
GLOBAL,PWRSPVUSARM01,2047,0.061
GLOBAL,PWRSPVUSARM01,2048,0.011
GLOBAL,PWRSPVUSARM01,2049,0.0
GLOBAL,PWRSPVUSARM01,2050,0.0
GLOBAL,PWRURNUSARM01,2021,1.281
GLOBAL,PWRURNUSARM01,2022,1.281
GLOBAL,PWRURNUSARM01,2023,1.281
GLOBAL,PWRURNUSARM01,2024,1.281
GLOBAL,PWRURNUSARM01,2025,1.281
GLOBAL,PWRURNUSARM01,2026,1.281
GLOBAL,PWRURNUSARM01,2027,1.281
GLOBAL,PWRURNUSARM01,2028,1.281
GLOBAL,PWRURNUSARM01,2029,1.281
GLOBAL,PWRURNUSARM01,2030,1.281
GLOBAL,PWRURNUSARM01,2031,1.281
GLOBAL,PWRURNUSARM01,2032,1.281
GLOBAL,PWRURNUSARM01,2033,1.281
GLOBAL,PWRURNUSARM01,2034,1.281
GLOBAL,PWRURNUSARM01,2035,1.281
GLOBAL,PWRURNUSARM01,2036,1.281
GLOBAL,PWRURNUSARM01,2037,1.281
GLOBAL,PWRURNUSARM01,2038,1.281
GLOBAL,PWRURNUSARM01,2039,1.281
GLOBAL,PWRURNUSARM01,2040,1.281
GLOBAL,PWRURNUSARM01,2041,1.281
GLOBAL,PWRURNUSARM01,2042,1.281
GLOBAL,PWRURNUSARM01,2043,1.281
GLOBAL,PWRURNUSARM01,2044,1.281
GLOBAL,PWRURNUSARM01,2045,1.281
GLOBAL,PWRURNUSARM01,2046,1.281
GLOBAL,PWRURNUSARM01,2047,1.281
GLOBAL,PWRURNUSARM01,2048,0.0
GLOBAL,PWRURNUSARM01,2049,0.0
GLOBAL,PWRURNUSARM01,2050,0.0
GLOBAL,PWRWASUSARM01,2021,0.383
GLOBAL,PWRWASUSARM01,2022,0.383
GLOBAL,PWRWASUSARM01,2023,0.343
GLOBAL,PWRWASUSARM01,2024,0.299
GLOBAL,PWRWASUSARM01,2025,0.284
GLOBAL,PWRWASUSARM01,2026,0.279
GLOBAL,PWRWASUSARM01,2027,0.239
GLOBAL,PWRWASUSARM01,2028,0.233
GLOBAL,PWRWASUSARM01,2029,0.203
GLOBAL,PWRWASUSARM01,2030,0.203
GLOBAL,PWRWASUSARM01,2031,0.203
GLOBAL,PWRWASUSARM01,2032,0.197
GLOBAL,PWRWASUSARM01,2033,0.197
GLOBAL,PWRWASUSARM01,2034,0.051
GLOBAL,PWRWASUSARM01,2035,0.043
GLOBAL,PWRWASUSARM01,2036,0.043
GLOBAL,PWRWASUSARM01,2037,0.043
GLOBAL,PWRWASUSARM01,2038,0.043
GLOBAL,PWRWASUSARM01,2039,0.038
GLOBAL,PWRWASUSARM01,2040,0.032
GLOBAL,PWRWASUSARM01,2041,0.02
GLOBAL,PWRWASUSARM01,2042,0.017
GLOBAL,PWRWASUSARM01,2043,0.001
GLOBAL,PWRWASUSARM01,2044,0.001
GLOBAL,PWRWASUSARM01,2045,0.001
GLOBAL,PWRWASUSARM01,2046,0.001
GLOBAL,PWRWASUSARM01,2047,0.0
GLOBAL,PWRWASUSARM01,2048,0.0
GLOBAL,PWRWASUSARM01,2049,0.0
GLOBAL,PWRWASUSARM01,2050,0.0
GLOBAL,PWRWONUSARM01,2021,1.8691
GLOBAL,PWRWONUSARM01,2022,1.8691
GLOBAL,PWRWONUSARM01,2023,1.8691
GLOBAL,PWRWONUSARM01,2024,1.8691
GLOBAL,PWRWONUSARM01,2025,1.8691
GLOBAL,PWRWONUSARM01,2026,1.8691
GLOBAL,PWRWONUSARM01,2027,1.8691
GLOBAL,PWRWONUSARM01,2028,1.8691
GLOBAL,PWRWONUSARM01,2029,1.8691
GLOBAL,PWRWONUSARM01,2030,1.8691
GLOBAL,PWRWONUSARM01,2031,1.8691
GLOBAL,PWRWONUSARM01,2032,1.8691
GLOBAL,PWRWONUSARM01,2033,1.8691
GLOBAL,PWRWONUSARM01,2034,1.8691
GLOBAL,PWRWONUSARM01,2035,1.8691
GLOBAL,PWRWONUSARM01,2036,1.8691
GLOBAL,PWRWONUSARM01,2037,1.8691
GLOBAL,PWRWONUSARM01,2038,1.8691
GLOBAL,PWRWONUSARM01,2039,1.8161
GLOBAL,PWRWONUSARM01,2040,1.705
GLOBAL,PWRWONUSARM01,2041,1.645
GLOBAL,PWRWONUSARM01,2042,1.543
GLOBAL,PWRWONUSARM01,2043,1.183
GLOBAL,PWRWONUSARM01,2044,0.771
GLOBAL,PWRWONUSARM01,2045,0.621
GLOBAL,PWRWONUSARM01,2046,0.46
GLOBAL,PWRWONUSARM01,2047,0.249
GLOBAL,PWRWONUSARM01,2048,0.0
GLOBAL,PWRWONUSARM01,2049,0.0
GLOBAL,PWRWONUSARM01,2050,0.0
GLOBAL,PWRBIOUSARW01,2021,0.179
GLOBAL,PWRBIOUSARW01,2022,0.179
GLOBAL,PWRBIOUSARW01,2023,0.179
GLOBAL,PWRBIOUSARW01,2024,0.125
GLOBAL,PWRBIOUSARW01,2025,0.125
GLOBAL,PWRBIOUSARW01,2026,0.125
GLOBAL,PWRBIOUSARW01,2027,0.125
GLOBAL,PWRBIOUSARW01,2028,0.125
GLOBAL,PWRBIOUSARW01,2029,0.032
GLOBAL,PWRBIOUSARW01,2030,0.032
GLOBAL,PWRBIOUSARW01,2031,0.032
GLOBAL,PWRBIOUSARW01,2032,0.032
GLOBAL,PWRBIOUSARW01,2033,0.032
GLOBAL,PWRBIOUSARW01,2034,0.032
GLOBAL,PWRBIOUSARW01,2035,0.032
GLOBAL,PWRBIOUSARW01,2036,0.032
GLOBAL,PWRBIOUSARW01,2037,0.032
GLOBAL,PWRBIOUSARW01,2038,0.027
GLOBAL,PWRBIOUSARW01,2039,0.026
GLOBAL,PWRBIOUSARW01,2040,0.026
GLOBAL,PWRBIOUSARW01,2041,0.023
GLOBAL,PWRBIOUSARW01,2042,0.021
GLOBAL,PWRBIOUSARW01,2043,0.019
GLOBAL,PWRBIOUSARW01,2044,0.011
GLOBAL,PWRBIOUSARW01,2045,0.003
GLOBAL,PWRBIOUSARW01,2046,0.0
GLOBAL,PWRBIOUSARW01,2047,0.0
GLOBAL,PWRBIOUSARW01,2048,0.0
GLOBAL,PWRBIOUSARW01,2049,0.0
GLOBAL,PWRBIOUSARW01,2050,0.0
GLOBAL,PWRCCGUSARW00,2021,41.199
GLOBAL,PWRCCGUSARW00,2022,41.199
GLOBAL,PWRCCGUSARW00,2023,40.627
GLOBAL,PWRCCGUSARW00,2024,40.627
GLOBAL,PWRCCGUSARW00,2025,40.071
GLOBAL,PWRCCGUSARW00,2026,39.497
GLOBAL,PWRCCGUSARW00,2027,39.192
GLOBAL,PWRCCGUSARW00,2028,39.031
GLOBAL,PWRCCGUSARW00,2029,36.65
GLOBAL,PWRCCGUSARW00,2030,34.745
GLOBAL,PWRCCGUSARW00,2031,29.305
GLOBAL,PWRCCGUSARW00,2032,24.971
GLOBAL,PWRCCGUSARW00,2033,15.9
GLOBAL,PWRCCGUSARW00,2034,9.883
GLOBAL,PWRCCGUSARW00,2035,7.475
GLOBAL,PWRCCGUSARW00,2036,7.073
GLOBAL,PWRCCGUSARW00,2037,7.073
GLOBAL,PWRCCGUSARW00,2038,5.865
GLOBAL,PWRCCGUSARW00,2039,5.865
GLOBAL,PWRCCGUSARW00,2040,5.865
GLOBAL,PWRCCGUSARW00,2041,5.865
GLOBAL,PWRCCGUSARW00,2042,5.865
GLOBAL,PWRCCGUSARW00,2043,4.447
GLOBAL,PWRCCGUSARW00,2044,4.447
GLOBAL,PWRCCGUSARW00,2045,4.447
GLOBAL,PWRCCGUSARW00,2046,2.347
GLOBAL,PWRCCGUSARW00,2047,1.893
GLOBAL,PWRCCGUSARW00,2048,0.831
GLOBAL,PWRCCGUSARW00,2049,0.0
GLOBAL,PWRCCGUSARW00,2050,0.0
GLOBAL,PWRCOAUSARW01,2021,58.939
GLOBAL,PWRCOAUSARW01,2022,58.87
GLOBAL,PWRCOAUSARW01,2023,58.719
GLOBAL,PWRCOAUSARW01,2024,58.719
GLOBAL,PWRCOAUSARW01,2025,58.719
GLOBAL,PWRCOAUSARW01,2026,58.719
GLOBAL,PWRCOAUSARW01,2027,58.719
GLOBAL,PWRCOAUSARW01,2028,56.836
GLOBAL,PWRCOAUSARW01,2029,21.986
GLOBAL,PWRCOAUSARW01,2030,21.757
GLOBAL,PWRCOAUSARW01,2031,21.757
GLOBAL,PWRCOAUSARW01,2032,21.757
GLOBAL,PWRCOAUSARW01,2033,21.757
GLOBAL,PWRCOAUSARW01,2034,3.016
GLOBAL,PWRCOAUSARW01,2035,3.016
GLOBAL,PWRCOAUSARW01,2036,3.016
GLOBAL,PWRCOAUSARW01,2037,3.016
GLOBAL,PWRCOAUSARW01,2038,3.016
GLOBAL,PWRCOAUSARW01,2039,3.016
GLOBAL,PWRCOAUSARW01,2040,3.016
GLOBAL,PWRCOAUSARW01,2041,3.016
GLOBAL,PWRCOAUSARW01,2042,1.611
GLOBAL,PWRCOAUSARW01,2043,0.804
GLOBAL,PWRCOAUSARW01,2044,0.0
GLOBAL,PWRCOAUSARW01,2045,0.0
GLOBAL,PWRCOAUSARW01,2046,0.0
GLOBAL,PWRCOAUSARW01,2047,0.0
GLOBAL,PWRCOAUSARW01,2048,0.0
GLOBAL,PWRCOAUSARW01,2049,0.0
GLOBAL,PWRCOAUSARW01,2050,0.0
GLOBAL,PWRCOGUSARW01,2021,0.095
GLOBAL,PWRCOGUSARW01,2022,0.095
GLOBAL,PWRCOGUSARW01,2023,0.095
GLOBAL,PWRCOGUSARW01,2024,0.095
GLOBAL,PWRCOGUSARW01,2025,0.095
GLOBAL,PWRCOGUSARW01,2026,0.095
GLOBAL,PWRCOGUSARW01,2027,0.095
GLOBAL,PWRCOGUSARW01,2028,0.095
GLOBAL,PWRCOGUSARW01,2029,0.0
GLOBAL,PWRCOGUSARW01,2030,0.0
GLOBAL,PWRCOGUSARW01,2031,0.0
GLOBAL,PWRCOGUSARW01,2032,0.0
GLOBAL,PWRCOGUSARW01,2033,0.0
GLOBAL,PWRCOGUSARW01,2034,0.0
GLOBAL,PWRCOGUSARW01,2035,0.0
GLOBAL,PWRCOGUSARW01,2036,0.0
GLOBAL,PWRCOGUSARW01,2037,0.0
GLOBAL,PWRCOGUSARW01,2038,0.0
GLOBAL,PWRCOGUSARW01,2039,0.0
GLOBAL,PWRCOGUSARW01,2040,0.0
GLOBAL,PWRCOGUSARW01,2041,0.0
GLOBAL,PWRCOGUSARW01,2042,0.0
GLOBAL,PWRCOGUSARW01,2043,0.0
GLOBAL,PWRCOGUSARW01,2044,0.0
GLOBAL,PWRCOGUSARW01,2045,0.0
GLOBAL,PWRCOGUSARW01,2046,0.0
GLOBAL,PWRCOGUSARW01,2047,0.0
GLOBAL,PWRCOGUSARW01,2048,0.0
GLOBAL,PWRCOGUSARW01,2049,0.0
GLOBAL,PWRCOGUSARW01,2050,0.0
GLOBAL,PWRHYDUSARW01,2021,1.625
GLOBAL,PWRHYDUSARW01,2022,1.624
GLOBAL,PWRHYDUSARW01,2023,1.621
GLOBAL,PWRHYDUSARW01,2024,1.607
GLOBAL,PWRHYDUSARW01,2025,1.6
GLOBAL,PWRHYDUSARW01,2026,1.576
GLOBAL,PWRHYDUSARW01,2027,1.575
GLOBAL,PWRHYDUSARW01,2028,1.522
GLOBAL,PWRHYDUSARW01,2029,1.417
GLOBAL,PWRHYDUSARW01,2030,1.416
GLOBAL,PWRHYDUSARW01,2031,1.416
GLOBAL,PWRHYDUSARW01,2032,1.416
GLOBAL,PWRHYDUSARW01,2033,1.412
GLOBAL,PWRHYDUSARW01,2034,1.354
GLOBAL,PWRHYDUSARW01,2035,1.353
GLOBAL,PWRHYDUSARW01,2036,1.353
GLOBAL,PWRHYDUSARW01,2037,1.217
GLOBAL,PWRHYDUSARW01,2038,1.217
GLOBAL,PWRHYDUSARW01,2039,1.181
GLOBAL,PWRHYDUSARW01,2040,1.106
GLOBAL,PWRHYDUSARW01,2041,1.106
GLOBAL,PWRHYDUSARW01,2042,1.104
GLOBAL,PWRHYDUSARW01,2043,1.104
GLOBAL,PWRHYDUSARW01,2044,1.092
GLOBAL,PWRHYDUSARW01,2045,1.092
GLOBAL,PWRHYDUSARW01,2046,1.092
GLOBAL,PWRHYDUSARW01,2047,1.092
GLOBAL,PWRHYDUSARW01,2048,1.092
GLOBAL,PWRHYDUSARW01,2049,1.09
GLOBAL,PWRHYDUSARW01,2050,1.065
GLOBAL,PWROCGUSARW00,2021,2.421
GLOBAL,PWROCGUSARW00,2022,2.404
GLOBAL,PWROCGUSARW00,2023,2.304
GLOBAL,PWROCGUSARW00,2024,2.298
GLOBAL,PWROCGUSARW00,2025,2.297
GLOBAL,PWROCGUSARW00,2026,2.289
GLOBAL,PWROCGUSARW00,2027,2.188
GLOBAL,PWROCGUSARW00,2028,2.115
GLOBAL,PWROCGUSARW00,2029,1.136
GLOBAL,PWROCGUSARW00,2030,1.136
GLOBAL,PWROCGUSARW00,2031,0.782
GLOBAL,PWROCGUSARW00,2032,0.752
GLOBAL,PWROCGUSARW00,2033,0.654
GLOBAL,PWROCGUSARW00,2034,0.339
GLOBAL,PWROCGUSARW00,2035,0.267
GLOBAL,PWROCGUSARW00,2036,0.226
GLOBAL,PWROCGUSARW00,2037,0.226
GLOBAL,PWROCGUSARW00,2038,0.214
GLOBAL,PWROCGUSARW00,2039,0.214
GLOBAL,PWROCGUSARW00,2040,0.214
GLOBAL,PWROCGUSARW00,2041,0.214
GLOBAL,PWROCGUSARW00,2042,0.214
GLOBAL,PWROCGUSARW00,2043,0.146
GLOBAL,PWROCGUSARW00,2044,0.133
GLOBAL,PWROCGUSARW00,2045,0.133
GLOBAL,PWROCGUSARW00,2046,0.115
GLOBAL,PWROCGUSARW00,2047,0.109
GLOBAL,PWROCGUSARW00,2048,0.0
GLOBAL,PWROCGUSARW00,2049,0.0
GLOBAL,PWROCGUSARW00,2050,0.0
GLOBAL,PWROILUSARW01,2021,1.285
GLOBAL,PWROILUSARW01,2022,1.266
GLOBAL,PWROILUSARW01,2023,1.265
GLOBAL,PWROILUSARW01,2024,1.265
GLOBAL,PWROILUSARW01,2025,1.265
GLOBAL,PWROILUSARW01,2026,1.256
GLOBAL,PWROILUSARW01,2027,1.226
GLOBAL,PWROILUSARW01,2028,1.224
GLOBAL,PWROILUSARW01,2029,0.567
GLOBAL,PWROILUSARW01,2030,0.525
GLOBAL,PWROILUSARW01,2031,0.471
GLOBAL,PWROILUSARW01,2032,0.461
GLOBAL,PWROILUSARW01,2033,0.442
GLOBAL,PWROILUSARW01,2034,0.053
GLOBAL,PWROILUSARW01,2035,0.044
GLOBAL,PWROILUSARW01,2036,0.022
GLOBAL,PWROILUSARW01,2037,0.019
GLOBAL,PWROILUSARW01,2038,0.014
GLOBAL,PWROILUSARW01,2039,0.008
GLOBAL,PWROILUSARW01,2040,0.008
GLOBAL,PWROILUSARW01,2041,0.002
GLOBAL,PWROILUSARW01,2042,0.002
GLOBAL,PWROILUSARW01,2043,0.002
GLOBAL,PWROILUSARW01,2044,0.002
GLOBAL,PWROILUSARW01,2045,0.002
GLOBAL,PWROILUSARW01,2046,0.002
GLOBAL,PWROILUSARW01,2047,0.0
GLOBAL,PWROILUSARW01,2048,0.0
GLOBAL,PWROILUSARW01,2049,0.0
GLOBAL,PWROILUSARW01,2050,0.0
GLOBAL,PWRPETUSARW01,2021,0.22
GLOBAL,PWRPETUSARW01,2022,0.22
GLOBAL,PWRPETUSARW01,2023,0.22
GLOBAL,PWRPETUSARW01,2024,0.22
GLOBAL,PWRPETUSARW01,2025,0.22
GLOBAL,PWRPETUSARW01,2026,0.22
GLOBAL,PWRPETUSARW01,2027,0.22
GLOBAL,PWRPETUSARW01,2028,0.22
GLOBAL,PWRPETUSARW01,2029,0.006
GLOBAL,PWRPETUSARW01,2030,0.006
GLOBAL,PWRPETUSARW01,2031,0.006
GLOBAL,PWRPETUSARW01,2032,0.006
GLOBAL,PWRPETUSARW01,2033,0.006
GLOBAL,PWRPETUSARW01,2034,0.0
GLOBAL,PWRPETUSARW01,2035,0.0
GLOBAL,PWRPETUSARW01,2036,0.0
GLOBAL,PWRPETUSARW01,2037,0.0
GLOBAL,PWRPETUSARW01,2038,0.0
GLOBAL,PWRPETUSARW01,2039,0.0
GLOBAL,PWRPETUSARW01,2040,0.0
GLOBAL,PWRPETUSARW01,2041,0.0
GLOBAL,PWRPETUSARW01,2042,0.0
GLOBAL,PWRPETUSARW01,2043,0.0
GLOBAL,PWRPETUSARW01,2044,0.0
GLOBAL,PWRPETUSARW01,2045,0.0
GLOBAL,PWRPETUSARW01,2046,0.0
GLOBAL,PWRPETUSARW01,2047,0.0
GLOBAL,PWRPETUSARW01,2048,0.0
GLOBAL,PWRPETUSARW01,2049,0.0
GLOBAL,PWRPETUSARW01,2050,0.0
GLOBAL,PWRSPVUSARW01,2021,0.6087
GLOBAL,PWRSPVUSARW01,2022,0.6087
GLOBAL,PWRSPVUSARW01,2023,0.6087
GLOBAL,PWRSPVUSARW01,2024,0.6087
GLOBAL,PWRSPVUSARW01,2025,0.6087
GLOBAL,PWRSPVUSARW01,2026,0.6087
GLOBAL,PWRSPVUSARW01,2027,0.6087
GLOBAL,PWRSPVUSARW01,2028,0.6087
GLOBAL,PWRSPVUSARW01,2029,0.6087
GLOBAL,PWRSPVUSARW01,2030,0.6087
GLOBAL,PWRSPVUSARW01,2031,0.6087
GLOBAL,PWRSPVUSARW01,2032,0.6087
GLOBAL,PWRSPVUSARW01,2033,0.6087
GLOBAL,PWRSPVUSARW01,2034,0.6087
GLOBAL,PWRSPVUSARW01,2035,0.6087
GLOBAL,PWRSPVUSARW01,2036,0.6087
GLOBAL,PWRSPVUSARW01,2037,0.6087
GLOBAL,PWRSPVUSARW01,2038,0.6087
GLOBAL,PWRSPVUSARW01,2039,0.6087
GLOBAL,PWRSPVUSARW01,2040,0.6087
GLOBAL,PWRSPVUSARW01,2041,0.5897
GLOBAL,PWRSPVUSARW01,2042,0.5877
GLOBAL,PWRSPVUSARW01,2043,0.5417
GLOBAL,PWRSPVUSARW01,2044,0.4947
GLOBAL,PWRSPVUSARW01,2045,0.204
GLOBAL,PWRSPVUSARW01,2046,0.157
GLOBAL,PWRSPVUSARW01,2047,0.082
GLOBAL,PWRSPVUSARW01,2048,0.015
GLOBAL,PWRSPVUSARW01,2049,0.0
GLOBAL,PWRSPVUSARW01,2050,0.0
GLOBAL,PWRURNUSARW01,2021,16.441
GLOBAL,PWRURNUSARW01,2022,16.441
GLOBAL,PWRURNUSARW01,2023,16.441
GLOBAL,PWRURNUSARW01,2024,16.441
GLOBAL,PWRURNUSARW01,2025,16.441
GLOBAL,PWRURNUSARW01,2026,16.441
GLOBAL,PWRURNUSARW01,2027,16.441
GLOBAL,PWRURNUSARW01,2028,16.441
GLOBAL,PWRURNUSARW01,2029,16.441
GLOBAL,PWRURNUSARW01,2030,16.441
GLOBAL,PWRURNUSARW01,2031,16.441
GLOBAL,PWRURNUSARW01,2032,14.421
GLOBAL,PWRURNUSARW01,2033,13.609
GLOBAL,PWRURNUSARW01,2034,13.609
GLOBAL,PWRURNUSARW01,2035,13.609
GLOBAL,PWRURNUSARW01,2036,13.609
GLOBAL,PWRURNUSARW01,2037,11.325
GLOBAL,PWRURNUSARW01,2038,10.399
GLOBAL,PWRURNUSARW01,2039,10.399
GLOBAL,PWRURNUSARW01,2040,10.399
GLOBAL,PWRURNUSARW01,2041,10.399
GLOBAL,PWRURNUSARW01,2042,10.399
GLOBAL,PWRURNUSARW01,2043,8.551
GLOBAL,PWRURNUSARW01,2044,8.551
GLOBAL,PWRURNUSARW01,2045,6.211
GLOBAL,PWRURNUSARW01,2046,6.211
GLOBAL,PWRURNUSARW01,2047,3.761
GLOBAL,PWRURNUSARW01,2048,2.45
GLOBAL,PWRURNUSARW01,2049,0.0
GLOBAL,PWRURNUSARW01,2050,0.0
GLOBAL,PWRWASUSARW01,2021,0.671
GLOBAL,PWRWASUSARW01,2022,0.662
GLOBAL,PWRWASUSARW01,2023,0.591
GLOBAL,PWRWASUSARW01,2024,0.572
GLOBAL,PWRWASUSARW01,2025,0.482
GLOBAL,PWRWASUSARW01,2026,0.414
GLOBAL,PWRWASUSARW01,2027,0.394
GLOBAL,PWRWASUSARW01,2028,0.374
GLOBAL,PWRWASUSARW01,2029,0.318
GLOBAL,PWRWASUSARW01,2030,0.309
GLOBAL,PWRWASUSARW01,2031,0.309
GLOBAL,PWRWASUSARW01,2032,0.297
GLOBAL,PWRWASUSARW01,2033,0.297
GLOBAL,PWRWASUSARW01,2034,0.236
GLOBAL,PWRWASUSARW01,2035,0.181
GLOBAL,PWRWASUSARW01,2036,0.178
GLOBAL,PWRWASUSARW01,2037,0.178
GLOBAL,PWRWASUSARW01,2038,0.165
GLOBAL,PWRWASUSARW01,2039,0.134
GLOBAL,PWRWASUSARW01,2040,0.116
GLOBAL,PWRWASUSARW01,2041,0.109
GLOBAL,PWRWASUSARW01,2042,0.082
GLOBAL,PWRWASUSARW01,2043,0.043
GLOBAL,PWRWASUSARW01,2044,0.027
GLOBAL,PWRWASUSARW01,2045,0.021
GLOBAL,PWRWASUSARW01,2046,0.021
GLOBAL,PWRWASUSARW01,2047,0.005
GLOBAL,PWRWASUSARW01,2048,0.0
GLOBAL,PWRWASUSARW01,2049,0.0
GLOBAL,PWRWASUSARW01,2050,0.0
GLOBAL,PWRWONUSARW01,2021,5.4139
GLOBAL,PWRWONUSARW01,2022,5.4139
GLOBAL,PWRWONUSARW01,2023,5.4139
GLOBAL,PWRWONUSARW01,2024,5.4139
GLOBAL,PWRWONUSARW01,2025,5.4139
GLOBAL,PWRWONUSARW01,2026,5.4139
GLOBAL,PWRWONUSARW01,2027,5.4139
GLOBAL,PWRWONUSARW01,2028,5.4139
GLOBAL,PWRWONUSARW01,2029,5.4139
GLOBAL,PWRWONUSARW01,2030,5.4129
GLOBAL,PWRWONUSARW01,2031,5.4129
GLOBAL,PWRWONUSARW01,2032,5.4129
GLOBAL,PWRWONUSARW01,2033,5.3869
GLOBAL,PWRWONUSARW01,2034,5.2709
GLOBAL,PWRWONUSARW01,2035,5.2639
GLOBAL,PWRWONUSARW01,2036,5.2639
GLOBAL,PWRWONUSARW01,2037,5.2639
GLOBAL,PWRWONUSARW01,2038,5.1789
GLOBAL,PWRWONUSARW01,2039,4.7129
GLOBAL,PWRWONUSARW01,2040,3.03
GLOBAL,PWRWONUSARW01,2041,2.187
GLOBAL,PWRWONUSARW01,2042,1.835
GLOBAL,PWRWONUSARW01,2043,1.312
GLOBAL,PWRWONUSARW01,2044,0.968
GLOBAL,PWRWONUSARW01,2045,0.965
GLOBAL,PWRWONUSARW01,2046,0.695
GLOBAL,PWRWONUSARW01,2047,0.535
GLOBAL,PWRWONUSARW01,2048,0.186
GLOBAL,PWRWONUSARW01,2049,0.0
GLOBAL,PWRWONUSARW01,2050,0.0
GLOBAL,PWRBIOUSASA01,2021,0.737
GLOBAL,PWRBIOUSASA01,2022,0.653
GLOBAL,PWRBIOUSASA01,2023,0.653
GLOBAL,PWRBIOUSASA01,2024,0.653
GLOBAL,PWRBIOUSASA01,2025,0.653
GLOBAL,PWRBIOUSASA01,2026,0.653
GLOBAL,PWRBIOUSASA01,2027,0.525
GLOBAL,PWRBIOUSASA01,2028,0.507
GLOBAL,PWRBIOUSASA01,2029,0.029
GLOBAL,PWRBIOUSASA01,2030,0.029
GLOBAL,PWRBIOUSASA01,2031,0.029
GLOBAL,PWRBIOUSASA01,2032,0.029
GLOBAL,PWRBIOUSASA01,2033,0.029
GLOBAL,PWRBIOUSASA01,2034,0.001
GLOBAL,PWRBIOUSASA01,2035,0.001
GLOBAL,PWRBIOUSASA01,2036,0.001
GLOBAL,PWRBIOUSASA01,2037,0.001
GLOBAL,PWRBIOUSASA01,2038,0.001
GLOBAL,PWRBIOUSASA01,2039,0.001
GLOBAL,PWRBIOUSASA01,2040,0.001
GLOBAL,PWRBIOUSASA01,2041,0.0
GLOBAL,PWRBIOUSASA01,2042,0.0
GLOBAL,PWRBIOUSASA01,2043,0.0
GLOBAL,PWRBIOUSASA01,2044,0.0
GLOBAL,PWRBIOUSASA01,2045,0.0
GLOBAL,PWRBIOUSASA01,2046,0.0
GLOBAL,PWRBIOUSASA01,2047,0.0
GLOBAL,PWRBIOUSASA01,2048,0.0
GLOBAL,PWRBIOUSASA01,2049,0.0
GLOBAL,PWRBIOUSASA01,2050,0.0
GLOBAL,PWRCCGUSASA00,2021,39.911
GLOBAL,PWRCCGUSASA00,2022,39.911
GLOBAL,PWRCCGUSASA00,2023,39.708
GLOBAL,PWRCCGUSASA00,2024,39.708
GLOBAL,PWRCCGUSASA00,2025,39.708
GLOBAL,PWRCCGUSASA00,2026,39.708
GLOBAL,PWRCCGUSASA00,2027,39.708
GLOBAL,PWRCCGUSASA00,2028,39.125
GLOBAL,PWRCCGUSASA00,2029,26.566
GLOBAL,PWRCCGUSASA00,2030,25.964
GLOBAL,PWRCCGUSASA00,2031,24.816
GLOBAL,PWRCCGUSASA00,2032,22.774
GLOBAL,PWRCCGUSASA00,2033,14.653
GLOBAL,PWRCCGUSASA00,2034,4.438
GLOBAL,PWRCCGUSASA00,2035,3.2
GLOBAL,PWRCCGUSASA00,2036,2.454
GLOBAL,PWRCCGUSASA00,2037,2.285
GLOBAL,PWRCCGUSASA00,2038,1.605
GLOBAL,PWRCCGUSASA00,2039,1.605
GLOBAL,PWRCCGUSASA00,2040,1.605
GLOBAL,PWRCCGUSASA00,2041,1.605
GLOBAL,PWRCCGUSASA00,2042,1.605
GLOBAL,PWRCCGUSASA00,2043,1.605
GLOBAL,PWRCCGUSASA00,2044,1.605
GLOBAL,PWRCCGUSASA00,2045,1.605
GLOBAL,PWRCCGUSASA00,2046,0.0
GLOBAL,PWRCCGUSASA00,2047,0.0
GLOBAL,PWRCCGUSASA00,2048,0.0
GLOBAL,PWRCCGUSASA00,2049,0.0
GLOBAL,PWRCCGUSASA00,2050,0.0
GLOBAL,PWRCOAUSASA01,2021,11.51
GLOBAL,PWRCOAUSASA01,2022,11.16
GLOBAL,PWRCOAUSASA01,2023,11.16
GLOBAL,PWRCOAUSASA01,2024,11.16
GLOBAL,PWRCOAUSASA01,2025,11.16
GLOBAL,PWRCOAUSASA01,2026,11.16
GLOBAL,PWRCOAUSASA01,2027,11.16
GLOBAL,PWRCOAUSASA01,2028,11.16
GLOBAL,PWRCOAUSASA01,2029,9.725
GLOBAL,PWRCOAUSASA01,2030,9.725
GLOBAL,PWRCOAUSASA01,2031,9.725
GLOBAL,PWRCOAUSASA01,2032,9.725
GLOBAL,PWRCOAUSASA01,2033,9.725
GLOBAL,PWRCOAUSASA01,2034,3.177
GLOBAL,PWRCOAUSASA01,2035,3.177
GLOBAL,PWRCOAUSASA01,2036,3.177
GLOBAL,PWRCOAUSASA01,2037,3.177
GLOBAL,PWRCOAUSASA01,2038,3.177
GLOBAL,PWRCOAUSASA01,2039,3.177
GLOBAL,PWRCOAUSASA01,2040,3.177
GLOBAL,PWRCOAUSASA01,2041,0.0
GLOBAL,PWRCOAUSASA01,2042,0.0
GLOBAL,PWRCOAUSASA01,2043,0.0
GLOBAL,PWRCOAUSASA01,2044,0.0
GLOBAL,PWRCOAUSASA01,2045,0.0
GLOBAL,PWRCOAUSASA01,2046,0.0
GLOBAL,PWRCOAUSASA01,2047,0.0
GLOBAL,PWRCOAUSASA01,2048,0.0
GLOBAL,PWRCOAUSASA01,2049,0.0
GLOBAL,PWRCOAUSASA01,2050,0.0
GLOBAL,PWRCOGUSASA01,2021,0.129
GLOBAL,PWRCOGUSASA01,2022,0.129
GLOBAL,PWRCOGUSASA01,2023,0.129
GLOBAL,PWRCOGUSASA01,2024,0.129
GLOBAL,PWRCOGUSASA01,2025,0.129
GLOBAL,PWRCOGUSASA01,2026,0.129
GLOBAL,PWRCOGUSASA01,2027,0.103
GLOBAL,PWRCOGUSASA01,2028,0.103
GLOBAL,PWRCOGUSASA01,2029,0.055
GLOBAL,PWRCOGUSASA01,2030,0.055
GLOBAL,PWRCOGUSASA01,2031,0.055
GLOBAL,PWRCOGUSASA01,2032,0.055
GLOBAL,PWRCOGUSASA01,2033,0.055
GLOBAL,PWRCOGUSASA01,2034,0.055
GLOBAL,PWRCOGUSASA01,2035,0.055
GLOBAL,PWRCOGUSASA01,2036,0.05
GLOBAL,PWRCOGUSASA01,2037,0.05
GLOBAL,PWRCOGUSASA01,2038,0.05
GLOBAL,PWRCOGUSASA01,2039,0.036
GLOBAL,PWRCOGUSASA01,2040,0.036
GLOBAL,PWRCOGUSASA01,2041,0.036
GLOBAL,PWRCOGUSASA01,2042,0.036
GLOBAL,PWRCOGUSASA01,2043,0.036
GLOBAL,PWRCOGUSASA01,2044,0.0
GLOBAL,PWRCOGUSASA01,2045,0.0
GLOBAL,PWRCOGUSASA01,2046,0.0
GLOBAL,PWRCOGUSASA01,2047,0.0
GLOBAL,PWRCOGUSASA01,2048,0.0
GLOBAL,PWRCOGUSASA01,2049,0.0
GLOBAL,PWRCOGUSASA01,2050,0.0
GLOBAL,PWRHYDUSASA01,2021,1.41
GLOBAL,PWRHYDUSASA01,2022,1.41
GLOBAL,PWRHYDUSASA01,2023,1.41
GLOBAL,PWRHYDUSASA01,2024,1.41
GLOBAL,PWRHYDUSASA01,2025,1.41
GLOBAL,PWRHYDUSASA01,2026,1.401
GLOBAL,PWRHYDUSASA01,2027,1.401
GLOBAL,PWRHYDUSASA01,2028,1.401
GLOBAL,PWRHYDUSASA01,2029,1.401
GLOBAL,PWRHYDUSASA01,2030,1.401
GLOBAL,PWRHYDUSASA01,2031,1.401
GLOBAL,PWRHYDUSASA01,2032,1.401
GLOBAL,PWRHYDUSASA01,2033,1.345
GLOBAL,PWRHYDUSASA01,2034,1.345
GLOBAL,PWRHYDUSASA01,2035,1.345
GLOBAL,PWRHYDUSASA01,2036,1.345
GLOBAL,PWRHYDUSASA01,2037,1.345
GLOBAL,PWRHYDUSASA01,2038,1.345
GLOBAL,PWRHYDUSASA01,2039,1.345
GLOBAL,PWRHYDUSASA01,2040,1.345
GLOBAL,PWRHYDUSASA01,2041,1.345
GLOBAL,PWRHYDUSASA01,2042,1.345
GLOBAL,PWRHYDUSASA01,2043,1.345
GLOBAL,PWRHYDUSASA01,2044,1.345
GLOBAL,PWRHYDUSASA01,2045,1.345
GLOBAL,PWRHYDUSASA01,2046,1.345
GLOBAL,PWRHYDUSASA01,2047,1.345
GLOBAL,PWRHYDUSASA01,2048,1.265
GLOBAL,PWRHYDUSASA01,2049,1.265
GLOBAL,PWRHYDUSASA01,2050,1.265
GLOBAL,PWROCGUSASA00,2021,1.982
GLOBAL,PWROCGUSASA00,2022,1.978
GLOBAL,PWROCGUSASA00,2023,1.774
GLOBAL,PWROCGUSASA00,2024,1.69
GLOBAL,PWROCGUSASA00,2025,1.558
GLOBAL,PWROCGUSASA00,2026,1.553
GLOBAL,PWROCGUSASA00,2027,1.553
GLOBAL,PWROCGUSASA00,2028,1.553
GLOBAL,PWROCGUSASA00,2029,1.008
GLOBAL,PWROCGUSASA00,2030,0.984
GLOBAL,PWROCGUSASA00,2031,0.793
GLOBAL,PWROCGUSASA00,2032,0.691
GLOBAL,PWROCGUSASA00,2033,0.611
GLOBAL,PWROCGUSASA00,2034,0.4
GLOBAL,PWROCGUSASA00,2035,0.392
GLOBAL,PWROCGUSASA00,2036,0.271
GLOBAL,PWROCGUSASA00,2037,0.12
GLOBAL,PWROCGUSASA00,2038,0.12
GLOBAL,PWROCGUSASA00,2039,0.12
GLOBAL,PWROCGUSASA00,2040,0.105
GLOBAL,PWROCGUSASA00,2041,0.105
GLOBAL,PWROCGUSASA00,2042,0.074
GLOBAL,PWROCGUSASA00,2043,0.074
GLOBAL,PWROCGUSASA00,2044,0.074
GLOBAL,PWROCGUSASA00,2045,0.074
GLOBAL,PWROCGUSASA00,2046,0.074
GLOBAL,PWROCGUSASA00,2047,0.0
GLOBAL,PWROCGUSASA00,2048,0.0
GLOBAL,PWROCGUSASA00,2049,0.0
GLOBAL,PWROCGUSASA00,2050,0.0
GLOBAL,PWROILUSASA01,2021,0.02
GLOBAL,PWROILUSASA01,2022,0.02
GLOBAL,PWROILUSASA01,2023,0.02
GLOBAL,PWROILUSASA01,2024,0.02
GLOBAL,PWROILUSASA01,2025,0.02
GLOBAL,PWROILUSASA01,2026,0.02
GLOBAL,PWROILUSASA01,2027,0.02
GLOBAL,PWROILUSASA01,2028,0.015
GLOBAL,PWROILUSASA01,2029,0.0
GLOBAL,PWROILUSASA01,2030,0.0
GLOBAL,PWROILUSASA01,2031,0.0
GLOBAL,PWROILUSASA01,2032,0.0
GLOBAL,PWROILUSASA01,2033,0.0
GLOBAL,PWROILUSASA01,2034,0.0
GLOBAL,PWROILUSASA01,2035,0.0
GLOBAL,PWROILUSASA01,2036,0.0
GLOBAL,PWROILUSASA01,2037,0.0
GLOBAL,PWROILUSASA01,2038,0.0
GLOBAL,PWROILUSASA01,2039,0.0
GLOBAL,PWROILUSASA01,2040,0.0
GLOBAL,PWROILUSASA01,2041,0.0
GLOBAL,PWROILUSASA01,2042,0.0
GLOBAL,PWROILUSASA01,2043,0.0
GLOBAL,PWROILUSASA01,2044,0.0
GLOBAL,PWROILUSASA01,2045,0.0
GLOBAL,PWROILUSASA01,2046,0.0
GLOBAL,PWROILUSASA01,2047,0.0
GLOBAL,PWROILUSASA01,2048,0.0
GLOBAL,PWROILUSASA01,2049,0.0
GLOBAL,PWROILUSASA01,2050,0.0
GLOBAL,PWROTHUSASA01,2021,0.226
GLOBAL,PWROTHUSASA01,2022,0.226
GLOBAL,PWROTHUSASA01,2023,0.226
GLOBAL,PWROTHUSASA01,2024,0.226
GLOBAL,PWROTHUSASA01,2025,0.226
GLOBAL,PWROTHUSASA01,2026,0.226
GLOBAL,PWROTHUSASA01,2027,0.226
GLOBAL,PWROTHUSASA01,2028,0.226
GLOBAL,PWROTHUSASA01,2029,0.011
GLOBAL,PWROTHUSASA01,2030,0.011
GLOBAL,PWROTHUSASA01,2031,0.011
GLOBAL,PWROTHUSASA01,2032,0.011
GLOBAL,PWROTHUSASA01,2033,0.011
GLOBAL,PWROTHUSASA01,2034,0.005
GLOBAL,PWROTHUSASA01,2035,0.0
GLOBAL,PWROTHUSASA01,2036,0.0
GLOBAL,PWROTHUSASA01,2037,0.0
GLOBAL,PWROTHUSASA01,2038,0.0
GLOBAL,PWROTHUSASA01,2039,0.0
GLOBAL,PWROTHUSASA01,2040,0.0
GLOBAL,PWROTHUSASA01,2041,0.0
GLOBAL,PWROTHUSASA01,2042,0.0
GLOBAL,PWROTHUSASA01,2043,0.0
GLOBAL,PWROTHUSASA01,2044,0.0
GLOBAL,PWROTHUSASA01,2045,0.0
GLOBAL,PWROTHUSASA01,2046,0.0
GLOBAL,PWROTHUSASA01,2047,0.0
GLOBAL,PWROTHUSASA01,2048,0.0
GLOBAL,PWROTHUSASA01,2049,0.0
GLOBAL,PWROTHUSASA01,2050,0.0
GLOBAL,PWRSPVUSASA01,2021,0.02
GLOBAL,PWRSPVUSASA01,2022,0.02
GLOBAL,PWRSPVUSASA01,2023,0.02
GLOBAL,PWRSPVUSASA01,2024,0.02
GLOBAL,PWRSPVUSASA01,2025,0.02
GLOBAL,PWRSPVUSASA01,2026,0.02
GLOBAL,PWRSPVUSASA01,2027,0.02
GLOBAL,PWRSPVUSASA01,2028,0.02
GLOBAL,PWRSPVUSASA01,2029,0.02
GLOBAL,PWRSPVUSASA01,2030,0.02
GLOBAL,PWRSPVUSASA01,2031,0.02
GLOBAL,PWRSPVUSASA01,2032,0.02
GLOBAL,PWRSPVUSASA01,2033,0.02
GLOBAL,PWRSPVUSASA01,2034,0.02
GLOBAL,PWRSPVUSASA01,2035,0.02
GLOBAL,PWRSPVUSASA01,2036,0.02
GLOBAL,PWRSPVUSASA01,2037,0.02
GLOBAL,PWRSPVUSASA01,2038,0.02
GLOBAL,PWRSPVUSASA01,2039,0.02
GLOBAL,PWRSPVUSASA01,2040,0.02
GLOBAL,PWRSPVUSASA01,2041,0.02
GLOBAL,PWRSPVUSASA01,2042,0.02
GLOBAL,PWRSPVUSASA01,2043,0.02
GLOBAL,PWRSPVUSASA01,2044,0.02
GLOBAL,PWRSPVUSASA01,2045,0.02
GLOBAL,PWRSPVUSASA01,2046,0.02
GLOBAL,PWRSPVUSASA01,2047,0.006
GLOBAL,PWRSPVUSASA01,2048,0.005
GLOBAL,PWRSPVUSASA01,2049,0.0
GLOBAL,PWRSPVUSASA01,2050,0.0
GLOBAL,PWRURNUSASA01,2021,5.52
GLOBAL,PWRURNUSASA01,2022,5.52
GLOBAL,PWRURNUSASA01,2023,5.52
GLOBAL,PWRURNUSASA01,2024,5.52
GLOBAL,PWRURNUSASA01,2025,5.52
GLOBAL,PWRURNUSASA01,2026,5.52
GLOBAL,PWRURNUSASA01,2027,5.52
GLOBAL,PWRURNUSASA01,2028,5.52
GLOBAL,PWRURNUSASA01,2029,5.52
GLOBAL,PWRURNUSASA01,2030,5.52
GLOBAL,PWRURNUSASA01,2031,5.52
GLOBAL,PWRURNUSASA01,2032,5.52
GLOBAL,PWRURNUSASA01,2033,5.52
GLOBAL,PWRURNUSASA01,2034,5.52
GLOBAL,PWRURNUSASA01,2035,5.52
GLOBAL,PWRURNUSASA01,2036,5.52
GLOBAL,PWRURNUSASA01,2037,5.52
GLOBAL,PWRURNUSASA01,2038,5.52
GLOBAL,PWRURNUSASA01,2039,3.676
GLOBAL,PWRURNUSASA01,2040,3.676
GLOBAL,PWRURNUSASA01,2041,3.676
GLOBAL,PWRURNUSASA01,2042,3.676
GLOBAL,PWRURNUSASA01,2043,3.676
GLOBAL,PWRURNUSASA01,2044,3.676
GLOBAL,PWRURNUSASA01,2045,3.676
GLOBAL,PWRURNUSASA01,2046,1.036
GLOBAL,PWRURNUSASA01,2047,0.0
GLOBAL,PWRURNUSASA01,2048,0.0
GLOBAL,PWRURNUSASA01,2049,0.0
GLOBAL,PWRURNUSASA01,2050,0.0
GLOBAL,PWRWASUSASA01,2021,0.185
GLOBAL,PWRWASUSASA01,2022,0.185
GLOBAL,PWRWASUSASA01,2023,0.185
GLOBAL,PWRWASUSASA01,2024,0.185
GLOBAL,PWRWASUSASA01,2025,0.185
GLOBAL,PWRWASUSASA01,2026,0.185
GLOBAL,PWRWASUSASA01,2027,0.185
GLOBAL,PWRWASUSASA01,2028,0.185
GLOBAL,PWRWASUSASA01,2029,0.185
GLOBAL,PWRWASUSASA01,2030,0.185
GLOBAL,PWRWASUSASA01,2031,0.185
GLOBAL,PWRWASUSASA01,2032,0.185
GLOBAL,PWRWASUSASA01,2033,0.185
GLOBAL,PWRWASUSASA01,2034,0.058
GLOBAL,PWRWASUSASA01,2035,0.055
GLOBAL,PWRWASUSASA01,2036,0.055
GLOBAL,PWRWASUSASA01,2037,0.05
GLOBAL,PWRWASUSASA01,2038,0.05
GLOBAL,PWRWASUSASA01,2039,0.05
GLOBAL,PWRWASUSASA01,2040,0.05
GLOBAL,PWRWASUSASA01,2041,0.05
GLOBAL,PWRWASUSASA01,2042,0.05
GLOBAL,PWRWASUSASA01,2043,0.05
GLOBAL,PWRWASUSASA01,2044,0.05
GLOBAL,PWRWASUSASA01,2045,0.0
GLOBAL,PWRWASUSASA01,2046,0.0
GLOBAL,PWRWASUSASA01,2047,0.0
GLOBAL,PWRWASUSASA01,2048,0.0
GLOBAL,PWRWASUSASA01,2049,0.0
GLOBAL,PWRWASUSASA01,2050,0.0
GLOBAL,PWRBIOUSASC01,2021,0.403
GLOBAL,PWRBIOUSASC01,2022,0.403
GLOBAL,PWRBIOUSASC01,2023,0.403
GLOBAL,PWRBIOUSASC01,2024,0.33
GLOBAL,PWRBIOUSASC01,2025,0.33
GLOBAL,PWRBIOUSASC01,2026,0.33
GLOBAL,PWRBIOUSASC01,2027,0.33
GLOBAL,PWRBIOUSASC01,2028,0.33
GLOBAL,PWRBIOUSASC01,2029,0.267
GLOBAL,PWRBIOUSASC01,2030,0.267
GLOBAL,PWRBIOUSASC01,2031,0.267
GLOBAL,PWRBIOUSASC01,2032,0.179
GLOBAL,PWRBIOUSASC01,2033,0.179
GLOBAL,PWRBIOUSASC01,2034,0.05
GLOBAL,PWRBIOUSASC01,2035,0.05
GLOBAL,PWRBIOUSASC01,2036,0.05
GLOBAL,PWRBIOUSASC01,2037,0.0
GLOBAL,PWRBIOUSASC01,2038,0.0
GLOBAL,PWRBIOUSASC01,2039,0.0
GLOBAL,PWRBIOUSASC01,2040,0.0
GLOBAL,PWRBIOUSASC01,2041,0.0
GLOBAL,PWRBIOUSASC01,2042,0.0
GLOBAL,PWRBIOUSASC01,2043,0.0
GLOBAL,PWRBIOUSASC01,2044,0.0
GLOBAL,PWRBIOUSASC01,2045,0.0
GLOBAL,PWRBIOUSASC01,2046,0.0
GLOBAL,PWRBIOUSASC01,2047,0.0
GLOBAL,PWRBIOUSASC01,2048,0.0
GLOBAL,PWRBIOUSASC01,2049,0.0
GLOBAL,PWRBIOUSASC01,2050,0.0
GLOBAL,PWRCCGUSASC00,2021,19.477
GLOBAL,PWRCCGUSASC00,2022,19.477
GLOBAL,PWRCCGUSASC00,2023,19.477
GLOBAL,PWRCCGUSASC00,2024,19.477
GLOBAL,PWRCCGUSASC00,2025,16.94
GLOBAL,PWRCCGUSASC00,2026,16.94
GLOBAL,PWRCCGUSASC00,2027,16.94
GLOBAL,PWRCCGUSASC00,2028,16.94
GLOBAL,PWRCCGUSASC00,2029,16.269
GLOBAL,PWRCCGUSASC00,2030,15.809
GLOBAL,PWRCCGUSASC00,2031,14.35
GLOBAL,PWRCCGUSASC00,2032,14.35
GLOBAL,PWRCCGUSASC00,2033,12.135
GLOBAL,PWRCCGUSASC00,2034,4.295
GLOBAL,PWRCCGUSASC00,2035,4.295
GLOBAL,PWRCCGUSASC00,2036,2.67
GLOBAL,PWRCCGUSASC00,2037,1.818
GLOBAL,PWRCCGUSASC00,2038,1.818
GLOBAL,PWRCCGUSASC00,2039,1.818
GLOBAL,PWRCCGUSASC00,2040,1.818
GLOBAL,PWRCCGUSASC00,2041,1.818
GLOBAL,PWRCCGUSASC00,2042,1.818
GLOBAL,PWRCCGUSASC00,2043,0.822
GLOBAL,PWRCCGUSASC00,2044,0.822
GLOBAL,PWRCCGUSASC00,2045,0.0
GLOBAL,PWRCCGUSASC00,2046,0.0
GLOBAL,PWRCCGUSASC00,2047,0.0
GLOBAL,PWRCCGUSASC00,2048,0.0
GLOBAL,PWRCCGUSASC00,2049,0.0
GLOBAL,PWRCCGUSASC00,2050,0.0
GLOBAL,PWRCOAUSASC01,2021,27.512
GLOBAL,PWRCOAUSASC01,2022,24.479
GLOBAL,PWRCOAUSASC01,2023,24.479
GLOBAL,PWRCOAUSASC01,2024,24.479
GLOBAL,PWRCOAUSASC01,2025,24.479
GLOBAL,PWRCOAUSASC01,2026,24.479
GLOBAL,PWRCOAUSASC01,2027,24.479
GLOBAL,PWRCOAUSASC01,2028,24.479
GLOBAL,PWRCOAUSASC01,2029,10.29
GLOBAL,PWRCOAUSASC01,2030,10.29
GLOBAL,PWRCOAUSASC01,2031,10.29
GLOBAL,PWRCOAUSASC01,2032,9.776
GLOBAL,PWRCOAUSASC01,2033,9.776
GLOBAL,PWRCOAUSASC01,2034,0.669
GLOBAL,PWRCOAUSASC01,2035,0.669
GLOBAL,PWRCOAUSASC01,2036,0.669
GLOBAL,PWRCOAUSASC01,2037,0.669
GLOBAL,PWRCOAUSASC01,2038,0.669
GLOBAL,PWRCOAUSASC01,2039,0.669
GLOBAL,PWRCOAUSASC01,2040,0.669
GLOBAL,PWRCOAUSASC01,2041,0.669
GLOBAL,PWRCOAUSASC01,2042,0.669
GLOBAL,PWRCOAUSASC01,2043,0.0
GLOBAL,PWRCOAUSASC01,2044,0.0
GLOBAL,PWRCOAUSASC01,2045,0.0
GLOBAL,PWRCOAUSASC01,2046,0.0
GLOBAL,PWRCOAUSASC01,2047,0.0
GLOBAL,PWRCOAUSASC01,2048,0.0
GLOBAL,PWRCOAUSASC01,2049,0.0
GLOBAL,PWRCOAUSASC01,2050,0.0
GLOBAL,PWRHYDUSASC01,2021,5.769
GLOBAL,PWRHYDUSASC01,2022,5.735
GLOBAL,PWRHYDUSASC01,2023,5.735
GLOBAL,PWRHYDUSASC01,2024,5.735
GLOBAL,PWRHYDUSASC01,2025,5.735
GLOBAL,PWRHYDUSASC01,2026,5.707
GLOBAL,PWRHYDUSASC01,2027,5.707
GLOBAL,PWRHYDUSASC01,2028,5.707
GLOBAL,PWRHYDUSASC01,2029,5.707
GLOBAL,PWRHYDUSASC01,2030,5.707
GLOBAL,PWRHYDUSASC01,2031,5.707
GLOBAL,PWRHYDUSASC01,2032,5.707
GLOBAL,PWRHYDUSASC01,2033,5.707
GLOBAL,PWRHYDUSASC01,2034,5.665
GLOBAL,PWRHYDUSASC01,2035,5.665
GLOBAL,PWRHYDUSASC01,2036,5.665
GLOBAL,PWRHYDUSASC01,2037,5.534
GLOBAL,PWRHYDUSASC01,2038,5.534
GLOBAL,PWRHYDUSASC01,2039,5.534
GLOBAL,PWRHYDUSASC01,2040,5.523
GLOBAL,PWRHYDUSASC01,2041,5.523
GLOBAL,PWRHYDUSASC01,2042,5.523
GLOBAL,PWRHYDUSASC01,2043,5.523
GLOBAL,PWRHYDUSASC01,2044,5.065
GLOBAL,PWRHYDUSASC01,2045,4.825
GLOBAL,PWRHYDUSASC01,2046,4.606
GLOBAL,PWRHYDUSASC01,2047,4.453
GLOBAL,PWRHYDUSASC01,2048,4.318
GLOBAL,PWRHYDUSASC01,2049,4.167
GLOBAL,PWRHYDUSASC01,2050,3.943
GLOBAL,PWROCGUSASC00,2021,0.289
GLOBAL,PWROCGUSASC00,2022,0.289
GLOBAL,PWROCGUSASC00,2023,0.289
GLOBAL,PWROCGUSASC00,2024,0.289
GLOBAL,PWROCGUSASC00,2025,0.289
GLOBAL,PWROCGUSASC00,2026,0.284
GLOBAL,PWROCGUSASC00,2027,0.279
GLOBAL,PWROCGUSASC00,2028,0.274
GLOBAL,PWROCGUSASC00,2029,0.233
GLOBAL,PWROCGUSASC00,2030,0.233
GLOBAL,PWROCGUSASC00,2031,0.206
GLOBAL,PWROCGUSASC00,2032,0.206
GLOBAL,PWROCGUSASC00,2033,0.206
GLOBAL,PWROCGUSASC00,2034,0.206
GLOBAL,PWROCGUSASC00,2035,0.206
GLOBAL,PWROCGUSASC00,2036,0.206
GLOBAL,PWROCGUSASC00,2037,0.206
GLOBAL,PWROCGUSASC00,2038,0.206
GLOBAL,PWROCGUSASC00,2039,0.206
GLOBAL,PWROCGUSASC00,2040,0.139
GLOBAL,PWROCGUSASC00,2041,0.019
GLOBAL,PWROCGUSASC00,2042,0.019
GLOBAL,PWROCGUSASC00,2043,0.0
GLOBAL,PWROCGUSASC00,2044,0.0
GLOBAL,PWROCGUSASC00,2045,0.0
GLOBAL,PWROCGUSASC00,2046,0.0
GLOBAL,PWROCGUSASC00,2047,0.0
GLOBAL,PWROCGUSASC00,2048,0.0
GLOBAL,PWROCGUSASC00,2049,0.0
GLOBAL,PWROCGUSASC00,2050,0.0
GLOBAL,PWROILUSASC01,2021,0.079
GLOBAL,PWROILUSASC01,2022,0.079
GLOBAL,PWROILUSASC01,2023,0.079
GLOBAL,PWROILUSASC01,2024,0.079
GLOBAL,PWROILUSASC01,2025,0.079
GLOBAL,PWROILUSASC01,2026,0.079
GLOBAL,PWROILUSASC01,2027,0.079
GLOBAL,PWROILUSASC01,2028,0.079
GLOBAL,PWROILUSASC01,2029,0.067
GLOBAL,PWROILUSASC01,2030,0.053
GLOBAL,PWROILUSASC01,2031,0.031
GLOBAL,PWROILUSASC01,2032,0.007
GLOBAL,PWROILUSASC01,2033,0.0
GLOBAL,PWROILUSASC01,2034,0.0
GLOBAL,PWROILUSASC01,2035,0.0
GLOBAL,PWROILUSASC01,2036,0.0
GLOBAL,PWROILUSASC01,2037,0.0
GLOBAL,PWROILUSASC01,2038,0.0
GLOBAL,PWROILUSASC01,2039,0.0
GLOBAL,PWROILUSASC01,2040,0.0
GLOBAL,PWROILUSASC01,2041,0.0
GLOBAL,PWROILUSASC01,2042,0.0
GLOBAL,PWROILUSASC01,2043,0.0
GLOBAL,PWROILUSASC01,2044,0.0
GLOBAL,PWROILUSASC01,2045,0.0
GLOBAL,PWROILUSASC01,2046,0.0
GLOBAL,PWROILUSASC01,2047,0.0
GLOBAL,PWROILUSASC01,2048,0.0
GLOBAL,PWROILUSASC01,2049,0.0
GLOBAL,PWROILUSASC01,2050,0.0
GLOBAL,PWRSPVUSASC01,2021,0.1787
GLOBAL,PWRSPVUSASC01,2022,0.1787
GLOBAL,PWRSPVUSASC01,2023,0.1787
GLOBAL,PWRSPVUSASC01,2024,0.1787
GLOBAL,PWRSPVUSASC01,2025,0.1787
GLOBAL,PWRSPVUSASC01,2026,0.1787
GLOBAL,PWRSPVUSASC01,2027,0.1787
GLOBAL,PWRSPVUSASC01,2028,0.1787
GLOBAL,PWRSPVUSASC01,2029,0.1787
GLOBAL,PWRSPVUSASC01,2030,0.1787
GLOBAL,PWRSPVUSASC01,2031,0.1787
GLOBAL,PWRSPVUSASC01,2032,0.1787
GLOBAL,PWRSPVUSASC01,2033,0.1787
GLOBAL,PWRSPVUSASC01,2034,0.1787
GLOBAL,PWRSPVUSASC01,2035,0.1787
GLOBAL,PWRSPVUSASC01,2036,0.1787
GLOBAL,PWRSPVUSASC01,2037,0.1787
GLOBAL,PWRSPVUSASC01,2038,0.1787
GLOBAL,PWRSPVUSASC01,2039,0.1787
GLOBAL,PWRSPVUSASC01,2040,0.1787
GLOBAL,PWRSPVUSASC01,2041,0.1787
GLOBAL,PWRSPVUSASC01,2042,0.1757
GLOBAL,PWRSPVUSASC01,2043,0.1617
GLOBAL,PWRSPVUSASC01,2044,0.1597
GLOBAL,PWRSPVUSASC01,2045,0.092
GLOBAL,PWRSPVUSASC01,2046,0.075
GLOBAL,PWRSPVUSASC01,2047,0.075
GLOBAL,PWRSPVUSASC01,2048,0.021
GLOBAL,PWRSPVUSASC01,2049,0.0
GLOBAL,PWRSPVUSASC01,2050,0.0
GLOBAL,PWRURNUSASC01,2021,8.472
GLOBAL,PWRURNUSASC01,2022,8.472
GLOBAL,PWRURNUSASC01,2023,8.472
GLOBAL,PWRURNUSASC01,2024,8.472
GLOBAL,PWRURNUSASC01,2025,8.472
GLOBAL,PWRURNUSASC01,2026,8.472
GLOBAL,PWRURNUSASC01,2027,8.472
GLOBAL,PWRURNUSASC01,2028,8.472
GLOBAL,PWRURNUSASC01,2029,8.472
GLOBAL,PWRURNUSASC01,2030,8.472
GLOBAL,PWRURNUSASC01,2031,8.472
GLOBAL,PWRURNUSASC01,2032,8.472
GLOBAL,PWRURNUSASC01,2033,8.472
GLOBAL,PWRURNUSASC01,2034,8.472
GLOBAL,PWRURNUSASC01,2035,8.472
GLOBAL,PWRURNUSASC01,2036,4.98
GLOBAL,PWRURNUSASC01,2037,4.98
GLOBAL,PWRURNUSASC01,2038,4.98
GLOBAL,PWRURNUSASC01,2039,4.98
GLOBAL,PWRURNUSASC01,2040,4.98
GLOBAL,PWRURNUSASC01,2041,4.98
GLOBAL,PWRURNUSASC01,2042,4.98
GLOBAL,PWRURNUSASC01,2043,2.54
GLOBAL,PWRURNUSASC01,2044,2.54
GLOBAL,PWRURNUSASC01,2045,2.54
GLOBAL,PWRURNUSASC01,2046,2.54
GLOBAL,PWRURNUSASC01,2047,2.54
GLOBAL,PWRURNUSASC01,2048,2.54
GLOBAL,PWRURNUSASC01,2049,2.54
GLOBAL,PWRURNUSASC01,2050,2.54
GLOBAL,PWRWASUSASC01,2021,0.066
GLOBAL,PWRWASUSASC01,2022,0.066
GLOBAL,PWRWASUSASC01,2023,0.066
GLOBAL,PWRWASUSASC01,2024,0.066
GLOBAL,PWRWASUSASC01,2025,0.066
GLOBAL,PWRWASUSASC01,2026,0.066
GLOBAL,PWRWASUSASC01,2027,0.061
GLOBAL,PWRWASUSASC01,2028,0.061
GLOBAL,PWRWASUSASC01,2029,0.056
GLOBAL,PWRWASUSASC01,2030,0.056
GLOBAL,PWRWASUSASC01,2031,0.056
GLOBAL,PWRWASUSASC01,2032,0.056
GLOBAL,PWRWASUSASC01,2033,0.056
GLOBAL,PWRWASUSASC01,2034,0.054
GLOBAL,PWRWASUSASC01,2035,0.05
GLOBAL,PWRWASUSASC01,2036,0.05
GLOBAL,PWRWASUSASC01,2037,0.048
GLOBAL,PWRWASUSASC01,2038,0.04
GLOBAL,PWRWASUSASC01,2039,0.04
GLOBAL,PWRWASUSASC01,2040,0.04
GLOBAL,PWRWASUSASC01,2041,0.02
GLOBAL,PWRWASUSASC01,2042,0.018
GLOBAL,PWRWASUSASC01,2043,0.011
GLOBAL,PWRWASUSASC01,2044,0.006
GLOBAL,PWRWASUSASC01,2045,0.006
GLOBAL,PWRWASUSASC01,2046,0.006
GLOBAL,PWRWASUSASC01,2047,0.0
GLOBAL,PWRWASUSASC01,2048,0.0
GLOBAL,PWRWASUSASC01,2049,0.0
GLOBAL,PWRWASUSASC01,2050,0.0
GLOBAL,PWRWONUSASC01,2021,0.029
GLOBAL,PWRWONUSASC01,2022,0.029
GLOBAL,PWRWONUSASC01,2023,0.029
GLOBAL,PWRWONUSASC01,2024,0.029
GLOBAL,PWRWONUSASC01,2025,0.029
GLOBAL,PWRWONUSASC01,2026,0.029
GLOBAL,PWRWONUSASC01,2027,0.029
GLOBAL,PWRWONUSASC01,2028,0.029
GLOBAL,PWRWONUSASC01,2029,0.029
GLOBAL,PWRWONUSASC01,2030,0.029
GLOBAL,PWRWONUSASC01,2031,0.027
GLOBAL,PWRWONUSASC01,2032,0.027
GLOBAL,PWRWONUSASC01,2033,0.027
GLOBAL,PWRWONUSASC01,2034,0.027
GLOBAL,PWRWONUSASC01,2035,0.027
GLOBAL,PWRWONUSASC01,2036,0.0
GLOBAL,PWRWONUSASC01,2037,0.0
GLOBAL,PWRWONUSASC01,2038,0.0
GLOBAL,PWRWONUSASC01,2039,0.0
GLOBAL,PWRWONUSASC01,2040,0.0
GLOBAL,PWRWONUSASC01,2041,0.0
GLOBAL,PWRWONUSASC01,2042,0.0
GLOBAL,PWRWONUSASC01,2043,0.0
GLOBAL,PWRWONUSASC01,2044,0.0
GLOBAL,PWRWONUSASC01,2045,0.0
GLOBAL,PWRWONUSASC01,2046,0.0
GLOBAL,PWRWONUSASC01,2047,0.0
GLOBAL,PWRWONUSASC01,2048,0.0
GLOBAL,PWRWONUSASC01,2049,0.0
GLOBAL,PWRWONUSASC01,2050,0.0
GLOBAL,PWRBIOUSASE01,2021,1.434
GLOBAL,PWRBIOUSASE01,2022,1.335
GLOBAL,PWRBIOUSASE01,2023,1.335
GLOBAL,PWRBIOUSASE01,2024,1.335
GLOBAL,PWRBIOUSASE01,2025,1.335
GLOBAL,PWRBIOUSASE01,2026,1.263
GLOBAL,PWRBIOUSASE01,2027,1.178
GLOBAL,PWRBIOUSASE01,2028,1.108
GLOBAL,PWRBIOUSASE01,2029,0.69
GLOBAL,PWRBIOUSASE01,2030,0.69
GLOBAL,PWRBIOUSASE01,2031,0.69
GLOBAL,PWRBIOUSASE01,2032,0.69
GLOBAL,PWRBIOUSASE01,2033,0.69
GLOBAL,PWRBIOUSASE01,2034,0.164
GLOBAL,PWRBIOUSASE01,2035,0.164
GLOBAL,PWRBIOUSASE01,2036,0.061
GLOBAL,PWRBIOUSASE01,2037,0.061
GLOBAL,PWRBIOUSASE01,2038,0.006
GLOBAL,PWRBIOUSASE01,2039,0.006
GLOBAL,PWRBIOUSASE01,2040,0.006
GLOBAL,PWRBIOUSASE01,2041,0.002
GLOBAL,PWRBIOUSASE01,2042,0.0
GLOBAL,PWRBIOUSASE01,2043,0.0
GLOBAL,PWRBIOUSASE01,2044,0.0
GLOBAL,PWRBIOUSASE01,2045,0.0
GLOBAL,PWRBIOUSASE01,2046,0.0
GLOBAL,PWRBIOUSASE01,2047,0.0
GLOBAL,PWRBIOUSASE01,2048,0.0
GLOBAL,PWRBIOUSASE01,2049,0.0
GLOBAL,PWRBIOUSASE01,2050,0.0
GLOBAL,PWRCCGUSASE00,2021,39.973
GLOBAL,PWRCCGUSASE00,2022,39.973
GLOBAL,PWRCCGUSASE00,2023,38.986
GLOBAL,PWRCCGUSASE00,2024,38.986
GLOBAL,PWRCCGUSASE00,2025,34.707
GLOBAL,PWRCCGUSASE00,2026,34.523
GLOBAL,PWRCCGUSASE00,2027,34.523
GLOBAL,PWRCCGUSASE00,2028,34.523
GLOBAL,PWRCCGUSASE00,2029,29.062
GLOBAL,PWRCCGUSASE00,2030,28.82
GLOBAL,PWRCCGUSASE00,2031,25.316
GLOBAL,PWRCCGUSASE00,2032,23.343
GLOBAL,PWRCCGUSASE00,2033,17.085
GLOBAL,PWRCCGUSASE00,2034,7.391
GLOBAL,PWRCCGUSASE00,2035,4.802
GLOBAL,PWRCCGUSASE00,2036,3.426
GLOBAL,PWRCCGUSASE00,2037,3.426
GLOBAL,PWRCCGUSASE00,2038,3.426
GLOBAL,PWRCCGUSASE00,2039,3.426
GLOBAL,PWRCCGUSASE00,2040,3.426
GLOBAL,PWRCCGUSASE00,2041,2.604
GLOBAL,PWRCCGUSASE00,2042,0.0
GLOBAL,PWRCCGUSASE00,2043,0.0
GLOBAL,PWRCCGUSASE00,2044,0.0
GLOBAL,PWRCCGUSASE00,2045,0.0
GLOBAL,PWRCCGUSASE00,2046,0.0
GLOBAL,PWRCCGUSASE00,2047,0.0
GLOBAL,PWRCCGUSASE00,2048,0.0
GLOBAL,PWRCCGUSASE00,2049,0.0
GLOBAL,PWRCCGUSASE00,2050,0.0
GLOBAL,PWRCOAUSASE01,2021,16.06
GLOBAL,PWRCOAUSASE01,2022,16.06
GLOBAL,PWRCOAUSASE01,2023,16.06
GLOBAL,PWRCOAUSASE01,2024,16.06
GLOBAL,PWRCOAUSASE01,2025,16.06
GLOBAL,PWRCOAUSASE01,2026,16.06
GLOBAL,PWRCOAUSASE01,2027,16.06
GLOBAL,PWRCOAUSASE01,2028,16.06
GLOBAL,PWRCOAUSASE01,2029,9.282
GLOBAL,PWRCOAUSASE01,2030,9.282
GLOBAL,PWRCOAUSASE01,2031,9.282
GLOBAL,PWRCOAUSASE01,2032,9.282
GLOBAL,PWRCOAUSASE01,2033,9.282
GLOBAL,PWRCOAUSASE01,2034,0.0
GLOBAL,PWRCOAUSASE01,2035,0.0
GLOBAL,PWRCOAUSASE01,2036,0.0
GLOBAL,PWRCOAUSASE01,2037,0.0
GLOBAL,PWRCOAUSASE01,2038,0.0
GLOBAL,PWRCOAUSASE01,2039,0.0
GLOBAL,PWRCOAUSASE01,2040,0.0
GLOBAL,PWRCOAUSASE01,2041,0.0
GLOBAL,PWRCOAUSASE01,2042,0.0
GLOBAL,PWRCOAUSASE01,2043,0.0
GLOBAL,PWRCOAUSASE01,2044,0.0
GLOBAL,PWRCOAUSASE01,2045,0.0
GLOBAL,PWRCOAUSASE01,2046,0.0
GLOBAL,PWRCOAUSASE01,2047,0.0
GLOBAL,PWRCOAUSASE01,2048,0.0
GLOBAL,PWRCOAUSASE01,2049,0.0
GLOBAL,PWRCOAUSASE01,2050,0.0
GLOBAL,PWRHYDUSASE01,2021,6.515
GLOBAL,PWRHYDUSASE01,2022,6.514
GLOBAL,PWRHYDUSASE01,2023,6.514
GLOBAL,PWRHYDUSASE01,2024,6.509
GLOBAL,PWRHYDUSASE01,2025,6.464
GLOBAL,PWRHYDUSASE01,2026,6.425
GLOBAL,PWRHYDUSASE01,2027,6.424
GLOBAL,PWRHYDUSASE01,2028,6.413
GLOBAL,PWRHYDUSASE01,2029,6.362
GLOBAL,PWRHYDUSASE01,2030,6.262
GLOBAL,PWRHYDUSASE01,2031,6.245
GLOBAL,PWRHYDUSASE01,2032,6.154
GLOBAL,PWRHYDUSASE01,2033,6.154
GLOBAL,PWRHYDUSASE01,2034,6.033
GLOBAL,PWRHYDUSASE01,2035,5.817
GLOBAL,PWRHYDUSASE01,2036,5.793
GLOBAL,PWRHYDUSASE01,2037,5.793
GLOBAL,PWRHYDUSASE01,2038,5.793
GLOBAL,PWRHYDUSASE01,2039,5.793
GLOBAL,PWRHYDUSASE01,2040,5.793
GLOBAL,PWRHYDUSASE01,2041,5.793
GLOBAL,PWRHYDUSASE01,2042,5.793
GLOBAL,PWRHYDUSASE01,2043,5.793
GLOBAL,PWRHYDUSASE01,2044,5.012
GLOBAL,PWRHYDUSASE01,2045,5.01
GLOBAL,PWRHYDUSASE01,2046,5.01
GLOBAL,PWRHYDUSASE01,2047,5.008
GLOBAL,PWRHYDUSASE01,2048,5.008
GLOBAL,PWRHYDUSASE01,2049,5.008
GLOBAL,PWRHYDUSASE01,2050,5.008
GLOBAL,PWROCGUSASE00,2021,0.894
GLOBAL,PWROCGUSASE00,2022,0.894
GLOBAL,PWROCGUSASE00,2023,0.891
GLOBAL,PWROCGUSASE00,2024,0.879
GLOBAL,PWROCGUSASE00,2025,0.879
GLOBAL,PWROCGUSASE00,2026,0.879
GLOBAL,PWROCGUSASE00,2027,0.861
GLOBAL,PWROCGUSASE00,2028,0.857
GLOBAL,PWROCGUSASE00,2029,0.748
GLOBAL,PWROCGUSASE00,2030,0.325
GLOBAL,PWROCGUSASE00,2031,0.325
GLOBAL,PWROCGUSASE00,2032,0.325
GLOBAL,PWROCGUSASE00,2033,0.305
GLOBAL,PWROCGUSASE00,2034,0.099
GLOBAL,PWROCGUSASE00,2035,0.0
GLOBAL,PWROCGUSASE00,2036,0.0
GLOBAL,PWROCGUSASE00,2037,0.0
GLOBAL,PWROCGUSASE00,2038,0.0
GLOBAL,PWROCGUSASE00,2039,0.0
GLOBAL,PWROCGUSASE00,2040,0.0
GLOBAL,PWROCGUSASE00,2041,0.0
GLOBAL,PWROCGUSASE00,2042,0.0
GLOBAL,PWROCGUSASE00,2043,0.0
GLOBAL,PWROCGUSASE00,2044,0.0
GLOBAL,PWROCGUSASE00,2045,0.0
GLOBAL,PWROCGUSASE00,2046,0.0
GLOBAL,PWROCGUSASE00,2047,0.0
GLOBAL,PWROCGUSASE00,2048,0.0
GLOBAL,PWROCGUSASE00,2049,0.0
GLOBAL,PWROCGUSASE00,2050,0.0
GLOBAL,PWROILUSASE01,2021,1.056
GLOBAL,PWROILUSASE01,2022,1.05
GLOBAL,PWROILUSASE01,2023,1.05
GLOBAL,PWROILUSASE01,2024,1.05
GLOBAL,PWROILUSASE01,2025,1.048
GLOBAL,PWROILUSASE01,2026,1.04
GLOBAL,PWROILUSASE01,2027,1.04
GLOBAL,PWROILUSASE01,2028,1.036
GLOBAL,PWROILUSASE01,2029,0.158
GLOBAL,PWROILUSASE01,2030,0.148
GLOBAL,PWROILUSASE01,2031,0.051
GLOBAL,PWROILUSASE01,2032,0.048
GLOBAL,PWROILUSASE01,2033,0.048
GLOBAL,PWROILUSASE01,2034,0.008
GLOBAL,PWROILUSASE01,2035,0.008
GLOBAL,PWROILUSASE01,2036,0.006
GLOBAL,PWROILUSASE01,2037,0.006
GLOBAL,PWROILUSASE01,2038,0.006
GLOBAL,PWROILUSASE01,2039,0.006
GLOBAL,PWROILUSASE01,2040,0.006
GLOBAL,PWROILUSASE01,2041,0.006
GLOBAL,PWROILUSASE01,2042,0.0
GLOBAL,PWROILUSASE01,2043,0.0
GLOBAL,PWROILUSASE01,2044,0.0
GLOBAL,PWROILUSASE01,2045,0.0
GLOBAL,PWROILUSASE01,2046,0.0
GLOBAL,PWROILUSASE01,2047,0.0
GLOBAL,PWROILUSASE01,2048,0.0
GLOBAL,PWROILUSASE01,2049,0.0
GLOBAL,PWROILUSASE01,2050,0.0
GLOBAL,PWROTHUSASE01,2021,0.082
GLOBAL,PWROTHUSASE01,2022,0.082
GLOBAL,PWROTHUSASE01,2023,0.082
GLOBAL,PWROTHUSASE01,2024,0.082
GLOBAL,PWROTHUSASE01,2025,0.082
GLOBAL,PWROTHUSASE01,2026,0.082
GLOBAL,PWROTHUSASE01,2027,0.082
GLOBAL,PWROTHUSASE01,2028,0.082
GLOBAL,PWROTHUSASE01,2029,0.082
GLOBAL,PWROTHUSASE01,2030,0.082
GLOBAL,PWROTHUSASE01,2031,0.082
GLOBAL,PWROTHUSASE01,2032,0.082
GLOBAL,PWROTHUSASE01,2033,0.082
GLOBAL,PWROTHUSASE01,2034,0.0
GLOBAL,PWROTHUSASE01,2035,0.0
GLOBAL,PWROTHUSASE01,2036,0.0
GLOBAL,PWROTHUSASE01,2037,0.0
GLOBAL,PWROTHUSASE01,2038,0.0
GLOBAL,PWROTHUSASE01,2039,0.0
GLOBAL,PWROTHUSASE01,2040,0.0
GLOBAL,PWROTHUSASE01,2041,0.0
GLOBAL,PWROTHUSASE01,2042,0.0
GLOBAL,PWROTHUSASE01,2043,0.0
GLOBAL,PWROTHUSASE01,2044,0.0
GLOBAL,PWROTHUSASE01,2045,0.0
GLOBAL,PWROTHUSASE01,2046,0.0
GLOBAL,PWROTHUSASE01,2047,0.0
GLOBAL,PWROTHUSASE01,2048,0.0
GLOBAL,PWROTHUSASE01,2049,0.0
GLOBAL,PWROTHUSASE01,2050,0.0
GLOBAL,PWRPETUSASE01,2021,0.14
GLOBAL,PWRPETUSASE01,2022,0.14
GLOBAL,PWRPETUSASE01,2023,0.14
GLOBAL,PWRPETUSASE01,2024,0.14
GLOBAL,PWRPETUSASE01,2025,0.14
GLOBAL,PWRPETUSASE01,2026,0.14
GLOBAL,PWRPETUSASE01,2027,0.14
GLOBAL,PWRPETUSASE01,2028,0.14
GLOBAL,PWRPETUSASE01,2029,0.14
GLOBAL,PWRPETUSASE01,2030,0.14
GLOBAL,PWRPETUSASE01,2031,0.14
GLOBAL,PWRPETUSASE01,2032,0.14
GLOBAL,PWRPETUSASE01,2033,0.14
GLOBAL,PWRPETUSASE01,2034,0.0
GLOBAL,PWRPETUSASE01,2035,0.0
GLOBAL,PWRPETUSASE01,2036,0.0
GLOBAL,PWRPETUSASE01,2037,0.0
GLOBAL,PWRPETUSASE01,2038,0.0
GLOBAL,PWRPETUSASE01,2039,0.0
GLOBAL,PWRPETUSASE01,2040,0.0
GLOBAL,PWRPETUSASE01,2041,0.0
GLOBAL,PWRPETUSASE01,2042,0.0
GLOBAL,PWRPETUSASE01,2043,0.0
GLOBAL,PWRPETUSASE01,2044,0.0
GLOBAL,PWRPETUSASE01,2045,0.0
GLOBAL,PWRPETUSASE01,2046,0.0
GLOBAL,PWRPETUSASE01,2047,0.0
GLOBAL,PWRPETUSASE01,2048,0.0
GLOBAL,PWRPETUSASE01,2049,0.0
GLOBAL,PWRPETUSASE01,2050,0.0
GLOBAL,PWRSPVUSASE01,2021,1.4557
GLOBAL,PWRSPVUSASE01,2022,1.4557
GLOBAL,PWRSPVUSASE01,2023,1.4557
GLOBAL,PWRSPVUSASE01,2024,1.4557
GLOBAL,PWRSPVUSASE01,2025,1.4557
GLOBAL,PWRSPVUSASE01,2026,1.4557
GLOBAL,PWRSPVUSASE01,2027,1.4557
GLOBAL,PWRSPVUSASE01,2028,1.4557
GLOBAL,PWRSPVUSASE01,2029,1.4557
GLOBAL,PWRSPVUSASE01,2030,1.4557
GLOBAL,PWRSPVUSASE01,2031,1.4557
GLOBAL,PWRSPVUSASE01,2032,1.4557
GLOBAL,PWRSPVUSASE01,2033,1.4557
GLOBAL,PWRSPVUSASE01,2034,1.4557
GLOBAL,PWRSPVUSASE01,2035,1.4557
GLOBAL,PWRSPVUSASE01,2036,1.4557
GLOBAL,PWRSPVUSASE01,2037,1.4557
GLOBAL,PWRSPVUSASE01,2038,1.4557
GLOBAL,PWRSPVUSASE01,2039,1.4557
GLOBAL,PWRSPVUSASE01,2040,1.4557
GLOBAL,PWRSPVUSASE01,2041,1.4557
GLOBAL,PWRSPVUSASE01,2042,1.4547
GLOBAL,PWRSPVUSASE01,2043,1.4517
GLOBAL,PWRSPVUSASE01,2044,1.4047
GLOBAL,PWRSPVUSASE01,2045,1.293
GLOBAL,PWRSPVUSASE01,2046,1.26
GLOBAL,PWRSPVUSASE01,2047,0.655
GLOBAL,PWRSPVUSASE01,2048,0.133
GLOBAL,PWRSPVUSASE01,2049,0.0
GLOBAL,PWRSPVUSASE01,2050,0.0
GLOBAL,PWRURNUSASE01,2021,5.818
GLOBAL,PWRURNUSASE01,2022,5.818
GLOBAL,PWRURNUSASE01,2023,5.818
GLOBAL,PWRURNUSASE01,2024,5.818
GLOBAL,PWRURNUSASE01,2025,5.818
GLOBAL,PWRURNUSASE01,2026,5.818
GLOBAL,PWRURNUSASE01,2027,5.818
GLOBAL,PWRURNUSASE01,2028,5.818
GLOBAL,PWRURNUSASE01,2029,5.818
GLOBAL,PWRURNUSASE01,2030,5.818
GLOBAL,PWRURNUSASE01,2031,5.818
GLOBAL,PWRURNUSASE01,2032,5.818
GLOBAL,PWRURNUSASE01,2033,5.818
GLOBAL,PWRURNUSASE01,2034,5.818
GLOBAL,PWRURNUSASE01,2035,5.818
GLOBAL,PWRURNUSASE01,2036,5.818
GLOBAL,PWRURNUSASE01,2037,5.818
GLOBAL,PWRURNUSASE01,2038,5.818
GLOBAL,PWRURNUSASE01,2039,4.096
GLOBAL,PWRURNUSASE01,2040,4.096
GLOBAL,PWRURNUSASE01,2041,2.32
GLOBAL,PWRURNUSASE01,2042,2.32
GLOBAL,PWRURNUSASE01,2043,2.32
GLOBAL,PWRURNUSASE01,2044,2.32
GLOBAL,PWRURNUSASE01,2045,2.32
GLOBAL,PWRURNUSASE01,2046,2.32
GLOBAL,PWRURNUSASE01,2047,2.32
GLOBAL,PWRURNUSASE01,2048,2.32
GLOBAL,PWRURNUSASE01,2049,0.0
GLOBAL,PWRURNUSASE01,2050,0.0
GLOBAL,PWRWASUSASE01,2021,0.587
GLOBAL,PWRWASUSASE01,2022,0.514
GLOBAL,PWRWASUSASE01,2023,0.514
GLOBAL,PWRWASUSASE01,2024,0.512
GLOBAL,PWRWASUSASE01,2025,0.512
GLOBAL,PWRWASUSASE01,2026,0.512
GLOBAL,PWRWASUSASE01,2027,0.512
GLOBAL,PWRWASUSASE01,2028,0.512
GLOBAL,PWRWASUSASE01,2029,0.316
GLOBAL,PWRWASUSASE01,2030,0.316
GLOBAL,PWRWASUSASE01,2031,0.316
GLOBAL,PWRWASUSASE01,2032,0.316
GLOBAL,PWRWASUSASE01,2033,0.316
GLOBAL,PWRWASUSASE01,2034,0.198
GLOBAL,PWRWASUSASE01,2035,0.198
GLOBAL,PWRWASUSASE01,2036,0.192
GLOBAL,PWRWASUSASE01,2037,0.187
GLOBAL,PWRWASUSASE01,2038,0.187
GLOBAL,PWRWASUSASE01,2039,0.179
GLOBAL,PWRWASUSASE01,2040,0.173
GLOBAL,PWRWASUSASE01,2041,0.17
GLOBAL,PWRWASUSASE01,2042,0.167
GLOBAL,PWRWASUSASE01,2043,0.147
GLOBAL,PWRWASUSASE01,2044,0.082
GLOBAL,PWRWASUSASE01,2045,0.08
GLOBAL,PWRWASUSASE01,2046,0.08
GLOBAL,PWRWASUSASE01,2047,0.055
GLOBAL,PWRWASUSASE01,2048,0.0
GLOBAL,PWRWASUSASE01,2049,0.0
GLOBAL,PWRWASUSASE01,2050,0.0
GLOBAL,PWRCCGUSASN00,2021,7.774
GLOBAL,PWRCCGUSASN00,2022,7.774
GLOBAL,PWRCCGUSASN00,2023,7.774
GLOBAL,PWRCCGUSASN00,2024,7.774
GLOBAL,PWRCCGUSASN00,2025,7.774
GLOBAL,PWRCCGUSASN00,2026,7.774
GLOBAL,PWRCCGUSASN00,2027,7.774
GLOBAL,PWRCCGUSASN00,2028,7.774
GLOBAL,PWRCCGUSASN00,2029,5.595
GLOBAL,PWRCCGUSASN00,2030,4.589
GLOBAL,PWRCCGUSASN00,2031,4.589
GLOBAL,PWRCCGUSASN00,2032,3.959
GLOBAL,PWRCCGUSASN00,2033,3.638
GLOBAL,PWRCCGUSASN00,2034,1.381
GLOBAL,PWRCCGUSASN00,2035,1.381
GLOBAL,PWRCCGUSASN00,2036,1.03
GLOBAL,PWRCCGUSASN00,2037,1.03
GLOBAL,PWRCCGUSASN00,2038,1.03
GLOBAL,PWRCCGUSASN00,2039,0.3
GLOBAL,PWRCCGUSASN00,2040,0.0
GLOBAL,PWRCCGUSASN00,2041,0.0
GLOBAL,PWRCCGUSASN00,2042,0.0
GLOBAL,PWRCCGUSASN00,2043,0.0
GLOBAL,PWRCCGUSASN00,2044,0.0
GLOBAL,PWRCCGUSASN00,2045,0.0
GLOBAL,PWRCCGUSASN00,2046,0.0
GLOBAL,PWRCCGUSASN00,2047,0.0
GLOBAL,PWRCCGUSASN00,2048,0.0
GLOBAL,PWRCCGUSASN00,2049,0.0
GLOBAL,PWRCCGUSASN00,2050,0.0
GLOBAL,PWRCOAUSASN01,2021,9.76
GLOBAL,PWRCOAUSASN01,2022,9.76
GLOBAL,PWRCOAUSASN01,2023,9.76
GLOBAL,PWRCOAUSASN01,2024,9.76
GLOBAL,PWRCOAUSASN01,2025,9.76
GLOBAL,PWRCOAUSASN01,2026,9.157
GLOBAL,PWRCOAUSASN01,2027,9.157
GLOBAL,PWRCOAUSASN01,2028,7.143
GLOBAL,PWRCOAUSASN01,2029,3.936
GLOBAL,PWRCOAUSASN01,2030,3.936
GLOBAL,PWRCOAUSASN01,2031,3.936
GLOBAL,PWRCOAUSASN01,2032,3.936
GLOBAL,PWRCOAUSASN01,2033,3.936
GLOBAL,PWRCOAUSASN01,2034,0.0
GLOBAL,PWRCOAUSASN01,2035,0.0
GLOBAL,PWRCOAUSASN01,2036,0.0
GLOBAL,PWRCOAUSASN01,2037,0.0
GLOBAL,PWRCOAUSASN01,2038,0.0
GLOBAL,PWRCOAUSASN01,2039,0.0
GLOBAL,PWRCOAUSASN01,2040,0.0
GLOBAL,PWRCOAUSASN01,2041,0.0
GLOBAL,PWRCOAUSASN01,2042,0.0
GLOBAL,PWRCOAUSASN01,2043,0.0
GLOBAL,PWRCOAUSASN01,2044,0.0
GLOBAL,PWRCOAUSASN01,2045,0.0
GLOBAL,PWRCOAUSASN01,2046,0.0
GLOBAL,PWRCOAUSASN01,2047,0.0
GLOBAL,PWRCOAUSASN01,2048,0.0
GLOBAL,PWRCOAUSASN01,2049,0.0
GLOBAL,PWRCOAUSASN01,2050,0.0
GLOBAL,PWRCOGUSASN01,2021,0.002
GLOBAL,PWRCOGUSASN01,2022,0.002
GLOBAL,PWRCOGUSASN01,2023,0.002
GLOBAL,PWRCOGUSASN01,2024,0.002
GLOBAL,PWRCOGUSASN01,2025,0.002
GLOBAL,PWRCOGUSASN01,2026,0.002
GLOBAL,PWRCOGUSASN01,2027,0.002
GLOBAL,PWRCOGUSASN01,2028,0.002
GLOBAL,PWRCOGUSASN01,2029,0.002
GLOBAL,PWRCOGUSASN01,2030,0.002
GLOBAL,PWRCOGUSASN01,2031,0.002
GLOBAL,PWRCOGUSASN01,2032,0.002
GLOBAL,PWRCOGUSASN01,2033,0.002
GLOBAL,PWRCOGUSASN01,2034,0.002
GLOBAL,PWRCOGUSASN01,2035,0.002
GLOBAL,PWRCOGUSASN01,2036,0.0
GLOBAL,PWRCOGUSASN01,2037,0.0
GLOBAL,PWRCOGUSASN01,2038,0.0
GLOBAL,PWRCOGUSASN01,2039,0.0
GLOBAL,PWRCOGUSASN01,2040,0.0
GLOBAL,PWRCOGUSASN01,2041,0.0
GLOBAL,PWRCOGUSASN01,2042,0.0
GLOBAL,PWRCOGUSASN01,2043,0.0
GLOBAL,PWRCOGUSASN01,2044,0.0
GLOBAL,PWRCOGUSASN01,2045,0.0
GLOBAL,PWRCOGUSASN01,2046,0.0
GLOBAL,PWRCOGUSASN01,2047,0.0
GLOBAL,PWRCOGUSASN01,2048,0.0
GLOBAL,PWRCOGUSASN01,2049,0.0
GLOBAL,PWRCOGUSASN01,2050,0.0
GLOBAL,PWRHYDUSASN01,2021,0.565
GLOBAL,PWRHYDUSASN01,2022,0.565
GLOBAL,PWRHYDUSASN01,2023,0.565
GLOBAL,PWRHYDUSASN01,2024,0.565
GLOBAL,PWRHYDUSASN01,2025,0.565
GLOBAL,PWRHYDUSASN01,2026,0.565
GLOBAL,PWRHYDUSASN01,2027,0.565
GLOBAL,PWRHYDUSASN01,2028,0.565
GLOBAL,PWRHYDUSASN01,2029,0.565
GLOBAL,PWRHYDUSASN01,2030,0.565
GLOBAL,PWRHYDUSASN01,2031,0.562
GLOBAL,PWRHYDUSASN01,2032,0.546
GLOBAL,PWRHYDUSASN01,2033,0.546
GLOBAL,PWRHYDUSASN01,2034,0.546
GLOBAL,PWRHYDUSASN01,2035,0.546
GLOBAL,PWRHYDUSASN01,2036,0.546
GLOBAL,PWRHYDUSASN01,2037,0.546
GLOBAL,PWRHYDUSASN01,2038,0.546
GLOBAL,PWRHYDUSASN01,2039,0.546
GLOBAL,PWRHYDUSASN01,2040,0.546
GLOBAL,PWRHYDUSASN01,2041,0.546
GLOBAL,PWRHYDUSASN01,2042,0.532
GLOBAL,PWRHYDUSASN01,2043,0.532
GLOBAL,PWRHYDUSASN01,2044,0.532
GLOBAL,PWRHYDUSASN01,2045,0.532
GLOBAL,PWRHYDUSASN01,2046,0.532
GLOBAL,PWRHYDUSASN01,2047,0.532
GLOBAL,PWRHYDUSASN01,2048,0.532
GLOBAL,PWRHYDUSASN01,2049,0.532
GLOBAL,PWRHYDUSASN01,2050,0.532
GLOBAL,PWROCGUSASN00,2021,2.129
GLOBAL,PWROCGUSASN00,2022,2.124
GLOBAL,PWROCGUSASN00,2023,2.124
GLOBAL,PWROCGUSASN00,2024,2.124
GLOBAL,PWROCGUSASN00,2025,2.072
GLOBAL,PWROCGUSASN00,2026,2.072
GLOBAL,PWROCGUSASN00,2027,2.033
GLOBAL,PWROCGUSASN00,2028,2.033
GLOBAL,PWROCGUSASN00,2029,1.17
GLOBAL,PWROCGUSASN00,2030,1.154
GLOBAL,PWROCGUSASN00,2031,1.09
GLOBAL,PWROCGUSASN00,2032,1.09
GLOBAL,PWROCGUSASN00,2033,0.957
GLOBAL,PWROCGUSASN00,2034,0.334
GLOBAL,PWROCGUSASN00,2035,0.334
GLOBAL,PWROCGUSASN00,2036,0.334
GLOBAL,PWROCGUSASN00,2037,0.332
GLOBAL,PWROCGUSASN00,2038,0.332
GLOBAL,PWROCGUSASN00,2039,0.33
GLOBAL,PWROCGUSASN00,2040,0.33
GLOBAL,PWROCGUSASN00,2041,0.226
GLOBAL,PWROCGUSASN00,2042,0.226
GLOBAL,PWROCGUSASN00,2043,0.226
GLOBAL,PWROCGUSASN00,2044,0.226
GLOBAL,PWROCGUSASN00,2045,0.056
GLOBAL,PWROCGUSASN00,2046,0.056
GLOBAL,PWROCGUSASN00,2047,0.056
GLOBAL,PWROCGUSASN00,2048,0.0
GLOBAL,PWROCGUSASN00,2049,0.0
GLOBAL,PWROCGUSASN00,2050,0.0
GLOBAL,PWROILUSASN01,2021,0.963
GLOBAL,PWROILUSASN01,2022,0.963
GLOBAL,PWROILUSASN01,2023,0.963
GLOBAL,PWROILUSASN01,2024,0.945
GLOBAL,PWROILUSASN01,2025,0.932
GLOBAL,PWROILUSASN01,2026,0.932
GLOBAL,PWROILUSASN01,2027,0.92
GLOBAL,PWROILUSASN01,2028,0.92
GLOBAL,PWROILUSASN01,2029,0.231
GLOBAL,PWROILUSASN01,2030,0.211
GLOBAL,PWROILUSASN01,2031,0.211
GLOBAL,PWROILUSASN01,2032,0.209
GLOBAL,PWROILUSASN01,2033,0.17
GLOBAL,PWROILUSASN01,2034,0.021
GLOBAL,PWROILUSASN01,2035,0.015
GLOBAL,PWROILUSASN01,2036,0.015
GLOBAL,PWROILUSASN01,2037,0.015
GLOBAL,PWROILUSASN01,2038,0.015
GLOBAL,PWROILUSASN01,2039,0.015
GLOBAL,PWROILUSASN01,2040,0.015
GLOBAL,PWROILUSASN01,2041,0.015
GLOBAL,PWROILUSASN01,2042,0.015
GLOBAL,PWROILUSASN01,2043,0.015
GLOBAL,PWROILUSASN01,2044,0.015
GLOBAL,PWROILUSASN01,2045,0.015
GLOBAL,PWROILUSASN01,2046,0.012
GLOBAL,PWROILUSASN01,2047,0.012
GLOBAL,PWROILUSASN01,2048,0.0
GLOBAL,PWROILUSASN01,2049,0.0
GLOBAL,PWROILUSASN01,2050,0.0
GLOBAL,PWRSPVUSASN01,2021,0.035
GLOBAL,PWRSPVUSASN01,2022,0.035
GLOBAL,PWRSPVUSASN01,2023,0.035
GLOBAL,PWRSPVUSASN01,2024,0.035
GLOBAL,PWRSPVUSASN01,2025,0.035
GLOBAL,PWRSPVUSASN01,2026,0.035
GLOBAL,PWRSPVUSASN01,2027,0.035
GLOBAL,PWRSPVUSASN01,2028,0.035
GLOBAL,PWRSPVUSASN01,2029,0.035
GLOBAL,PWRSPVUSASN01,2030,0.035
GLOBAL,PWRSPVUSASN01,2031,0.035
GLOBAL,PWRSPVUSASN01,2032,0.035
GLOBAL,PWRSPVUSASN01,2033,0.035
GLOBAL,PWRSPVUSASN01,2034,0.035
GLOBAL,PWRSPVUSASN01,2035,0.035
GLOBAL,PWRSPVUSASN01,2036,0.035
GLOBAL,PWRSPVUSASN01,2037,0.035
GLOBAL,PWRSPVUSASN01,2038,0.035
GLOBAL,PWRSPVUSASN01,2039,0.035
GLOBAL,PWRSPVUSASN01,2040,0.035
GLOBAL,PWRSPVUSASN01,2041,0.035
GLOBAL,PWRSPVUSASN01,2042,0.035
GLOBAL,PWRSPVUSASN01,2043,0.035
GLOBAL,PWRSPVUSASN01,2044,0.035
GLOBAL,PWRSPVUSASN01,2045,0.027
GLOBAL,PWRSPVUSASN01,2046,0.023
GLOBAL,PWRSPVUSASN01,2047,0.023
GLOBAL,PWRSPVUSASN01,2048,0.0
GLOBAL,PWRSPVUSASN01,2049,0.0
GLOBAL,PWRSPVUSASN01,2050,0.0
GLOBAL,PWRURNUSASN01,2021,1.269
GLOBAL,PWRURNUSASN01,2022,1.269
GLOBAL,PWRURNUSASN01,2023,1.269
GLOBAL,PWRURNUSASN01,2024,1.269
GLOBAL,PWRURNUSASN01,2025,1.269
GLOBAL,PWRURNUSASN01,2026,1.269
GLOBAL,PWRURNUSASN01,2027,1.269
GLOBAL,PWRURNUSASN01,2028,1.269
GLOBAL,PWRURNUSASN01,2029,1.269
GLOBAL,PWRURNUSASN01,2030,1.269
GLOBAL,PWRURNUSASN01,2031,1.269
GLOBAL,PWRURNUSASN01,2032,1.269
GLOBAL,PWRURNUSASN01,2033,1.269
GLOBAL,PWRURNUSASN01,2034,1.269
GLOBAL,PWRURNUSASN01,2035,1.269
GLOBAL,PWRURNUSASN01,2036,1.269
GLOBAL,PWRURNUSASN01,2037,1.269
GLOBAL,PWRURNUSASN01,2038,1.269
GLOBAL,PWRURNUSASN01,2039,1.269
GLOBAL,PWRURNUSASN01,2040,1.269
GLOBAL,PWRURNUSASN01,2041,1.269
GLOBAL,PWRURNUSASN01,2042,1.269
GLOBAL,PWRURNUSASN01,2043,1.269
GLOBAL,PWRURNUSASN01,2044,1.269
GLOBAL,PWRURNUSASN01,2045,1.269
GLOBAL,PWRURNUSASN01,2046,0.0
GLOBAL,PWRURNUSASN01,2047,0.0
GLOBAL,PWRURNUSASN01,2048,0.0
GLOBAL,PWRURNUSASN01,2049,0.0
GLOBAL,PWRURNUSASN01,2050,0.0
GLOBAL,PWRWASUSASN01,2021,0.017
GLOBAL,PWRWASUSASN01,2022,0.017
GLOBAL,PWRWASUSASN01,2023,0.017
GLOBAL,PWRWASUSASN01,2024,0.017
GLOBAL,PWRWASUSASN01,2025,0.017
GLOBAL,PWRWASUSASN01,2026,0.017
GLOBAL,PWRWASUSASN01,2027,0.017
GLOBAL,PWRWASUSASN01,2028,0.017
GLOBAL,PWRWASUSASN01,2029,0.017
GLOBAL,PWRWASUSASN01,2030,0.017
GLOBAL,PWRWASUSASN01,2031,0.017
GLOBAL,PWRWASUSASN01,2032,0.017
GLOBAL,PWRWASUSASN01,2033,0.017
GLOBAL,PWRWASUSASN01,2034,0.017
GLOBAL,PWRWASUSASN01,2035,0.017
GLOBAL,PWRWASUSASN01,2036,0.017
GLOBAL,PWRWASUSASN01,2037,0.014
GLOBAL,PWRWASUSASN01,2038,0.014
GLOBAL,PWRWASUSASN01,2039,0.014
GLOBAL,PWRWASUSASN01,2040,0.014
GLOBAL,PWRWASUSASN01,2041,0.008
GLOBAL,PWRWASUSASN01,2042,0.008
GLOBAL,PWRWASUSASN01,2043,0.002
GLOBAL,PWRWASUSASN01,2044,0.002
GLOBAL,PWRWASUSASN01,2045,0.0
GLOBAL,PWRWASUSASN01,2046,0.0
GLOBAL,PWRWASUSASN01,2047,0.0
GLOBAL,PWRWASUSASN01,2048,0.0
GLOBAL,PWRWASUSASN01,2049,0.0
GLOBAL,PWRWASUSASN01,2050,0.0
GLOBAL,PWRWONUSASN01,2021,6.3308
GLOBAL,PWRWONUSASN01,2022,6.3308
GLOBAL,PWRWONUSASN01,2023,6.3308
GLOBAL,PWRWONUSASN01,2024,6.3308
GLOBAL,PWRWONUSASN01,2025,6.3308
GLOBAL,PWRWONUSASN01,2026,6.3308
GLOBAL,PWRWONUSASN01,2027,6.3308
GLOBAL,PWRWONUSASN01,2028,6.3308
GLOBAL,PWRWONUSASN01,2029,6.3308
GLOBAL,PWRWONUSASN01,2030,6.3308
GLOBAL,PWRWONUSASN01,2031,6.3308
GLOBAL,PWRWONUSASN01,2032,6.2188
GLOBAL,PWRWONUSASN01,2033,6.2188
GLOBAL,PWRWONUSASN01,2034,6.2188
GLOBAL,PWRWONUSASN01,2035,6.2188
GLOBAL,PWRWONUSASN01,2036,6.2188
GLOBAL,PWRWONUSASN01,2037,6.0688
GLOBAL,PWRWONUSASN01,2038,6.0118
GLOBAL,PWRWONUSASN01,2039,5.5078
GLOBAL,PWRWONUSASN01,2040,4.846
GLOBAL,PWRWONUSASN01,2041,4.683
GLOBAL,PWRWONUSASN01,2042,4.423
GLOBAL,PWRWONUSASN01,2043,2.976
GLOBAL,PWRWONUSASN01,2044,2.912
GLOBAL,PWRWONUSASN01,2045,2.662
GLOBAL,PWRWONUSASN01,2046,2.456
GLOBAL,PWRWONUSASN01,2047,1.783
GLOBAL,PWRWONUSASN01,2048,0.0
GLOBAL,PWRWONUSASN01,2049,0.0
GLOBAL,PWRWONUSASN01,2050,0.0
GLOBAL,PWRBIOUSASS01,2021,0.566
GLOBAL,PWRBIOUSASS01,2022,0.566
GLOBAL,PWRBIOUSASS01,2023,0.566
GLOBAL,PWRBIOUSASS01,2024,0.566
GLOBAL,PWRBIOUSASS01,2025,0.566
GLOBAL,PWRBIOUSASS01,2026,0.566
GLOBAL,PWRBIOUSASS01,2027,0.566
GLOBAL,PWRBIOUSASS01,2028,0.566
GLOBAL,PWRBIOUSASS01,2029,0.371
GLOBAL,PWRBIOUSASS01,2030,0.371
GLOBAL,PWRBIOUSASS01,2031,0.371
GLOBAL,PWRBIOUSASS01,2032,0.371
GLOBAL,PWRBIOUSASS01,2033,0.371
GLOBAL,PWRBIOUSASS01,2034,0.079
GLOBAL,PWRBIOUSASS01,2035,0.079
GLOBAL,PWRBIOUSASS01,2036,0.079
GLOBAL,PWRBIOUSASS01,2037,0.079
GLOBAL,PWRBIOUSASS01,2038,0.079
GLOBAL,PWRBIOUSASS01,2039,0.079
GLOBAL,PWRBIOUSASS01,2040,0.0
GLOBAL,PWRBIOUSASS01,2041,0.0
GLOBAL,PWRBIOUSASS01,2042,0.0
GLOBAL,PWRBIOUSASS01,2043,0.0
GLOBAL,PWRBIOUSASS01,2044,0.0
GLOBAL,PWRBIOUSASS01,2045,0.0
GLOBAL,PWRBIOUSASS01,2046,0.0
GLOBAL,PWRBIOUSASS01,2047,0.0
GLOBAL,PWRBIOUSASS01,2048,0.0
GLOBAL,PWRBIOUSASS01,2049,0.0
GLOBAL,PWRBIOUSASS01,2050,0.0
GLOBAL,PWRCCGUSASS00,2021,28.766
GLOBAL,PWRCCGUSASS00,2022,28.766
GLOBAL,PWRCCGUSASS00,2023,28.766
GLOBAL,PWRCCGUSASS00,2024,28.766
GLOBAL,PWRCCGUSASS00,2025,28.632
GLOBAL,PWRCCGUSASS00,2026,26.897
GLOBAL,PWRCCGUSASS00,2027,26.897
GLOBAL,PWRCCGUSASS00,2028,26.897
GLOBAL,PWRCCGUSASS00,2029,18.872
GLOBAL,PWRCCGUSASS00,2030,18.35
GLOBAL,PWRCCGUSASS00,2031,18.35
GLOBAL,PWRCCGUSASS00,2032,15.898
GLOBAL,PWRCCGUSASS00,2033,14.751
GLOBAL,PWRCCGUSASS00,2034,5.971
GLOBAL,PWRCCGUSASS00,2035,4.539
GLOBAL,PWRCCGUSASS00,2036,4.539
GLOBAL,PWRCCGUSASS00,2037,3.468
GLOBAL,PWRCCGUSASS00,2038,3.119
GLOBAL,PWRCCGUSASS00,2039,2.453
GLOBAL,PWRCCGUSASS00,2040,1.943
GLOBAL,PWRCCGUSASS00,2041,0.773
GLOBAL,PWRCCGUSASS00,2042,0.606
GLOBAL,PWRCCGUSASS00,2043,0.606
GLOBAL,PWRCCGUSASS00,2044,0.606
GLOBAL,PWRCCGUSASS00,2045,0.606
GLOBAL,PWRCCGUSASS00,2046,0.606
GLOBAL,PWRCCGUSASS00,2047,0.0
GLOBAL,PWRCCGUSASS00,2048,0.0
GLOBAL,PWRCCGUSASS00,2049,0.0
GLOBAL,PWRCCGUSASS00,2050,0.0
GLOBAL,PWRCOAUSASS01,2021,14.062
GLOBAL,PWRCOAUSASS01,2022,14.062
GLOBAL,PWRCOAUSASS01,2023,14.062
GLOBAL,PWRCOAUSASS01,2024,14.062
GLOBAL,PWRCOAUSASS01,2025,14.062
GLOBAL,PWRCOAUSASS01,2026,14.062
GLOBAL,PWRCOAUSASS01,2027,14.062
GLOBAL,PWRCOAUSASS01,2028,14.062
GLOBAL,PWRCOAUSASS01,2029,14.062
GLOBAL,PWRCOAUSASS01,2030,14.062
GLOBAL,PWRCOAUSASS01,2031,14.062
GLOBAL,PWRCOAUSASS01,2032,14.062
GLOBAL,PWRCOAUSASS01,2033,14.062
GLOBAL,PWRCOAUSASS01,2034,0.609
GLOBAL,PWRCOAUSASS01,2035,0.609
GLOBAL,PWRCOAUSASS01,2036,0.609
GLOBAL,PWRCOAUSASS01,2037,0.609
GLOBAL,PWRCOAUSASS01,2038,0.609
GLOBAL,PWRCOAUSASS01,2039,0.609
GLOBAL,PWRCOAUSASS01,2040,0.609
GLOBAL,PWRCOAUSASS01,2041,0.609
GLOBAL,PWRCOAUSASS01,2042,0.609
GLOBAL,PWRCOAUSASS01,2043,0.609
GLOBAL,PWRCOAUSASS01,2044,0.0
GLOBAL,PWRCOAUSASS01,2045,0.0
GLOBAL,PWRCOAUSASS01,2046,0.0
GLOBAL,PWRCOAUSASS01,2047,0.0
GLOBAL,PWRCOAUSASS01,2048,0.0
GLOBAL,PWRCOAUSASS01,2049,0.0
GLOBAL,PWRCOAUSASS01,2050,0.0
GLOBAL,PWRCOGUSASS01,2021,0.021
GLOBAL,PWRCOGUSASS01,2022,0.021
GLOBAL,PWRCOGUSASS01,2023,0.021
GLOBAL,PWRCOGUSASS01,2024,0.021
GLOBAL,PWRCOGUSASS01,2025,0.021
GLOBAL,PWRCOGUSASS01,2026,0.021
GLOBAL,PWRCOGUSASS01,2027,0.021
GLOBAL,PWRCOGUSASS01,2028,0.021
GLOBAL,PWRCOGUSASS01,2029,0.021
GLOBAL,PWRCOGUSASS01,2030,0.021
GLOBAL,PWRCOGUSASS01,2031,0.021
GLOBAL,PWRCOGUSASS01,2032,0.021
GLOBAL,PWRCOGUSASS01,2033,0.021
GLOBAL,PWRCOGUSASS01,2034,0.021
GLOBAL,PWRCOGUSASS01,2035,0.021
GLOBAL,PWRCOGUSASS01,2036,0.021
GLOBAL,PWRCOGUSASS01,2037,0.021
GLOBAL,PWRCOGUSASS01,2038,0.021
GLOBAL,PWRCOGUSASS01,2039,0.021
GLOBAL,PWRCOGUSASS01,2040,0.021
GLOBAL,PWRCOGUSASS01,2041,0.021
GLOBAL,PWRCOGUSASS01,2042,0.0
GLOBAL,PWRCOGUSASS01,2043,0.0
GLOBAL,PWRCOGUSASS01,2044,0.0
GLOBAL,PWRCOGUSASS01,2045,0.0
GLOBAL,PWRCOGUSASS01,2046,0.0
GLOBAL,PWRCOGUSASS01,2047,0.0
GLOBAL,PWRCOGUSASS01,2048,0.0
GLOBAL,PWRCOGUSASS01,2049,0.0
GLOBAL,PWRCOGUSASS01,2050,0.0
GLOBAL,PWRHYDUSASS01,2021,1.227
GLOBAL,PWRHYDUSASS01,2022,1.227
GLOBAL,PWRHYDUSASS01,2023,1.227
GLOBAL,PWRHYDUSASS01,2024,1.227
GLOBAL,PWRHYDUSASS01,2025,1.227
GLOBAL,PWRHYDUSASS01,2026,1.227
GLOBAL,PWRHYDUSASS01,2027,1.227
GLOBAL,PWRHYDUSASS01,2028,1.227
GLOBAL,PWRHYDUSASS01,2029,1.227
GLOBAL,PWRHYDUSASS01,2030,1.227
GLOBAL,PWRHYDUSASS01,2031,1.227
GLOBAL,PWRHYDUSASS01,2032,1.227
GLOBAL,PWRHYDUSASS01,2033,1.227
GLOBAL,PWRHYDUSASS01,2034,1.227
GLOBAL,PWRHYDUSASS01,2035,1.227
GLOBAL,PWRHYDUSASS01,2036,1.227
GLOBAL,PWRHYDUSASS01,2037,1.227
GLOBAL,PWRHYDUSASS01,2038,1.227
GLOBAL,PWRHYDUSASS01,2039,1.227
GLOBAL,PWRHYDUSASS01,2040,1.227
GLOBAL,PWRHYDUSASS01,2041,1.227
GLOBAL,PWRHYDUSASS01,2042,1.227
GLOBAL,PWRHYDUSASS01,2043,1.097
GLOBAL,PWRHYDUSASS01,2044,1.097
GLOBAL,PWRHYDUSASS01,2045,1.097
GLOBAL,PWRHYDUSASS01,2046,1.097
GLOBAL,PWRHYDUSASS01,2047,1.097
GLOBAL,PWRHYDUSASS01,2048,1.097
GLOBAL,PWRHYDUSASS01,2049,1.097
GLOBAL,PWRHYDUSASS01,2050,1.097
GLOBAL,PWROCGUSASS00,2021,1.026
GLOBAL,PWROCGUSASS00,2022,1.026
GLOBAL,PWROCGUSASS00,2023,1.026
GLOBAL,PWROCGUSASS00,2024,1.026
GLOBAL,PWROCGUSASS00,2025,1.026
GLOBAL,PWROCGUSASS00,2026,1.026
GLOBAL,PWROCGUSASS00,2027,1.026
GLOBAL,PWROCGUSASS00,2028,1.026
GLOBAL,PWROCGUSASS00,2029,0.826
GLOBAL,PWROCGUSASS00,2030,0.826
GLOBAL,PWROCGUSASS00,2031,0.826
GLOBAL,PWROCGUSASS00,2032,0.728
GLOBAL,PWROCGUSASS00,2033,0.728
GLOBAL,PWROCGUSASS00,2034,0.372
GLOBAL,PWROCGUSASS00,2035,0.372
GLOBAL,PWROCGUSASS00,2036,0.372
GLOBAL,PWROCGUSASS00,2037,0.368
GLOBAL,PWROCGUSASS00,2038,0.368
GLOBAL,PWROCGUSASS00,2039,0.368
GLOBAL,PWROCGUSASS00,2040,0.365
GLOBAL,PWROCGUSASS00,2041,0.365
GLOBAL,PWROCGUSASS00,2042,0.299
GLOBAL,PWROCGUSASS00,2043,0.249
GLOBAL,PWROCGUSASS00,2044,0.249
GLOBAL,PWROCGUSASS00,2045,0.249
GLOBAL,PWROCGUSASS00,2046,0.127
GLOBAL,PWROCGUSASS00,2047,0.0
GLOBAL,PWROCGUSASS00,2048,0.0
GLOBAL,PWROCGUSASS00,2049,0.0
GLOBAL,PWROCGUSASS00,2050,0.0
GLOBAL,PWROILUSASS01,2021,0.054
GLOBAL,PWROILUSASS01,2022,0.054
GLOBAL,PWROILUSASS01,2023,0.054
GLOBAL,PWROILUSASS01,2024,0.054
GLOBAL,PWROILUSASS01,2025,0.054
GLOBAL,PWROILUSASS01,2026,0.054
GLOBAL,PWROILUSASS01,2027,0.054
GLOBAL,PWROILUSASS01,2028,0.054
GLOBAL,PWROILUSASS01,2029,0.02
GLOBAL,PWROILUSASS01,2030,0.02
GLOBAL,PWROILUSASS01,2031,0.02
GLOBAL,PWROILUSASS01,2032,0.02
GLOBAL,PWROILUSASS01,2033,0.02
GLOBAL,PWROILUSASS01,2034,0.018
GLOBAL,PWROILUSASS01,2035,0.012
GLOBAL,PWROILUSASS01,2036,0.012
GLOBAL,PWROILUSASS01,2037,0.008
GLOBAL,PWROILUSASS01,2038,0.008
GLOBAL,PWROILUSASS01,2039,0.008
GLOBAL,PWROILUSASS01,2040,0.008
GLOBAL,PWROILUSASS01,2041,0.008
GLOBAL,PWROILUSASS01,2042,0.0
GLOBAL,PWROILUSASS01,2043,0.0
GLOBAL,PWROILUSASS01,2044,0.0
GLOBAL,PWROILUSASS01,2045,0.0
GLOBAL,PWROILUSASS01,2046,0.0
GLOBAL,PWROILUSASS01,2047,0.0
GLOBAL,PWROILUSASS01,2048,0.0
GLOBAL,PWROILUSASS01,2049,0.0
GLOBAL,PWROILUSASS01,2050,0.0
GLOBAL,PWRPETUSASS01,2021,1.707
GLOBAL,PWRPETUSASS01,2022,1.707
GLOBAL,PWRPETUSASS01,2023,0.0
GLOBAL,PWRPETUSASS01,2024,0.0
GLOBAL,PWRPETUSASS01,2025,0.0
GLOBAL,PWRPETUSASS01,2026,0.0
GLOBAL,PWRPETUSASS01,2027,0.0
GLOBAL,PWRPETUSASS01,2028,0.0
GLOBAL,PWRPETUSASS01,2029,0.0
GLOBAL,PWRPETUSASS01,2030,0.0
GLOBAL,PWRPETUSASS01,2031,0.0
GLOBAL,PWRPETUSASS01,2032,0.0
GLOBAL,PWRPETUSASS01,2033,0.0
GLOBAL,PWRPETUSASS01,2034,0.0
GLOBAL,PWRPETUSASS01,2035,0.0
GLOBAL,PWRPETUSASS01,2036,0.0
GLOBAL,PWRPETUSASS01,2037,0.0
GLOBAL,PWRPETUSASS01,2038,0.0
GLOBAL,PWRPETUSASS01,2039,0.0
GLOBAL,PWRPETUSASS01,2040,0.0
GLOBAL,PWRPETUSASS01,2041,0.0
GLOBAL,PWRPETUSASS01,2042,0.0
GLOBAL,PWRPETUSASS01,2043,0.0
GLOBAL,PWRPETUSASS01,2044,0.0
GLOBAL,PWRPETUSASS01,2045,0.0
GLOBAL,PWRPETUSASS01,2046,0.0
GLOBAL,PWRPETUSASS01,2047,0.0
GLOBAL,PWRPETUSASS01,2048,0.0
GLOBAL,PWRPETUSASS01,2049,0.0
GLOBAL,PWRPETUSASS01,2050,0.0
GLOBAL,PWRSPVUSASS01,2021,0.1464
GLOBAL,PWRSPVUSASS01,2022,0.1464
GLOBAL,PWRSPVUSASS01,2023,0.1464
GLOBAL,PWRSPVUSASS01,2024,0.1464
GLOBAL,PWRSPVUSASS01,2025,0.1464
GLOBAL,PWRSPVUSASS01,2026,0.1464
GLOBAL,PWRSPVUSASS01,2027,0.1464
GLOBAL,PWRSPVUSASS01,2028,0.1464
GLOBAL,PWRSPVUSASS01,2029,0.1464
GLOBAL,PWRSPVUSASS01,2030,0.1464
GLOBAL,PWRSPVUSASS01,2031,0.1464
GLOBAL,PWRSPVUSASS01,2032,0.1464
GLOBAL,PWRSPVUSASS01,2033,0.1464
GLOBAL,PWRSPVUSASS01,2034,0.1464
GLOBAL,PWRSPVUSASS01,2035,0.1464
GLOBAL,PWRSPVUSASS01,2036,0.1464
GLOBAL,PWRSPVUSASS01,2037,0.1464
GLOBAL,PWRSPVUSASS01,2038,0.1464
GLOBAL,PWRSPVUSASS01,2039,0.1464
GLOBAL,PWRSPVUSASS01,2040,0.1464
GLOBAL,PWRSPVUSASS01,2041,0.1464
GLOBAL,PWRSPVUSASS01,2042,0.1164
GLOBAL,PWRSPVUSASS01,2043,0.0964
GLOBAL,PWRSPVUSASS01,2044,0.0964
GLOBAL,PWRSPVUSASS01,2045,0.046
GLOBAL,PWRSPVUSASS01,2046,0.046
GLOBAL,PWRSPVUSASS01,2047,0.045
GLOBAL,PWRSPVUSASS01,2048,0.0
GLOBAL,PWRSPVUSASS01,2049,0.0
GLOBAL,PWRSPVUSASS01,2050,0.0
GLOBAL,PWRWASUSASS01,2021,0.029
GLOBAL,PWRWASUSASS01,2022,0.029
GLOBAL,PWRWASUSASS01,2023,0.029
GLOBAL,PWRWASUSASS01,2024,0.029
GLOBAL,PWRWASUSASS01,2025,0.029
GLOBAL,PWRWASUSASS01,2026,0.029
GLOBAL,PWRWASUSASS01,2027,0.029
GLOBAL,PWRWASUSASS01,2028,0.029
GLOBAL,PWRWASUSASS01,2029,0.029
GLOBAL,PWRWASUSASS01,2030,0.029
GLOBAL,PWRWASUSASS01,2031,0.029
GLOBAL,PWRWASUSASS01,2032,0.029
GLOBAL,PWRWASUSASS01,2033,0.029
GLOBAL,PWRWASUSASS01,2034,0.007
GLOBAL,PWRWASUSASS01,2035,0.007
GLOBAL,PWRWASUSASS01,2036,0.007
GLOBAL,PWRWASUSASS01,2037,0.007
GLOBAL,PWRWASUSASS01,2038,0.007
GLOBAL,PWRWASUSASS01,2039,0.007
GLOBAL,PWRWASUSASS01,2040,0.007
GLOBAL,PWRWASUSASS01,2041,0.003
GLOBAL,PWRWASUSASS01,2042,0.003
GLOBAL,PWRWASUSASS01,2043,0.0
GLOBAL,PWRWASUSASS01,2044,0.0
GLOBAL,PWRWASUSASS01,2045,0.0
GLOBAL,PWRWASUSASS01,2046,0.0
GLOBAL,PWRWASUSASS01,2047,0.0
GLOBAL,PWRWASUSASS01,2048,0.0
GLOBAL,PWRWASUSASS01,2049,0.0
GLOBAL,PWRWASUSASS01,2050,0.0
GLOBAL,PWRWONUSASS01,2021,13.7709
GLOBAL,PWRWONUSASS01,2022,13.7709
GLOBAL,PWRWONUSASS01,2023,13.7709
GLOBAL,PWRWONUSASS01,2024,13.7709
GLOBAL,PWRWONUSASS01,2025,13.7709
GLOBAL,PWRWONUSASS01,2026,13.7709
GLOBAL,PWRWONUSASS01,2027,13.7709
GLOBAL,PWRWONUSASS01,2028,13.7709
GLOBAL,PWRWONUSASS01,2029,13.7709
GLOBAL,PWRWONUSASS01,2030,13.7709
GLOBAL,PWRWONUSASS01,2031,13.7709
GLOBAL,PWRWONUSASS01,2032,13.7709
GLOBAL,PWRWONUSASS01,2033,13.6909
GLOBAL,PWRWONUSASS01,2034,13.5869
GLOBAL,PWRWONUSASS01,2035,13.4989
GLOBAL,PWRWONUSASS01,2036,13.2719
GLOBAL,PWRWONUSASS01,2037,12.9909
GLOBAL,PWRWONUSASS01,2038,12.6049
GLOBAL,PWRWONUSASS01,2039,12.4649
GLOBAL,PWRWONUSASS01,2040,11.526
GLOBAL,PWRWONUSASS01,2041,11.405
GLOBAL,PWRWONUSASS01,2042,10.629
GLOBAL,PWRWONUSASS01,2043,9.653
GLOBAL,PWRWONUSASS01,2044,9.148
GLOBAL,PWRWONUSASS01,2045,7.816
GLOBAL,PWRWONUSASS01,2046,4.604
GLOBAL,PWRWONUSASS01,2047,2.551
GLOBAL,PWRWONUSASS01,2048,0.155
GLOBAL,PWRWONUSASS01,2049,0.0
GLOBAL,PWRWONUSASS01,2050,0.0
GLOBAL,PWRBIOUSASV01,2021,0.444
GLOBAL,PWRBIOUSASV01,2022,0.444
GLOBAL,PWRBIOUSASV01,2023,0.444
GLOBAL,PWRBIOUSASV01,2024,0.444
GLOBAL,PWRBIOUSASV01,2025,0.444
GLOBAL,PWRBIOUSASV01,2026,0.444
GLOBAL,PWRBIOUSASV01,2027,0.444
GLOBAL,PWRBIOUSASV01,2028,0.444
GLOBAL,PWRBIOUSASV01,2029,0.253
GLOBAL,PWRBIOUSASV01,2030,0.253
GLOBAL,PWRBIOUSASV01,2031,0.253
GLOBAL,PWRBIOUSASV01,2032,0.253
GLOBAL,PWRBIOUSASV01,2033,0.253
GLOBAL,PWRBIOUSASV01,2034,0.095
GLOBAL,PWRBIOUSASV01,2035,0.095
GLOBAL,PWRBIOUSASV01,2036,0.095
GLOBAL,PWRBIOUSASV01,2037,0.095
GLOBAL,PWRBIOUSASV01,2038,0.095
GLOBAL,PWRBIOUSASV01,2039,0.095
GLOBAL,PWRBIOUSASV01,2040,0.095
GLOBAL,PWRBIOUSASV01,2041,0.044
GLOBAL,PWRBIOUSASV01,2042,0.044
GLOBAL,PWRBIOUSASV01,2043,0.043
GLOBAL,PWRBIOUSASV01,2044,0.043
GLOBAL,PWRBIOUSASV01,2045,0.005
GLOBAL,PWRBIOUSASV01,2046,0.005
GLOBAL,PWRBIOUSASV01,2047,0.0
GLOBAL,PWRBIOUSASV01,2048,0.0
GLOBAL,PWRBIOUSASV01,2049,0.0
GLOBAL,PWRBIOUSASV01,2050,0.0
GLOBAL,PWRCCGUSASV00,2021,29.83
GLOBAL,PWRCCGUSASV00,2022,29.83
GLOBAL,PWRCCGUSASV00,2023,29.441
GLOBAL,PWRCCGUSASV00,2024,29.441
GLOBAL,PWRCCGUSASV00,2025,28.202
GLOBAL,PWRCCGUSASV00,2026,26.447
GLOBAL,PWRCCGUSASV00,2027,26.447
GLOBAL,PWRCCGUSASV00,2028,25.94
GLOBAL,PWRCCGUSASV00,2029,25.392
GLOBAL,PWRCCGUSASV00,2030,25.392
GLOBAL,PWRCCGUSASV00,2031,22.724
GLOBAL,PWRCCGUSASV00,2032,22.724
GLOBAL,PWRCCGUSASV00,2033,19.451
GLOBAL,PWRCCGUSASV00,2034,13.705
GLOBAL,PWRCCGUSASV00,2035,8.332
GLOBAL,PWRCCGUSASV00,2036,7.438
GLOBAL,PWRCCGUSASV00,2037,7.438
GLOBAL,PWRCCGUSASV00,2038,7.094
GLOBAL,PWRCCGUSASV00,2039,7.094
GLOBAL,PWRCCGUSASV00,2040,6.75
GLOBAL,PWRCCGUSASV00,2041,6.75
GLOBAL,PWRCCGUSASV00,2042,5.492
GLOBAL,PWRCCGUSASV00,2043,5.492
GLOBAL,PWRCCGUSASV00,2044,3.137
GLOBAL,PWRCCGUSASV00,2045,2.285
GLOBAL,PWRCCGUSASV00,2046,2.285
GLOBAL,PWRCCGUSASV00,2047,0.813
GLOBAL,PWRCCGUSASV00,2048,0.0
GLOBAL,PWRCCGUSASV00,2049,0.0
GLOBAL,PWRCCGUSASV00,2050,0.0
GLOBAL,PWRCOAUSASV01,2021,19.832
GLOBAL,PWRCOAUSASV01,2022,19.832
GLOBAL,PWRCOAUSASV01,2023,19.462
GLOBAL,PWRCOAUSASV01,2024,19.43
GLOBAL,PWRCOAUSASV01,2025,19.43
GLOBAL,PWRCOAUSASV01,2026,19.43
GLOBAL,PWRCOAUSASV01,2027,17.224
GLOBAL,PWRCOAUSASV01,2028,16.375
GLOBAL,PWRCOAUSASV01,2029,4.679
GLOBAL,PWRCOAUSASV01,2030,2.287
GLOBAL,PWRCOAUSASV01,2031,2.287
GLOBAL,PWRCOAUSASV01,2032,2.287
GLOBAL,PWRCOAUSASV01,2033,2.287
GLOBAL,PWRCOAUSASV01,2034,0.0
GLOBAL,PWRCOAUSASV01,2035,0.0
GLOBAL,PWRCOAUSASV01,2036,0.0
GLOBAL,PWRCOAUSASV01,2037,0.0
GLOBAL,PWRCOAUSASV01,2038,0.0
GLOBAL,PWRCOAUSASV01,2039,0.0
GLOBAL,PWRCOAUSASV01,2040,0.0
GLOBAL,PWRCOAUSASV01,2041,0.0
GLOBAL,PWRCOAUSASV01,2042,0.0
GLOBAL,PWRCOAUSASV01,2043,0.0
GLOBAL,PWRCOAUSASV01,2044,0.0
GLOBAL,PWRCOAUSASV01,2045,0.0
GLOBAL,PWRCOAUSASV01,2046,0.0
GLOBAL,PWRCOAUSASV01,2047,0.0
GLOBAL,PWRCOAUSASV01,2048,0.0
GLOBAL,PWRCOAUSASV01,2049,0.0
GLOBAL,PWRCOAUSASV01,2050,0.0
GLOBAL,PWRCOGUSASV01,2021,0.054
GLOBAL,PWRCOGUSASV01,2022,0.054
GLOBAL,PWRCOGUSASV01,2023,0.054
GLOBAL,PWRCOGUSASV01,2024,0.054
GLOBAL,PWRCOGUSASV01,2025,0.054
GLOBAL,PWRCOGUSASV01,2026,0.054
GLOBAL,PWRCOGUSASV01,2027,0.054
GLOBAL,PWRCOGUSASV01,2028,0.054
GLOBAL,PWRCOGUSASV01,2029,0.054
GLOBAL,PWRCOGUSASV01,2030,0.054
GLOBAL,PWRCOGUSASV01,2031,0.054
GLOBAL,PWRCOGUSASV01,2032,0.054
GLOBAL,PWRCOGUSASV01,2033,0.054
GLOBAL,PWRCOGUSASV01,2034,0.0
GLOBAL,PWRCOGUSASV01,2035,0.0
GLOBAL,PWRCOGUSASV01,2036,0.0
GLOBAL,PWRCOGUSASV01,2037,0.0
GLOBAL,PWRCOGUSASV01,2038,0.0
GLOBAL,PWRCOGUSASV01,2039,0.0
GLOBAL,PWRCOGUSASV01,2040,0.0
GLOBAL,PWRCOGUSASV01,2041,0.0
GLOBAL,PWRCOGUSASV01,2042,0.0
GLOBAL,PWRCOGUSASV01,2043,0.0
GLOBAL,PWRCOGUSASV01,2044,0.0
GLOBAL,PWRCOGUSASV01,2045,0.0
GLOBAL,PWRCOGUSASV01,2046,0.0
GLOBAL,PWRCOGUSASV01,2047,0.0
GLOBAL,PWRCOGUSASV01,2048,0.0
GLOBAL,PWRCOGUSASV01,2049,0.0
GLOBAL,PWRCOGUSASV01,2050,0.0
GLOBAL,PWRHYDUSASV01,2021,9.191
GLOBAL,PWRHYDUSASV01,2022,9.173
GLOBAL,PWRHYDUSASV01,2023,9.173
GLOBAL,PWRHYDUSASV01,2024,9.128
GLOBAL,PWRHYDUSASV01,2025,9.068
GLOBAL,PWRHYDUSASV01,2026,8.953
GLOBAL,PWRHYDUSASV01,2027,8.908
GLOBAL,PWRHYDUSASV01,2028,8.871
GLOBAL,PWRHYDUSASV01,2029,8.79
GLOBAL,PWRHYDUSASV01,2030,8.79
GLOBAL,PWRHYDUSASV01,2031,8.674
GLOBAL,PWRHYDUSASV01,2032,8.674
GLOBAL,PWRHYDUSASV01,2033,8.674
GLOBAL,PWRHYDUSASV01,2034,8.114
GLOBAL,PWRHYDUSASV01,2035,8.101
GLOBAL,PWRHYDUSASV01,2036,8.101
GLOBAL,PWRHYDUSASV01,2037,8.017
GLOBAL,PWRHYDUSASV01,2038,8.017
GLOBAL,PWRHYDUSASV01,2039,8.017
GLOBAL,PWRHYDUSASV01,2040,8.017
GLOBAL,PWRHYDUSASV01,2041,8.002
GLOBAL,PWRHYDUSASV01,2042,7.98
GLOBAL,PWRHYDUSASV01,2043,7.937
GLOBAL,PWRHYDUSASV01,2044,7.585
GLOBAL,PWRHYDUSASV01,2045,7.585
GLOBAL,PWRHYDUSASV01,2046,7.585
GLOBAL,PWRHYDUSASV01,2047,7.585
GLOBAL,PWRHYDUSASV01,2048,7.583
GLOBAL,PWRHYDUSASV01,2049,7.328
GLOBAL,PWRHYDUSASV01,2050,7.327
GLOBAL,PWROCGUSASV00,2021,0.468
GLOBAL,PWROCGUSASV00,2022,0.468
GLOBAL,PWROCGUSASV00,2023,0.468
GLOBAL,PWROCGUSASV00,2024,0.415
GLOBAL,PWROCGUSASV00,2025,0.405
GLOBAL,PWROCGUSASV00,2026,0.405
GLOBAL,PWROCGUSASV00,2027,0.405
GLOBAL,PWROCGUSASV00,2028,0.405
GLOBAL,PWROCGUSASV00,2029,0.181
GLOBAL,PWROCGUSASV00,2030,0.181
GLOBAL,PWROCGUSASV00,2031,0.171
GLOBAL,PWROCGUSASV00,2032,0.171
GLOBAL,PWROCGUSASV00,2033,0.171
GLOBAL,PWROCGUSASV00,2034,0.045
GLOBAL,PWROCGUSASV00,2035,0.045
GLOBAL,PWROCGUSASV00,2036,0.043
GLOBAL,PWROCGUSASV00,2037,0.043
GLOBAL,PWROCGUSASV00,2038,0.043
GLOBAL,PWROCGUSASV00,2039,0.043
GLOBAL,PWROCGUSASV00,2040,0.043
GLOBAL,PWROCGUSASV00,2041,0.013
GLOBAL,PWROCGUSASV00,2042,0.013
GLOBAL,PWROCGUSASV00,2043,0.002
GLOBAL,PWROCGUSASV00,2044,0.002
GLOBAL,PWROCGUSASV00,2045,0.0
GLOBAL,PWROCGUSASV00,2046,0.0
GLOBAL,PWROCGUSASV00,2047,0.0
GLOBAL,PWROCGUSASV00,2048,0.0
GLOBAL,PWROCGUSASV00,2049,0.0
GLOBAL,PWROCGUSASV00,2050,0.0
GLOBAL,PWROILUSASV01,2021,2.322
GLOBAL,PWROILUSASV01,2022,2.307
GLOBAL,PWROILUSASV01,2023,2.3
GLOBAL,PWROILUSASV01,2024,2.298
GLOBAL,PWROILUSASV01,2025,2.298
GLOBAL,PWROILUSASV01,2026,2.282
GLOBAL,PWROILUSASV01,2027,2.253
GLOBAL,PWROILUSASV01,2028,2.253
GLOBAL,PWROILUSASV01,2029,0.326
GLOBAL,PWROILUSASV01,2030,0.324
GLOBAL,PWROILUSASV01,2031,0.32
GLOBAL,PWROILUSASV01,2032,0.317
GLOBAL,PWROILUSASV01,2033,0.274
GLOBAL,PWROILUSASV01,2034,0.113
GLOBAL,PWROILUSASV01,2035,0.108
GLOBAL,PWROILUSASV01,2036,0.077
GLOBAL,PWROILUSASV01,2037,0.057
GLOBAL,PWROILUSASV01,2038,0.037
GLOBAL,PWROILUSASV01,2039,0.037
GLOBAL,PWROILUSASV01,2040,0.036
GLOBAL,PWROILUSASV01,2041,0.036
GLOBAL,PWROILUSASV01,2042,0.017
GLOBAL,PWROILUSASV01,2043,0.017
GLOBAL,PWROILUSASV01,2044,0.006
GLOBAL,PWROILUSASV01,2045,0.006
GLOBAL,PWROILUSASV01,2046,0.006
GLOBAL,PWROILUSASV01,2047,0.0
GLOBAL,PWROILUSASV01,2048,0.0
GLOBAL,PWROILUSASV01,2049,0.0
GLOBAL,PWROILUSASV01,2050,0.0
GLOBAL,PWRSPVUSASV01,2021,4.9587
GLOBAL,PWRSPVUSASV01,2022,4.9587
GLOBAL,PWRSPVUSASV01,2023,4.9587
GLOBAL,PWRSPVUSASV01,2024,4.9587
GLOBAL,PWRSPVUSASV01,2025,4.9587
GLOBAL,PWRSPVUSASV01,2026,4.9587
GLOBAL,PWRSPVUSASV01,2027,4.9587
GLOBAL,PWRSPVUSASV01,2028,4.9587
GLOBAL,PWRSPVUSASV01,2029,4.9387
GLOBAL,PWRSPVUSASV01,2030,4.9387
GLOBAL,PWRSPVUSASV01,2031,4.9387
GLOBAL,PWRSPVUSASV01,2032,4.9387
GLOBAL,PWRSPVUSASV01,2033,4.9387
GLOBAL,PWRSPVUSASV01,2034,4.9387
GLOBAL,PWRSPVUSASV01,2035,4.9387
GLOBAL,PWRSPVUSASV01,2036,4.9387
GLOBAL,PWRSPVUSASV01,2037,4.9387
GLOBAL,PWRSPVUSASV01,2038,4.9387
GLOBAL,PWRSPVUSASV01,2039,4.9387
GLOBAL,PWRSPVUSASV01,2040,4.9377
GLOBAL,PWRSPVUSASV01,2041,4.9297
GLOBAL,PWRSPVUSASV01,2042,4.9197
GLOBAL,PWRSPVUSASV01,2043,4.8427
GLOBAL,PWRSPVUSASV01,2044,4.6527
GLOBAL,PWRSPVUSASV01,2045,3.354
GLOBAL,PWRSPVUSASV01,2046,2.862
GLOBAL,PWRSPVUSASV01,2047,1.839
GLOBAL,PWRSPVUSASV01,2048,0.632
GLOBAL,PWRSPVUSASV01,2049,0.0
GLOBAL,PWRSPVUSASV01,2050,0.0
GLOBAL,PWRURNUSASV01,2021,15.922
GLOBAL,PWRURNUSASV01,2022,15.922
GLOBAL,PWRURNUSASV01,2023,15.922
GLOBAL,PWRURNUSASV01,2024,15.922
GLOBAL,PWRURNUSASV01,2025,15.922
GLOBAL,PWRURNUSASV01,2026,15.922
GLOBAL,PWRURNUSASV01,2027,15.922
GLOBAL,PWRURNUSASV01,2028,15.922
GLOBAL,PWRURNUSASV01,2029,15.922
GLOBAL,PWRURNUSASV01,2030,15.922
GLOBAL,PWRURNUSASV01,2031,15.922
GLOBAL,PWRURNUSASV01,2032,15.154
GLOBAL,PWRURNUSASV01,2033,15.154
GLOBAL,PWRURNUSASV01,2034,13.459
GLOBAL,PWRURNUSASV01,2035,10.794
GLOBAL,PWRURNUSASV01,2036,10.794
GLOBAL,PWRURNUSASV01,2037,8.79
GLOBAL,PWRURNUSASV01,2038,8.79
GLOBAL,PWRURNUSASV01,2039,8.79
GLOBAL,PWRURNUSASV01,2040,8.79
GLOBAL,PWRURNUSASV01,2041,6.83
GLOBAL,PWRURNUSASV01,2042,6.83
GLOBAL,PWRURNUSASV01,2043,6.83
GLOBAL,PWRURNUSASV01,2044,4.39
GLOBAL,PWRURNUSASV01,2045,2.41
GLOBAL,PWRURNUSASV01,2046,2.41
GLOBAL,PWRURNUSASV01,2047,0.0
GLOBAL,PWRURNUSASV01,2048,0.0
GLOBAL,PWRURNUSASV01,2049,0.0
GLOBAL,PWRURNUSASV01,2050,0.0
GLOBAL,PWRWASUSASV01,2021,1.467
GLOBAL,PWRWASUSASV01,2022,1.467
GLOBAL,PWRWASUSASV01,2023,1.325
GLOBAL,PWRWASUSASV01,2024,1.325
GLOBAL,PWRWASUSASV01,2025,1.322
GLOBAL,PWRWASUSASV01,2026,1.322
GLOBAL,PWRWASUSASV01,2027,1.322
GLOBAL,PWRWASUSASV01,2028,1.161
GLOBAL,PWRWASUSASV01,2029,1.031
GLOBAL,PWRWASUSASV01,2030,0.932
GLOBAL,PWRWASUSASV01,2031,0.924
GLOBAL,PWRWASUSASV01,2032,0.899
GLOBAL,PWRWASUSASV01,2033,0.896
GLOBAL,PWRWASUSASV01,2034,0.324
GLOBAL,PWRWASUSASV01,2035,0.31
GLOBAL,PWRWASUSASV01,2036,0.299
GLOBAL,PWRWASUSASV01,2037,0.299
GLOBAL,PWRWASUSASV01,2038,0.288
GLOBAL,PWRWASUSASV01,2039,0.249
GLOBAL,PWRWASUSASV01,2040,0.23
GLOBAL,PWRWASUSASV01,2041,0.207
GLOBAL,PWRWASUSASV01,2042,0.193
GLOBAL,PWRWASUSASV01,2043,0.145
GLOBAL,PWRWASUSASV01,2044,0.033
GLOBAL,PWRWASUSASV01,2045,0.008
GLOBAL,PWRWASUSASV01,2046,0.005
GLOBAL,PWRWASUSASV01,2047,0.005
GLOBAL,PWRWASUSASV01,2048,0.0
GLOBAL,PWRWASUSASV01,2049,0.0
GLOBAL,PWRWASUSASV01,2050,0.0
GLOBAL,PWRWONUSASV01,2021,0.208
GLOBAL,PWRWONUSASV01,2022,0.208
GLOBAL,PWRWONUSASV01,2023,0.208
GLOBAL,PWRWONUSASV01,2024,0.208
GLOBAL,PWRWONUSASV01,2025,0.208
GLOBAL,PWRWONUSASV01,2026,0.208
GLOBAL,PWRWONUSASV01,2027,0.208
GLOBAL,PWRWONUSASV01,2028,0.208
GLOBAL,PWRWONUSASV01,2029,0.208
GLOBAL,PWRWONUSASV01,2030,0.208
GLOBAL,PWRWONUSASV01,2031,0.208
GLOBAL,PWRWONUSASV01,2032,0.208
GLOBAL,PWRWONUSASV01,2033,0.208
GLOBAL,PWRWONUSASV01,2034,0.208
GLOBAL,PWRWONUSASV01,2035,0.208
GLOBAL,PWRWONUSASV01,2036,0.208
GLOBAL,PWRWONUSASV01,2037,0.208
GLOBAL,PWRWONUSASV01,2038,0.208
GLOBAL,PWRWONUSASV01,2039,0.208
GLOBAL,PWRWONUSASV01,2040,0.208
GLOBAL,PWRWONUSASV01,2041,0.208
GLOBAL,PWRWONUSASV01,2042,0.208
GLOBAL,PWRWONUSASV01,2043,0.208
GLOBAL,PWRWONUSASV01,2044,0.208
GLOBAL,PWRWONUSASV01,2045,0.208
GLOBAL,PWRWONUSASV01,2046,0.208
GLOBAL,PWRWONUSASV01,2047,0.208
GLOBAL,PWRWONUSASV01,2048,0.0
GLOBAL,PWRWONUSASV01,2049,0.0
GLOBAL,PWRWONUSASV01,2050,0.0
GLOBAL,PWRBIOUSASW01,2021,0.002
GLOBAL,PWRBIOUSASW01,2022,0.002
GLOBAL,PWRBIOUSASW01,2023,0.002
GLOBAL,PWRBIOUSASW01,2024,0.002
GLOBAL,PWRBIOUSASW01,2025,0.002
GLOBAL,PWRBIOUSASW01,2026,0.0
GLOBAL,PWRBIOUSASW01,2027,0.0
GLOBAL,PWRBIOUSASW01,2028,0.0
GLOBAL,PWRBIOUSASW01,2029,0.0
GLOBAL,PWRBIOUSASW01,2030,0.0
GLOBAL,PWRBIOUSASW01,2031,0.0
GLOBAL,PWRBIOUSASW01,2032,0.0
GLOBAL,PWRBIOUSASW01,2033,0.0
GLOBAL,PWRBIOUSASW01,2034,0.0
GLOBAL,PWRBIOUSASW01,2035,0.0
GLOBAL,PWRBIOUSASW01,2036,0.0
GLOBAL,PWRBIOUSASW01,2037,0.0
GLOBAL,PWRBIOUSASW01,2038,0.0
GLOBAL,PWRBIOUSASW01,2039,0.0
GLOBAL,PWRBIOUSASW01,2040,0.0
GLOBAL,PWRBIOUSASW01,2041,0.0
GLOBAL,PWRBIOUSASW01,2042,0.0
GLOBAL,PWRBIOUSASW01,2043,0.0
GLOBAL,PWRBIOUSASW01,2044,0.0
GLOBAL,PWRBIOUSASW01,2045,0.0
GLOBAL,PWRBIOUSASW01,2046,0.0
GLOBAL,PWRBIOUSASW01,2047,0.0
GLOBAL,PWRBIOUSASW01,2048,0.0
GLOBAL,PWRBIOUSASW01,2049,0.0
GLOBAL,PWRBIOUSASW01,2050,0.0
GLOBAL,PWRCCGUSASW00,2021,6.996
GLOBAL,PWRCCGUSASW00,2022,6.996
GLOBAL,PWRCCGUSASW00,2023,6.996
GLOBAL,PWRCCGUSASW00,2024,6.996
GLOBAL,PWRCCGUSASW00,2025,6.996
GLOBAL,PWRCCGUSASW00,2026,6.996
GLOBAL,PWRCCGUSASW00,2027,6.996
GLOBAL,PWRCCGUSASW00,2028,6.857
GLOBAL,PWRCCGUSASW00,2029,6.857
GLOBAL,PWRCCGUSASW00,2030,6.669
GLOBAL,PWRCCGUSASW00,2031,5.409
GLOBAL,PWRCCGUSASW00,2032,3.783
GLOBAL,PWRCCGUSASW00,2033,2.385
GLOBAL,PWRCCGUSASW00,2034,0.759
GLOBAL,PWRCCGUSASW00,2035,0.586
GLOBAL,PWRCCGUSASW00,2036,0.0
GLOBAL,PWRCCGUSASW00,2037,0.0
GLOBAL,PWRCCGUSASW00,2038,0.0
GLOBAL,PWRCCGUSASW00,2039,0.0
GLOBAL,PWRCCGUSASW00,2040,0.0
GLOBAL,PWRCCGUSASW00,2041,0.0
GLOBAL,PWRCCGUSASW00,2042,0.0
GLOBAL,PWRCCGUSASW00,2043,0.0
GLOBAL,PWRCCGUSASW00,2044,0.0
GLOBAL,PWRCCGUSASW00,2045,0.0
GLOBAL,PWRCCGUSASW00,2046,0.0
GLOBAL,PWRCCGUSASW00,2047,0.0
GLOBAL,PWRCCGUSASW00,2048,0.0
GLOBAL,PWRCCGUSASW00,2049,0.0
GLOBAL,PWRCCGUSASW00,2050,0.0
GLOBAL,PWRCOAUSASW01,2021,21.713
GLOBAL,PWRCOAUSASW01,2022,21.713
GLOBAL,PWRCOAUSASW01,2023,21.713
GLOBAL,PWRCOAUSASW01,2024,21.713
GLOBAL,PWRCOAUSASW01,2025,21.713
GLOBAL,PWRCOAUSASW01,2026,21.713
GLOBAL,PWRCOAUSASW01,2027,21.377
GLOBAL,PWRCOAUSASW01,2028,21.377
GLOBAL,PWRCOAUSASW01,2029,6.747
GLOBAL,PWRCOAUSASW01,2030,6.747
GLOBAL,PWRCOAUSASW01,2031,6.747
GLOBAL,PWRCOAUSASW01,2032,6.747
GLOBAL,PWRCOAUSASW01,2033,6.747
GLOBAL,PWRCOAUSASW01,2034,1.764
GLOBAL,PWRCOAUSASW01,2035,1.764
GLOBAL,PWRCOAUSASW01,2036,1.764
GLOBAL,PWRCOAUSASW01,2037,1.764
GLOBAL,PWRCOAUSASW01,2038,1.764
GLOBAL,PWRCOAUSASW01,2039,1.764
GLOBAL,PWRCOAUSASW01,2040,1.764
GLOBAL,PWRCOAUSASW01,2041,1.764
GLOBAL,PWRCOAUSASW01,2042,1.764
GLOBAL,PWRCOAUSASW01,2043,0.0
GLOBAL,PWRCOAUSASW01,2044,0.0
GLOBAL,PWRCOAUSASW01,2045,0.0
GLOBAL,PWRCOAUSASW01,2046,0.0
GLOBAL,PWRCOAUSASW01,2047,0.0
GLOBAL,PWRCOAUSASW01,2048,0.0
GLOBAL,PWRCOAUSASW01,2049,0.0
GLOBAL,PWRCOAUSASW01,2050,0.0
GLOBAL,PWRHYDUSASW01,2021,0.804
GLOBAL,PWRHYDUSASW01,2022,0.804
GLOBAL,PWRHYDUSASW01,2023,0.804
GLOBAL,PWRHYDUSASW01,2024,0.804
GLOBAL,PWRHYDUSASW01,2025,0.804
GLOBAL,PWRHYDUSASW01,2026,0.8
GLOBAL,PWRHYDUSASW01,2027,0.8
GLOBAL,PWRHYDUSASW01,2028,0.8
GLOBAL,PWRHYDUSASW01,2029,0.8
GLOBAL,PWRHYDUSASW01,2030,0.8
GLOBAL,PWRHYDUSASW01,2031,0.8
GLOBAL,PWRHYDUSASW01,2032,0.8
GLOBAL,PWRHYDUSASW01,2033,0.8
GLOBAL,PWRHYDUSASW01,2034,0.675
GLOBAL,PWRHYDUSASW01,2035,0.675
GLOBAL,PWRHYDUSASW01,2036,0.675
GLOBAL,PWRHYDUSASW01,2037,0.467
GLOBAL,PWRHYDUSASW01,2038,0.467
GLOBAL,PWRHYDUSASW01,2039,0.467
GLOBAL,PWRHYDUSASW01,2040,0.467
GLOBAL,PWRHYDUSASW01,2041,0.467
GLOBAL,PWRHYDUSASW01,2042,0.467
GLOBAL,PWRHYDUSASW01,2043,0.467
GLOBAL,PWRHYDUSASW01,2044,0.467
GLOBAL,PWRHYDUSASW01,2045,0.467
GLOBAL,PWRHYDUSASW01,2046,0.467
GLOBAL,PWRHYDUSASW01,2047,0.467
GLOBAL,PWRHYDUSASW01,2048,0.467
GLOBAL,PWRHYDUSASW01,2049,0.467
GLOBAL,PWRHYDUSASW01,2050,0.467
GLOBAL,PWROCGUSASW00,2021,1.054
GLOBAL,PWROCGUSASW00,2022,1.02
GLOBAL,PWROCGUSASW00,2023,1.018
GLOBAL,PWROCGUSASW00,2024,1.018
GLOBAL,PWROCGUSASW00,2025,1.018
GLOBAL,PWROCGUSASW00,2026,1.018
GLOBAL,PWROCGUSASW00,2027,1.018
GLOBAL,PWROCGUSASW00,2028,1.018
GLOBAL,PWROCGUSASW00,2029,0.567
GLOBAL,PWROCGUSASW00,2030,0.408
GLOBAL,PWROCGUSASW00,2031,0.29
GLOBAL,PWROCGUSASW00,2032,0.29
GLOBAL,PWROCGUSASW00,2033,0.29
GLOBAL,PWROCGUSASW00,2034,0.125
GLOBAL,PWROCGUSASW00,2035,0.125
GLOBAL,PWROCGUSASW00,2036,0.041
GLOBAL,PWROCGUSASW00,2037,0.041
GLOBAL,PWROCGUSASW00,2038,0.028
GLOBAL,PWROCGUSASW00,2039,0.028
GLOBAL,PWROCGUSASW00,2040,0.028
GLOBAL,PWROCGUSASW00,2041,0.028
GLOBAL,PWROCGUSASW00,2042,0.028
GLOBAL,PWROCGUSASW00,2043,0.028
GLOBAL,PWROCGUSASW00,2044,0.028
GLOBAL,PWROCGUSASW00,2045,0.028
GLOBAL,PWROCGUSASW00,2046,0.0
GLOBAL,PWROCGUSASW00,2047,0.0
GLOBAL,PWROCGUSASW00,2048,0.0
GLOBAL,PWROCGUSASW00,2049,0.0
GLOBAL,PWROCGUSASW00,2050,0.0
GLOBAL,PWROILUSASW01,2021,0.87
GLOBAL,PWROILUSASW01,2022,0.87
GLOBAL,PWROILUSASW01,2023,0.86
GLOBAL,PWROILUSASW01,2024,0.85
GLOBAL,PWROILUSASW01,2025,0.843
GLOBAL,PWROILUSASW01,2026,0.843
GLOBAL,PWROILUSASW01,2027,0.75
GLOBAL,PWROILUSASW01,2028,0.75
GLOBAL,PWROILUSASW01,2029,0.502
GLOBAL,PWROILUSASW01,2030,0.502
GLOBAL,PWROILUSASW01,2031,0.488
GLOBAL,PWROILUSASW01,2032,0.471
GLOBAL,PWROILUSASW01,2033,0.434
GLOBAL,PWROILUSASW01,2034,0.008
GLOBAL,PWROILUSASW01,2035,0.004
GLOBAL,PWROILUSASW01,2036,0.004
GLOBAL,PWROILUSASW01,2037,0.004
GLOBAL,PWROILUSASW01,2038,0.004
GLOBAL,PWROILUSASW01,2039,0.004
GLOBAL,PWROILUSASW01,2040,0.004
GLOBAL,PWROILUSASW01,2041,0.004
GLOBAL,PWROILUSASW01,2042,0.004
GLOBAL,PWROILUSASW01,2043,0.004
GLOBAL,PWROILUSASW01,2044,0.0
GLOBAL,PWROILUSASW01,2045,0.0
GLOBAL,PWROILUSASW01,2046,0.0
GLOBAL,PWROILUSASW01,2047,0.0
GLOBAL,PWROILUSASW01,2048,0.0
GLOBAL,PWROILUSASW01,2049,0.0
GLOBAL,PWROILUSASW01,2050,0.0
GLOBAL,PWROTHUSASW01,2021,0.078
GLOBAL,PWROTHUSASW01,2022,0.078
GLOBAL,PWROTHUSASW01,2023,0.078
GLOBAL,PWROTHUSASW01,2024,0.078
GLOBAL,PWROTHUSASW01,2025,0.078
GLOBAL,PWROTHUSASW01,2026,0.078
GLOBAL,PWROTHUSASW01,2027,0.078
GLOBAL,PWROTHUSASW01,2028,0.078
GLOBAL,PWROTHUSASW01,2029,0.078
GLOBAL,PWROTHUSASW01,2030,0.078
GLOBAL,PWROTHUSASW01,2031,0.078
GLOBAL,PWROTHUSASW01,2032,0.078
GLOBAL,PWROTHUSASW01,2033,0.078
GLOBAL,PWROTHUSASW01,2034,0.078
GLOBAL,PWROTHUSASW01,2035,0.078
GLOBAL,PWROTHUSASW01,2036,0.078
GLOBAL,PWROTHUSASW01,2037,0.078
GLOBAL,PWROTHUSASW01,2038,0.078
GLOBAL,PWROTHUSASW01,2039,0.078
GLOBAL,PWROTHUSASW01,2040,0.078
GLOBAL,PWROTHUSASW01,2041,0.0
GLOBAL,PWROTHUSASW01,2042,0.0
GLOBAL,PWROTHUSASW01,2043,0.0
GLOBAL,PWROTHUSASW01,2044,0.0
GLOBAL,PWROTHUSASW01,2045,0.0
GLOBAL,PWROTHUSASW01,2046,0.0
GLOBAL,PWROTHUSASW01,2047,0.0
GLOBAL,PWROTHUSASW01,2048,0.0
GLOBAL,PWROTHUSASW01,2049,0.0
GLOBAL,PWROTHUSASW01,2050,0.0
GLOBAL,PWRSPVUSASW01,2021,0.018
GLOBAL,PWRSPVUSASW01,2022,0.018
GLOBAL,PWRSPVUSASW01,2023,0.018
GLOBAL,PWRSPVUSASW01,2024,0.018
GLOBAL,PWRSPVUSASW01,2025,0.018
GLOBAL,PWRSPVUSASW01,2026,0.018
GLOBAL,PWRSPVUSASW01,2027,0.018
GLOBAL,PWRSPVUSASW01,2028,0.018
GLOBAL,PWRSPVUSASW01,2029,0.018
GLOBAL,PWRSPVUSASW01,2030,0.018
GLOBAL,PWRSPVUSASW01,2031,0.018
GLOBAL,PWRSPVUSASW01,2032,0.018
GLOBAL,PWRSPVUSASW01,2033,0.018
GLOBAL,PWRSPVUSASW01,2034,0.018
GLOBAL,PWRSPVUSASW01,2035,0.018
GLOBAL,PWRSPVUSASW01,2036,0.018
GLOBAL,PWRSPVUSASW01,2037,0.018
GLOBAL,PWRSPVUSASW01,2038,0.018
GLOBAL,PWRSPVUSASW01,2039,0.018
GLOBAL,PWRSPVUSASW01,2040,0.018
GLOBAL,PWRSPVUSASW01,2041,0.018
GLOBAL,PWRSPVUSASW01,2042,0.018
GLOBAL,PWRSPVUSASW01,2043,0.018
GLOBAL,PWRSPVUSASW01,2044,0.018
GLOBAL,PWRSPVUSASW01,2045,0.018
GLOBAL,PWRSPVUSASW01,2046,0.009
GLOBAL,PWRSPVUSASW01,2047,0.003
GLOBAL,PWRSPVUSASW01,2048,0.0
GLOBAL,PWRSPVUSASW01,2049,0.0
GLOBAL,PWRSPVUSASW01,2050,0.0
GLOBAL,PWRURNUSASW01,2021,2.374
GLOBAL,PWRURNUSASW01,2022,2.374
GLOBAL,PWRURNUSASW01,2023,2.374
GLOBAL,PWRURNUSASW01,2024,2.374
GLOBAL,PWRURNUSASW01,2025,2.374
GLOBAL,PWRURNUSASW01,2026,2.374
GLOBAL,PWRURNUSASW01,2027,2.374
GLOBAL,PWRURNUSASW01,2028,2.374
GLOBAL,PWRURNUSASW01,2029,2.374
GLOBAL,PWRURNUSASW01,2030,2.374
GLOBAL,PWRURNUSASW01,2031,2.374
GLOBAL,PWRURNUSASW01,2032,2.374
GLOBAL,PWRURNUSASW01,2033,2.374
GLOBAL,PWRURNUSASW01,2034,2.374
GLOBAL,PWRURNUSASW01,2035,2.374
GLOBAL,PWRURNUSASW01,2036,2.374
GLOBAL,PWRURNUSASW01,2037,2.374
GLOBAL,PWRURNUSASW01,2038,2.374
GLOBAL,PWRURNUSASW01,2039,2.374
GLOBAL,PWRURNUSASW01,2040,2.374
GLOBAL,PWRURNUSASW01,2041,2.374
GLOBAL,PWRURNUSASW01,2042,2.374
GLOBAL,PWRURNUSASW01,2043,2.374
GLOBAL,PWRURNUSASW01,2044,2.374
GLOBAL,PWRURNUSASW01,2045,2.374
GLOBAL,PWRURNUSASW01,2046,1.138
GLOBAL,PWRURNUSASW01,2047,1.138
GLOBAL,PWRURNUSASW01,2048,0.0
GLOBAL,PWRURNUSASW01,2049,0.0
GLOBAL,PWRURNUSASW01,2050,0.0
GLOBAL,PWRWASUSASW01,2021,0.032
GLOBAL,PWRWASUSASW01,2022,0.032
GLOBAL,PWRWASUSASW01,2023,0.028
GLOBAL,PWRWASUSASW01,2024,0.028
GLOBAL,PWRWASUSASW01,2025,0.028
GLOBAL,PWRWASUSASW01,2026,0.028
GLOBAL,PWRWASUSASW01,2027,0.028
GLOBAL,PWRWASUSASW01,2028,0.028
GLOBAL,PWRWASUSASW01,2029,0.028
GLOBAL,PWRWASUSASW01,2030,0.028
GLOBAL,PWRWASUSASW01,2031,0.013
GLOBAL,PWRWASUSASW01,2032,0.013
GLOBAL,PWRWASUSASW01,2033,0.013
GLOBAL,PWRWASUSASW01,2034,0.013
GLOBAL,PWRWASUSASW01,2035,0.013
GLOBAL,PWRWASUSASW01,2036,0.013
GLOBAL,PWRWASUSASW01,2037,0.01
GLOBAL,PWRWASUSASW01,2038,0.01
GLOBAL,PWRWASUSASW01,2039,0.007
GLOBAL,PWRWASUSASW01,2040,0.004
GLOBAL,PWRWASUSASW01,2041,0.004
GLOBAL,PWRWASUSASW01,2042,0.004
GLOBAL,PWRWASUSASW01,2043,0.004
GLOBAL,PWRWASUSASW01,2044,0.004
GLOBAL,PWRWASUSASW01,2045,0.004
GLOBAL,PWRWASUSASW01,2046,0.0
GLOBAL,PWRWASUSASW01,2047,0.0
GLOBAL,PWRWASUSASW01,2048,0.0
GLOBAL,PWRWASUSASW01,2049,0.0
GLOBAL,PWRWASUSASW01,2050,0.0
GLOBAL,PWRWONUSASW01,2021,3.4286
GLOBAL,PWRWONUSASW01,2022,3.4286
GLOBAL,PWRWONUSASW01,2023,3.4286
GLOBAL,PWRWONUSASW01,2024,3.4286
GLOBAL,PWRWONUSASW01,2025,3.4286
GLOBAL,PWRWONUSASW01,2026,3.4286
GLOBAL,PWRWONUSASW01,2027,3.4286
GLOBAL,PWRWONUSASW01,2028,3.4286
GLOBAL,PWRWONUSASW01,2029,3.4286
GLOBAL,PWRWONUSASW01,2030,3.4286
GLOBAL,PWRWONUSASW01,2031,3.4286
GLOBAL,PWRWONUSASW01,2032,3.4286
GLOBAL,PWRWONUSASW01,2033,3.4286
GLOBAL,PWRWONUSASW01,2034,3.4286
GLOBAL,PWRWONUSASW01,2035,3.4286
GLOBAL,PWRWONUSASW01,2036,3.4266
GLOBAL,PWRWONUSASW01,2037,3.3736
GLOBAL,PWRWONUSASW01,2038,3.1676
GLOBAL,PWRWONUSASW01,2039,2.6166
GLOBAL,PWRWONUSASW01,2040,2.427
GLOBAL,PWRWONUSASW01,2041,2.127
GLOBAL,PWRWONUSASW01,2042,1.585
GLOBAL,PWRWONUSASW01,2043,0.952
GLOBAL,PWRWONUSASW01,2044,0.735
GLOBAL,PWRWONUSASW01,2045,0.735
GLOBAL,PWRWONUSASW01,2046,0.462
GLOBAL,PWRWONUSASW01,2047,0.462
GLOBAL,PWRWONUSASW01,2048,0.278
GLOBAL,PWRWONUSASW01,2049,0.0
GLOBAL,PWRWONUSASW01,2050,0.0
GLOBAL,PWRCCGUZBXX00,2021,8.522
GLOBAL,PWRCCGUZBXX00,2022,8.522
GLOBAL,PWRCCGUZBXX00,2023,8.522
GLOBAL,PWRCCGUZBXX00,2024,8.522
GLOBAL,PWRCCGUZBXX00,2025,6.762
GLOBAL,PWRCCGUZBXX00,2026,6.762
GLOBAL,PWRCCGUZBXX00,2027,6.762
GLOBAL,PWRCCGUZBXX00,2028,6.762
GLOBAL,PWRCCGUZBXX00,2029,3.032
GLOBAL,PWRCCGUZBXX00,2030,3.032
GLOBAL,PWRCCGUZBXX00,2031,3.032
GLOBAL,PWRCCGUZBXX00,2032,3.032
GLOBAL,PWRCCGUZBXX00,2033,3.032
GLOBAL,PWRCCGUZBXX00,2034,3.032
GLOBAL,PWRCCGUZBXX00,2035,3.032
GLOBAL,PWRCCGUZBXX00,2036,3.032
GLOBAL,PWRCCGUZBXX00,2037,3.032
GLOBAL,PWRCCGUZBXX00,2038,3.032
GLOBAL,PWRCCGUZBXX00,2039,0.8
GLOBAL,PWRCCGUZBXX00,2040,0.8
GLOBAL,PWRCCGUZBXX00,2041,0.8
GLOBAL,PWRCCGUZBXX00,2042,0.8
GLOBAL,PWRCCGUZBXX00,2043,0.8
GLOBAL,PWRCCGUZBXX00,2044,0.8
GLOBAL,PWRCCGUZBXX00,2045,0.0
GLOBAL,PWRCCGUZBXX00,2046,0.0
GLOBAL,PWRCCGUZBXX00,2047,0.0
GLOBAL,PWRCCGUZBXX00,2048,0.0
GLOBAL,PWRCCGUZBXX00,2049,0.0
GLOBAL,PWRCCGUZBXX00,2050,0.0
GLOBAL,PWRCOAUZBXX01,2021,2.522
GLOBAL,PWRCOAUZBXX01,2022,2.522
GLOBAL,PWRCOAUZBXX01,2023,2.522
GLOBAL,PWRCOAUZBXX01,2024,2.522
GLOBAL,PWRCOAUZBXX01,2025,2.522
GLOBAL,PWRCOAUZBXX01,2026,2.522
GLOBAL,PWRCOAUZBXX01,2027,2.522
GLOBAL,PWRCOAUZBXX01,2028,2.522
GLOBAL,PWRCOAUZBXX01,2029,2.1
GLOBAL,PWRCOAUZBXX01,2030,2.1
GLOBAL,PWRCOAUZBXX01,2031,2.1
GLOBAL,PWRCOAUZBXX01,2032,2.1
GLOBAL,PWRCOAUZBXX01,2033,2.1
GLOBAL,PWRCOAUZBXX01,2034,0.0
GLOBAL,PWRCOAUZBXX01,2035,0.0
GLOBAL,PWRCOAUZBXX01,2036,0.0
GLOBAL,PWRCOAUZBXX01,2037,0.0
GLOBAL,PWRCOAUZBXX01,2038,0.0
GLOBAL,PWRCOAUZBXX01,2039,0.0
GLOBAL,PWRCOAUZBXX01,2040,0.0
GLOBAL,PWRCOAUZBXX01,2041,0.0
GLOBAL,PWRCOAUZBXX01,2042,0.0
GLOBAL,PWRCOAUZBXX01,2043,0.0
GLOBAL,PWRCOAUZBXX01,2044,0.0
GLOBAL,PWRCOAUZBXX01,2045,0.0
GLOBAL,PWRCOAUZBXX01,2046,0.0
GLOBAL,PWRCOAUZBXX01,2047,0.0
GLOBAL,PWRCOAUZBXX01,2048,0.0
GLOBAL,PWRCOAUZBXX01,2049,0.0
GLOBAL,PWRCOAUZBXX01,2050,0.0
GLOBAL,PWRHYDUZBXX01,2021,1.76
GLOBAL,PWRHYDUZBXX01,2022,1.76
GLOBAL,PWRHYDUZBXX01,2023,1.76
GLOBAL,PWRHYDUZBXX01,2024,1.76
GLOBAL,PWRHYDUZBXX01,2025,1.76
GLOBAL,PWRHYDUZBXX01,2026,1.76
GLOBAL,PWRHYDUZBXX01,2027,1.76
GLOBAL,PWRHYDUZBXX01,2028,1.76
GLOBAL,PWRHYDUZBXX01,2029,1.76
GLOBAL,PWRHYDUZBXX01,2030,1.76
GLOBAL,PWRHYDUZBXX01,2031,1.76
GLOBAL,PWRHYDUZBXX01,2032,1.76
GLOBAL,PWRHYDUZBXX01,2033,1.76
GLOBAL,PWRHYDUZBXX01,2034,1.76
GLOBAL,PWRHYDUZBXX01,2035,1.76
GLOBAL,PWRHYDUZBXX01,2036,1.76
GLOBAL,PWRHYDUZBXX01,2037,1.76
GLOBAL,PWRHYDUZBXX01,2038,1.76
GLOBAL,PWRHYDUZBXX01,2039,1.76
GLOBAL,PWRHYDUZBXX01,2040,1.76
GLOBAL,PWRHYDUZBXX01,2041,1.76
GLOBAL,PWRHYDUZBXX01,2042,1.76
GLOBAL,PWRHYDUZBXX01,2043,1.76
GLOBAL,PWRHYDUZBXX01,2044,1.76
GLOBAL,PWRHYDUZBXX01,2045,1.76
GLOBAL,PWRHYDUZBXX01,2046,1.76
GLOBAL,PWRHYDUZBXX01,2047,1.76
GLOBAL,PWRHYDUZBXX01,2048,1.76
GLOBAL,PWRHYDUZBXX01,2049,1.76
GLOBAL,PWRHYDUZBXX01,2050,1.634
GLOBAL,PWROCGUZBXX00,2021,0.06
GLOBAL,PWROCGUZBXX00,2022,0.06
GLOBAL,PWROCGUZBXX00,2023,0.06
GLOBAL,PWROCGUZBXX00,2024,0.06
GLOBAL,PWROCGUZBXX00,2025,0.06
GLOBAL,PWROCGUZBXX00,2026,0.06
GLOBAL,PWROCGUZBXX00,2027,0.06
GLOBAL,PWROCGUZBXX00,2028,0.06
GLOBAL,PWROCGUZBXX00,2029,0.06
GLOBAL,PWROCGUZBXX00,2030,0.06
GLOBAL,PWROCGUZBXX00,2031,0.06
GLOBAL,PWROCGUZBXX00,2032,0.06
GLOBAL,PWROCGUZBXX00,2033,0.06
GLOBAL,PWROCGUZBXX00,2034,0.0
GLOBAL,PWROCGUZBXX00,2035,0.0
GLOBAL,PWROCGUZBXX00,2036,0.0
GLOBAL,PWROCGUZBXX00,2037,0.0
GLOBAL,PWROCGUZBXX00,2038,0.0
GLOBAL,PWROCGUZBXX00,2039,0.0
GLOBAL,PWROCGUZBXX00,2040,0.0
GLOBAL,PWROCGUZBXX00,2041,0.0
GLOBAL,PWROCGUZBXX00,2042,0.0
GLOBAL,PWROCGUZBXX00,2043,0.0
GLOBAL,PWROCGUZBXX00,2044,0.0
GLOBAL,PWROCGUZBXX00,2045,0.0
GLOBAL,PWROCGUZBXX00,2046,0.0
GLOBAL,PWROCGUZBXX00,2047,0.0
GLOBAL,PWROCGUZBXX00,2048,0.0
GLOBAL,PWROCGUZBXX00,2049,0.0
GLOBAL,PWROCGUZBXX00,2050,0.0
GLOBAL,PWROILUZBXX01,2021,0.3
GLOBAL,PWROILUZBXX01,2022,0.3
GLOBAL,PWROILUZBXX01,2023,0.3
GLOBAL,PWROILUZBXX01,2024,0.3
GLOBAL,PWROILUZBXX01,2025,0.3
GLOBAL,PWROILUZBXX01,2026,0.3
GLOBAL,PWROILUZBXX01,2027,0.3
GLOBAL,PWROILUZBXX01,2028,0.3
GLOBAL,PWROILUZBXX01,2029,0.0
GLOBAL,PWROILUZBXX01,2030,0.0
GLOBAL,PWROILUZBXX01,2031,0.0
GLOBAL,PWROILUZBXX01,2032,0.0
GLOBAL,PWROILUZBXX01,2033,0.0
GLOBAL,PWROILUZBXX01,2034,0.0
GLOBAL,PWROILUZBXX01,2035,0.0
GLOBAL,PWROILUZBXX01,2036,0.0
GLOBAL,PWROILUZBXX01,2037,0.0
GLOBAL,PWROILUZBXX01,2038,0.0
GLOBAL,PWROILUZBXX01,2039,0.0
GLOBAL,PWROILUZBXX01,2040,0.0
GLOBAL,PWROILUZBXX01,2041,0.0
GLOBAL,PWROILUZBXX01,2042,0.0
GLOBAL,PWROILUZBXX01,2043,0.0
GLOBAL,PWROILUZBXX01,2044,0.0
GLOBAL,PWROILUZBXX01,2045,0.0
GLOBAL,PWROILUZBXX01,2046,0.0
GLOBAL,PWROILUZBXX01,2047,0.0
GLOBAL,PWROILUZBXX01,2048,0.0
GLOBAL,PWROILUZBXX01,2049,0.0
GLOBAL,PWROILUZBXX01,2050,0.0
GLOBAL,PWRCCGVENXX00,2021,12.577
GLOBAL,PWRCCGVENXX00,2022,12.577
GLOBAL,PWRCCGVENXX00,2023,12.577
GLOBAL,PWRCCGVENXX00,2024,12.577
GLOBAL,PWRCCGVENXX00,2025,2.776
GLOBAL,PWRCCGVENXX00,2026,2.776
GLOBAL,PWRCCGVENXX00,2027,2.776
GLOBAL,PWRCCGVENXX00,2028,2.776
GLOBAL,PWRCCGVENXX00,2029,1.056
GLOBAL,PWRCCGVENXX00,2030,1.056
GLOBAL,PWRCCGVENXX00,2031,1.056
GLOBAL,PWRCCGVENXX00,2032,1.056
GLOBAL,PWRCCGVENXX00,2033,1.056
GLOBAL,PWRCCGVENXX00,2034,1.056
GLOBAL,PWRCCGVENXX00,2035,1.056
GLOBAL,PWRCCGVENXX00,2036,1.056
GLOBAL,PWRCCGVENXX00,2037,1.056
GLOBAL,PWRCCGVENXX00,2038,1.056
GLOBAL,PWRCCGVENXX00,2039,1.056
GLOBAL,PWRCCGVENXX00,2040,1.056
GLOBAL,PWRCCGVENXX00,2041,1.056
GLOBAL,PWRCCGVENXX00,2042,0.606
GLOBAL,PWRCCGVENXX00,2043,0.0
GLOBAL,PWRCCGVENXX00,2044,0.0
GLOBAL,PWRCCGVENXX00,2045,0.0
GLOBAL,PWRCCGVENXX00,2046,0.0
GLOBAL,PWRCCGVENXX00,2047,0.0
GLOBAL,PWRCCGVENXX00,2048,0.0
GLOBAL,PWRCCGVENXX00,2049,0.0
GLOBAL,PWRCCGVENXX00,2050,0.0
GLOBAL,PWRHYDVENXX01,2021,17.665
GLOBAL,PWRHYDVENXX01,2022,17.665
GLOBAL,PWRHYDVENXX01,2023,17.665
GLOBAL,PWRHYDVENXX01,2024,17.665
GLOBAL,PWRHYDVENXX01,2025,17.665
GLOBAL,PWRHYDVENXX01,2026,17.665
GLOBAL,PWRHYDVENXX01,2027,17.665
GLOBAL,PWRHYDVENXX01,2028,17.665
GLOBAL,PWRHYDVENXX01,2029,17.665
GLOBAL,PWRHYDVENXX01,2030,17.665
GLOBAL,PWRHYDVENXX01,2031,17.665
GLOBAL,PWRHYDVENXX01,2032,17.665
GLOBAL,PWRHYDVENXX01,2033,17.665
GLOBAL,PWRHYDVENXX01,2034,17.665
GLOBAL,PWRHYDVENXX01,2035,17.665
GLOBAL,PWRHYDVENXX01,2036,17.665
GLOBAL,PWRHYDVENXX01,2037,17.665
GLOBAL,PWRHYDVENXX01,2038,17.665
GLOBAL,PWRHYDVENXX01,2039,17.665
GLOBAL,PWRHYDVENXX01,2040,17.665
GLOBAL,PWRHYDVENXX01,2041,17.665
GLOBAL,PWRHYDVENXX01,2042,17.665
GLOBAL,PWRHYDVENXX01,2043,17.665
GLOBAL,PWRHYDVENXX01,2044,17.665
GLOBAL,PWRHYDVENXX01,2045,17.665
GLOBAL,PWRHYDVENXX01,2046,17.665
GLOBAL,PWRHYDVENXX01,2047,17.665
GLOBAL,PWRHYDVENXX01,2048,17.665
GLOBAL,PWRHYDVENXX01,2049,17.665
GLOBAL,PWRHYDVENXX01,2050,17.665
GLOBAL,PWROCGVENXX00,2021,0.855
GLOBAL,PWROCGVENXX00,2022,0.855
GLOBAL,PWROCGVENXX00,2023,0.855
GLOBAL,PWROCGVENXX00,2024,0.855
GLOBAL,PWROCGVENXX00,2025,0.31
GLOBAL,PWROCGVENXX00,2026,0.31
GLOBAL,PWROCGVENXX00,2027,0.31
GLOBAL,PWROCGVENXX00,2028,0.31
GLOBAL,PWROCGVENXX00,2029,0.135
GLOBAL,PWROCGVENXX00,2030,0.135
GLOBAL,PWROCGVENXX00,2031,0.135
GLOBAL,PWROCGVENXX00,2032,0.135
GLOBAL,PWROCGVENXX00,2033,0.135
GLOBAL,PWROCGVENXX00,2034,0.135
GLOBAL,PWROCGVENXX00,2035,0.135
GLOBAL,PWROCGVENXX00,2036,0.135
GLOBAL,PWROCGVENXX00,2037,0.115
GLOBAL,PWROCGVENXX00,2038,0.115
GLOBAL,PWROCGVENXX00,2039,0.115
GLOBAL,PWROCGVENXX00,2040,0.115
GLOBAL,PWROCGVENXX00,2041,0.115
GLOBAL,PWROCGVENXX00,2042,0.115
GLOBAL,PWROCGVENXX00,2043,0.115
GLOBAL,PWROCGVENXX00,2044,0.0
GLOBAL,PWROCGVENXX00,2045,0.0
GLOBAL,PWROCGVENXX00,2046,0.0
GLOBAL,PWROCGVENXX00,2047,0.0
GLOBAL,PWROCGVENXX00,2048,0.0
GLOBAL,PWROCGVENXX00,2049,0.0
GLOBAL,PWROCGVENXX00,2050,0.0
GLOBAL,PWROILVENXX01,2021,3.57
GLOBAL,PWROILVENXX01,2022,3.57
GLOBAL,PWROILVENXX01,2023,3.57
GLOBAL,PWROILVENXX01,2024,3.57
GLOBAL,PWROILVENXX01,2025,3.57
GLOBAL,PWROILVENXX01,2026,3.57
GLOBAL,PWROILVENXX01,2027,0.0
GLOBAL,PWROILVENXX01,2028,0.0
GLOBAL,PWROILVENXX01,2029,0.0
GLOBAL,PWROILVENXX01,2030,0.0
GLOBAL,PWROILVENXX01,2031,0.0
GLOBAL,PWROILVENXX01,2032,0.0
GLOBAL,PWROILVENXX01,2033,0.0
GLOBAL,PWROILVENXX01,2034,0.0
GLOBAL,PWROILVENXX01,2035,0.0
GLOBAL,PWROILVENXX01,2036,0.0
GLOBAL,PWROILVENXX01,2037,0.0
GLOBAL,PWROILVENXX01,2038,0.0
GLOBAL,PWROILVENXX01,2039,0.0
GLOBAL,PWROILVENXX01,2040,0.0
GLOBAL,PWROILVENXX01,2041,0.0
GLOBAL,PWROILVENXX01,2042,0.0
GLOBAL,PWROILVENXX01,2043,0.0
GLOBAL,PWROILVENXX01,2044,0.0
GLOBAL,PWROILVENXX01,2045,0.0
GLOBAL,PWROILVENXX01,2046,0.0
GLOBAL,PWROILVENXX01,2047,0.0
GLOBAL,PWROILVENXX01,2048,0.0
GLOBAL,PWROILVENXX01,2049,0.0
GLOBAL,PWROILVENXX01,2050,0.0
GLOBAL,PWRWONVENXX01,2021,0.03
GLOBAL,PWRWONVENXX01,2022,0.03
GLOBAL,PWRWONVENXX01,2023,0.03
GLOBAL,PWRWONVENXX01,2024,0.03
GLOBAL,PWRWONVENXX01,2025,0.03
GLOBAL,PWRWONVENXX01,2026,0.03
GLOBAL,PWRWONVENXX01,2027,0.03
GLOBAL,PWRWONVENXX01,2028,0.03
GLOBAL,PWRWONVENXX01,2029,0.03
GLOBAL,PWRWONVENXX01,2030,0.03
GLOBAL,PWRWONVENXX01,2031,0.03
GLOBAL,PWRWONVENXX01,2032,0.03
GLOBAL,PWRWONVENXX01,2033,0.03
GLOBAL,PWRWONVENXX01,2034,0.03
GLOBAL,PWRWONVENXX01,2035,0.03
GLOBAL,PWRWONVENXX01,2036,0.03
GLOBAL,PWRWONVENXX01,2037,0.03
GLOBAL,PWRWONVENXX01,2038,0.03
GLOBAL,PWRWONVENXX01,2039,0.03
GLOBAL,PWRWONVENXX01,2040,0.0
GLOBAL,PWRWONVENXX01,2041,0.0
GLOBAL,PWRWONVENXX01,2042,0.0
GLOBAL,PWRWONVENXX01,2043,0.0
GLOBAL,PWRWONVENXX01,2044,0.0
GLOBAL,PWRWONVENXX01,2045,0.0
GLOBAL,PWRWONVENXX01,2046,0.0
GLOBAL,PWRWONVENXX01,2047,0.0
GLOBAL,PWRWONVENXX01,2048,0.0
GLOBAL,PWRWONVENXX01,2049,0.0
GLOBAL,PWRWONVENXX01,2050,0.0
GLOBAL,PWRBIOVNMXX01,2021,0.255
GLOBAL,PWRBIOVNMXX01,2022,0.255
GLOBAL,PWRBIOVNMXX01,2023,0.255
GLOBAL,PWRBIOVNMXX01,2024,0.255
GLOBAL,PWRBIOVNMXX01,2025,0.255
GLOBAL,PWRBIOVNMXX01,2026,0.255
GLOBAL,PWRBIOVNMXX01,2027,0.255
GLOBAL,PWRBIOVNMXX01,2028,0.255
GLOBAL,PWRBIOVNMXX01,2029,0.255
GLOBAL,PWRBIOVNMXX01,2030,0.255
GLOBAL,PWRBIOVNMXX01,2031,0.255
GLOBAL,PWRBIOVNMXX01,2032,0.0
GLOBAL,PWRBIOVNMXX01,2033,0.0
GLOBAL,PWRBIOVNMXX01,2034,0.0
GLOBAL,PWRBIOVNMXX01,2035,0.0
GLOBAL,PWRBIOVNMXX01,2036,0.0
GLOBAL,PWRBIOVNMXX01,2037,0.0
GLOBAL,PWRBIOVNMXX01,2038,0.0
GLOBAL,PWRBIOVNMXX01,2039,0.0
GLOBAL,PWRBIOVNMXX01,2040,0.0
GLOBAL,PWRBIOVNMXX01,2041,0.0
GLOBAL,PWRBIOVNMXX01,2042,0.0
GLOBAL,PWRBIOVNMXX01,2043,0.0
GLOBAL,PWRBIOVNMXX01,2044,0.0
GLOBAL,PWRBIOVNMXX01,2045,0.0
GLOBAL,PWRBIOVNMXX01,2046,0.0
GLOBAL,PWRBIOVNMXX01,2047,0.0
GLOBAL,PWRBIOVNMXX01,2048,0.0
GLOBAL,PWRBIOVNMXX01,2049,0.0
GLOBAL,PWRBIOVNMXX01,2050,0.0
GLOBAL,PWRCCGVNMXX00,2021,8.2015
GLOBAL,PWRCCGVNMXX00,2022,8.2015
GLOBAL,PWRCCGVNMXX00,2023,8.2015
GLOBAL,PWRCCGVNMXX00,2024,8.2015
GLOBAL,PWRCCGVNMXX00,2025,0.0
GLOBAL,PWRCCGVNMXX00,2026,0.0
GLOBAL,PWRCCGVNMXX00,2027,0.0
GLOBAL,PWRCCGVNMXX00,2028,0.0
GLOBAL,PWRCCGVNMXX00,2029,0.0
GLOBAL,PWRCCGVNMXX00,2030,0.0
GLOBAL,PWRCCGVNMXX00,2031,0.0
GLOBAL,PWRCCGVNMXX00,2032,0.0
GLOBAL,PWRCCGVNMXX00,2033,0.0
GLOBAL,PWRCCGVNMXX00,2034,0.0
GLOBAL,PWRCCGVNMXX00,2035,0.0
GLOBAL,PWRCCGVNMXX00,2036,0.0
GLOBAL,PWRCCGVNMXX00,2037,0.0
GLOBAL,PWRCCGVNMXX00,2038,0.0
GLOBAL,PWRCCGVNMXX00,2039,0.0
GLOBAL,PWRCCGVNMXX00,2040,0.0
GLOBAL,PWRCCGVNMXX00,2041,0.0
GLOBAL,PWRCCGVNMXX00,2042,0.0
GLOBAL,PWRCCGVNMXX00,2043,0.0
GLOBAL,PWRCCGVNMXX00,2044,0.0
GLOBAL,PWRCCGVNMXX00,2045,0.0
GLOBAL,PWRCCGVNMXX00,2046,0.0
GLOBAL,PWRCCGVNMXX00,2047,0.0
GLOBAL,PWRCCGVNMXX00,2048,0.0
GLOBAL,PWRCCGVNMXX00,2049,0.0
GLOBAL,PWRCCGVNMXX00,2050,0.0
GLOBAL,PWRCOAVNMXX01,2021,14.9348
GLOBAL,PWRCOAVNMXX01,2022,14.9348
GLOBAL,PWRCOAVNMXX01,2023,14.9348
GLOBAL,PWRCOAVNMXX01,2024,14.9348
GLOBAL,PWRCOAVNMXX01,2025,14.9348
GLOBAL,PWRCOAVNMXX01,2026,14.9348
GLOBAL,PWRCOAVNMXX01,2027,14.9348
GLOBAL,PWRCOAVNMXX01,2028,0.72
GLOBAL,PWRCOAVNMXX01,2029,0.72
GLOBAL,PWRCOAVNMXX01,2030,0.72
GLOBAL,PWRCOAVNMXX01,2031,0.72
GLOBAL,PWRCOAVNMXX01,2032,0.72
GLOBAL,PWRCOAVNMXX01,2033,0.72
GLOBAL,PWRCOAVNMXX01,2034,0.72
GLOBAL,PWRCOAVNMXX01,2035,0.72
GLOBAL,PWRCOAVNMXX01,2036,0.72
GLOBAL,PWRCOAVNMXX01,2037,0.72
GLOBAL,PWRCOAVNMXX01,2038,0.72
GLOBAL,PWRCOAVNMXX01,2039,0.72
GLOBAL,PWRCOAVNMXX01,2040,0.72
GLOBAL,PWRCOAVNMXX01,2041,0.72
GLOBAL,PWRCOAVNMXX01,2042,0.72
GLOBAL,PWRCOAVNMXX01,2043,0.72
GLOBAL,PWRCOAVNMXX01,2044,0.72
GLOBAL,PWRCOAVNMXX01,2045,0.72
GLOBAL,PWRCOAVNMXX01,2046,0.6
GLOBAL,PWRCOAVNMXX01,2047,0.6
GLOBAL,PWRCOAVNMXX01,2048,0.0
GLOBAL,PWRCOAVNMXX01,2049,0.0
GLOBAL,PWRCOAVNMXX01,2050,0.0
GLOBAL,PWRHYDVNMXX01,2021,16.757
GLOBAL,PWRHYDVNMXX01,2022,16.757
GLOBAL,PWRHYDVNMXX01,2023,16.757
GLOBAL,PWRHYDVNMXX01,2024,16.757
GLOBAL,PWRHYDVNMXX01,2025,16.757
GLOBAL,PWRHYDVNMXX01,2026,16.757
GLOBAL,PWRHYDVNMXX01,2027,16.757
GLOBAL,PWRHYDVNMXX01,2028,16.757
GLOBAL,PWRHYDVNMXX01,2029,16.757
GLOBAL,PWRHYDVNMXX01,2030,16.757
GLOBAL,PWRHYDVNMXX01,2031,16.757
GLOBAL,PWRHYDVNMXX01,2032,16.757
GLOBAL,PWRHYDVNMXX01,2033,16.757
GLOBAL,PWRHYDVNMXX01,2034,16.757
GLOBAL,PWRHYDVNMXX01,2035,16.757
GLOBAL,PWRHYDVNMXX01,2036,16.757
GLOBAL,PWRHYDVNMXX01,2037,16.757
GLOBAL,PWRHYDVNMXX01,2038,16.757
GLOBAL,PWRHYDVNMXX01,2039,16.757
GLOBAL,PWRHYDVNMXX01,2040,16.757
GLOBAL,PWRHYDVNMXX01,2041,16.757
GLOBAL,PWRHYDVNMXX01,2042,16.757
GLOBAL,PWRHYDVNMXX01,2043,16.757
GLOBAL,PWRHYDVNMXX01,2044,16.757
GLOBAL,PWRHYDVNMXX01,2045,16.757
GLOBAL,PWRHYDVNMXX01,2046,16.754
GLOBAL,PWRHYDVNMXX01,2047,16.754
GLOBAL,PWRHYDVNMXX01,2048,16.754
GLOBAL,PWRHYDVNMXX01,2049,16.754
GLOBAL,PWRHYDVNMXX01,2050,16.754
GLOBAL,PWROILVNMXX01,2021,0.9707
GLOBAL,PWROILVNMXX01,2022,0.9707
GLOBAL,PWROILVNMXX01,2023,0.9707
GLOBAL,PWROILVNMXX01,2024,0.9707
GLOBAL,PWROILVNMXX01,2025,0.9707
GLOBAL,PWROILVNMXX01,2026,0.9707
GLOBAL,PWROILVNMXX01,2027,0.0
GLOBAL,PWROILVNMXX01,2028,0.0
GLOBAL,PWROILVNMXX01,2029,0.0
GLOBAL,PWROILVNMXX01,2030,0.0
GLOBAL,PWROILVNMXX01,2031,0.0
GLOBAL,PWROILVNMXX01,2032,0.0
GLOBAL,PWROILVNMXX01,2033,0.0
GLOBAL,PWROILVNMXX01,2034,0.0
GLOBAL,PWROILVNMXX01,2035,0.0
GLOBAL,PWROILVNMXX01,2036,0.0
GLOBAL,PWROILVNMXX01,2037,0.0
GLOBAL,PWROILVNMXX01,2038,0.0
GLOBAL,PWROILVNMXX01,2039,0.0
GLOBAL,PWROILVNMXX01,2040,0.0
GLOBAL,PWROILVNMXX01,2041,0.0
GLOBAL,PWROILVNMXX01,2042,0.0
GLOBAL,PWROILVNMXX01,2043,0.0
GLOBAL,PWROILVNMXX01,2044,0.0
GLOBAL,PWROILVNMXX01,2045,0.0
GLOBAL,PWROILVNMXX01,2046,0.0
GLOBAL,PWROILVNMXX01,2047,0.0
GLOBAL,PWROILVNMXX01,2048,0.0
GLOBAL,PWROILVNMXX01,2049,0.0
GLOBAL,PWROILVNMXX01,2050,0.0
GLOBAL,PWRWONVNMXX01,2021,0.287
GLOBAL,PWRWONVNMXX01,2022,0.287
GLOBAL,PWRWONVNMXX01,2023,0.287
GLOBAL,PWRWONVNMXX01,2024,0.287
GLOBAL,PWRWONVNMXX01,2025,0.287
GLOBAL,PWRWONVNMXX01,2026,0.287
GLOBAL,PWRWONVNMXX01,2027,0.287
GLOBAL,PWRWONVNMXX01,2028,0.287
GLOBAL,PWRWONVNMXX01,2029,0.287
GLOBAL,PWRWONVNMXX01,2030,0.287
GLOBAL,PWRWONVNMXX01,2031,0.287
GLOBAL,PWRWONVNMXX01,2032,0.287
GLOBAL,PWRWONVNMXX01,2033,0.287
GLOBAL,PWRWONVNMXX01,2034,0.287
GLOBAL,PWRWONVNMXX01,2035,0.287
GLOBAL,PWRWONVNMXX01,2036,0.287
GLOBAL,PWRWONVNMXX01,2037,0.287
GLOBAL,PWRWONVNMXX01,2038,0.287
GLOBAL,PWRWONVNMXX01,2039,0.287
GLOBAL,PWRWONVNMXX01,2040,0.152
GLOBAL,PWRWONVNMXX01,2041,0.152
GLOBAL,PWRWONVNMXX01,2042,0.152
GLOBAL,PWRWONVNMXX01,2043,0.152
GLOBAL,PWRWONVNMXX01,2044,0.152
GLOBAL,PWRWONVNMXX01,2045,0.152
GLOBAL,PWRWONVNMXX01,2046,0.152
GLOBAL,PWRWONVNMXX01,2047,0.053
GLOBAL,PWRWONVNMXX01,2048,0.0
GLOBAL,PWRWONVNMXX01,2049,0.0
GLOBAL,PWRWONVNMXX01,2050,0.0
GLOBAL,PWRCCGYEMXX00,2021,0.5814
GLOBAL,PWRCCGYEMXX00,2022,0.5814
GLOBAL,PWRCCGYEMXX00,2023,0.5814
GLOBAL,PWRCCGYEMXX00,2024,0.5814
GLOBAL,PWRCCGYEMXX00,2025,0.4
GLOBAL,PWRCCGYEMXX00,2026,0.4
GLOBAL,PWRCCGYEMXX00,2027,0.4
GLOBAL,PWRCCGYEMXX00,2028,0.4
GLOBAL,PWRCCGYEMXX00,2029,0.4
GLOBAL,PWRCCGYEMXX00,2030,0.4
GLOBAL,PWRCCGYEMXX00,2031,0.4
GLOBAL,PWRCCGYEMXX00,2032,0.4
GLOBAL,PWRCCGYEMXX00,2033,0.4
GLOBAL,PWRCCGYEMXX00,2034,0.4
GLOBAL,PWRCCGYEMXX00,2035,0.4
GLOBAL,PWRCCGYEMXX00,2036,0.4
GLOBAL,PWRCCGYEMXX00,2037,0.4
GLOBAL,PWRCCGYEMXX00,2038,0.4
GLOBAL,PWRCCGYEMXX00,2039,0.4
GLOBAL,PWRCCGYEMXX00,2040,0.0
GLOBAL,PWRCCGYEMXX00,2041,0.0
GLOBAL,PWRCCGYEMXX00,2042,0.0
GLOBAL,PWRCCGYEMXX00,2043,0.0
GLOBAL,PWRCCGYEMXX00,2044,0.0
GLOBAL,PWRCCGYEMXX00,2045,0.0
GLOBAL,PWRCCGYEMXX00,2046,0.0
GLOBAL,PWRCCGYEMXX00,2047,0.0
GLOBAL,PWRCCGYEMXX00,2048,0.0
GLOBAL,PWRCCGYEMXX00,2049,0.0
GLOBAL,PWRCCGYEMXX00,2050,0.0
GLOBAL,PWROILYEMXX01,2021,0.9376
GLOBAL,PWROILYEMXX01,2022,0.9376
GLOBAL,PWROILYEMXX01,2023,0.9376
GLOBAL,PWROILYEMXX01,2024,0.9376
GLOBAL,PWROILYEMXX01,2025,0.9376
GLOBAL,PWROILYEMXX01,2026,0.9376
GLOBAL,PWROILYEMXX01,2027,0.506
GLOBAL,PWROILYEMXX01,2028,0.506
GLOBAL,PWROILYEMXX01,2029,0.476
GLOBAL,PWROILYEMXX01,2030,0.476
GLOBAL,PWROILYEMXX01,2031,0.476
GLOBAL,PWROILYEMXX01,2032,0.476
GLOBAL,PWROILYEMXX01,2033,0.476
GLOBAL,PWROILYEMXX01,2034,0.0
GLOBAL,PWROILYEMXX01,2035,0.0
GLOBAL,PWROILYEMXX01,2036,0.0
GLOBAL,PWROILYEMXX01,2037,0.0
GLOBAL,PWROILYEMXX01,2038,0.0
GLOBAL,PWROILYEMXX01,2039,0.0
GLOBAL,PWROILYEMXX01,2040,0.0
GLOBAL,PWROILYEMXX01,2041,0.0
GLOBAL,PWROILYEMXX01,2042,0.0
GLOBAL,PWROILYEMXX01,2043,0.0
GLOBAL,PWROILYEMXX01,2044,0.0
GLOBAL,PWROILYEMXX01,2045,0.0
GLOBAL,PWROILYEMXX01,2046,0.0
GLOBAL,PWROILYEMXX01,2047,0.0
GLOBAL,PWROILYEMXX01,2048,0.0
GLOBAL,PWROILYEMXX01,2049,0.0
GLOBAL,PWROILYEMXX01,2050,0.0
GLOBAL,PWRSPVYEMXX01,2021,0.015
GLOBAL,PWRSPVYEMXX01,2022,0.015
GLOBAL,PWRSPVYEMXX01,2023,0.015
GLOBAL,PWRSPVYEMXX01,2024,0.015
GLOBAL,PWRSPVYEMXX01,2025,0.015
GLOBAL,PWRSPVYEMXX01,2026,0.015
GLOBAL,PWRSPVYEMXX01,2027,0.015
GLOBAL,PWRSPVYEMXX01,2028,0.015
GLOBAL,PWRSPVYEMXX01,2029,0.015
GLOBAL,PWRSPVYEMXX01,2030,0.015
GLOBAL,PWRSPVYEMXX01,2031,0.015
GLOBAL,PWRSPVYEMXX01,2032,0.015
GLOBAL,PWRSPVYEMXX01,2033,0.015
GLOBAL,PWRSPVYEMXX01,2034,0.015
GLOBAL,PWRSPVYEMXX01,2035,0.015
GLOBAL,PWRSPVYEMXX01,2036,0.015
GLOBAL,PWRSPVYEMXX01,2037,0.015
GLOBAL,PWRSPVYEMXX01,2038,0.015
GLOBAL,PWRSPVYEMXX01,2039,0.015
GLOBAL,PWRSPVYEMXX01,2040,0.015
GLOBAL,PWRSPVYEMXX01,2041,0.015
GLOBAL,PWRSPVYEMXX01,2042,0.015
GLOBAL,PWRSPVYEMXX01,2043,0.015
GLOBAL,PWRSPVYEMXX01,2044,0.015
GLOBAL,PWRSPVYEMXX01,2045,0.0
GLOBAL,PWRSPVYEMXX01,2046,0.0
GLOBAL,PWRSPVYEMXX01,2047,0.0
GLOBAL,PWRSPVYEMXX01,2048,0.0
GLOBAL,PWRSPVYEMXX01,2049,0.0
GLOBAL,PWRSPVYEMXX01,2050,0.0
GLOBAL,PWRBIOZAFXX01,2021,0.1
GLOBAL,PWRBIOZAFXX01,2022,0.1
GLOBAL,PWRBIOZAFXX01,2023,0.1
GLOBAL,PWRBIOZAFXX01,2024,0.1
GLOBAL,PWRBIOZAFXX01,2025,0.1
GLOBAL,PWRBIOZAFXX01,2026,0.1
GLOBAL,PWRBIOZAFXX01,2027,0.1
GLOBAL,PWRBIOZAFXX01,2028,0.1
GLOBAL,PWRBIOZAFXX01,2029,0.1
GLOBAL,PWRBIOZAFXX01,2030,0.1
GLOBAL,PWRBIOZAFXX01,2031,0.1
GLOBAL,PWRBIOZAFXX01,2032,0.004
GLOBAL,PWRBIOZAFXX01,2033,0.004
GLOBAL,PWRBIOZAFXX01,2034,0.004
GLOBAL,PWRBIOZAFXX01,2035,0.004
GLOBAL,PWRBIOZAFXX01,2036,0.004
GLOBAL,PWRBIOZAFXX01,2037,0.004
GLOBAL,PWRBIOZAFXX01,2038,0.004
GLOBAL,PWRBIOZAFXX01,2039,0.004
GLOBAL,PWRBIOZAFXX01,2040,0.004
GLOBAL,PWRBIOZAFXX01,2041,0.004
GLOBAL,PWRBIOZAFXX01,2042,0.004
GLOBAL,PWRBIOZAFXX01,2043,0.004
GLOBAL,PWRBIOZAFXX01,2044,0.0
GLOBAL,PWRBIOZAFXX01,2045,0.0
GLOBAL,PWRBIOZAFXX01,2046,0.0
GLOBAL,PWRBIOZAFXX01,2047,0.0
GLOBAL,PWRBIOZAFXX01,2048,0.0
GLOBAL,PWRBIOZAFXX01,2049,0.0
GLOBAL,PWRBIOZAFXX01,2050,0.0
GLOBAL,PWRCCGZAFXX00,2021,0.342
GLOBAL,PWRCCGZAFXX00,2022,0.342
GLOBAL,PWRCCGZAFXX00,2023,0.342
GLOBAL,PWRCCGZAFXX00,2024,0.342
GLOBAL,PWRCCGZAFXX00,2025,0.342
GLOBAL,PWRCCGZAFXX00,2026,0.342
GLOBAL,PWRCCGZAFXX00,2027,0.342
GLOBAL,PWRCCGZAFXX00,2028,0.342
GLOBAL,PWRCCGZAFXX00,2029,0.0
GLOBAL,PWRCCGZAFXX00,2030,0.0
GLOBAL,PWRCCGZAFXX00,2031,0.0
GLOBAL,PWRCCGZAFXX00,2032,0.0
GLOBAL,PWRCCGZAFXX00,2033,0.0
GLOBAL,PWRCCGZAFXX00,2034,0.0
GLOBAL,PWRCCGZAFXX00,2035,0.0
GLOBAL,PWRCCGZAFXX00,2036,0.0
GLOBAL,PWRCCGZAFXX00,2037,0.0
GLOBAL,PWRCCGZAFXX00,2038,0.0
GLOBAL,PWRCCGZAFXX00,2039,0.0
GLOBAL,PWRCCGZAFXX00,2040,0.0
GLOBAL,PWRCCGZAFXX00,2041,0.0
GLOBAL,PWRCCGZAFXX00,2042,0.0
GLOBAL,PWRCCGZAFXX00,2043,0.0
GLOBAL,PWRCCGZAFXX00,2044,0.0
GLOBAL,PWRCCGZAFXX00,2045,0.0
GLOBAL,PWRCCGZAFXX00,2046,0.0
GLOBAL,PWRCCGZAFXX00,2047,0.0
GLOBAL,PWRCCGZAFXX00,2048,0.0
GLOBAL,PWRCCGZAFXX00,2049,0.0
GLOBAL,PWRCCGZAFXX00,2050,0.0
GLOBAL,PWRCOAZAFXX01,2021,39.803
GLOBAL,PWRCOAZAFXX01,2022,39.803
GLOBAL,PWRCOAZAFXX01,2023,39.803
GLOBAL,PWRCOAZAFXX01,2024,39.803
GLOBAL,PWRCOAZAFXX01,2025,39.803
GLOBAL,PWRCOAZAFXX01,2026,39.803
GLOBAL,PWRCOAZAFXX01,2027,39.803
GLOBAL,PWRCOAZAFXX01,2028,39.803
GLOBAL,PWRCOAZAFXX01,2029,30.575
GLOBAL,PWRCOAZAFXX01,2030,26.459
GLOBAL,PWRCOAZAFXX01,2031,26.459
GLOBAL,PWRCOAZAFXX01,2032,26.459
GLOBAL,PWRCOAZAFXX01,2033,26.459
GLOBAL,PWRCOAZAFXX01,2034,0.795
GLOBAL,PWRCOAZAFXX01,2035,0.795
GLOBAL,PWRCOAZAFXX01,2036,0.795
GLOBAL,PWRCOAZAFXX01,2037,0.795
GLOBAL,PWRCOAZAFXX01,2038,0.795
GLOBAL,PWRCOAZAFXX01,2039,0.795
GLOBAL,PWRCOAZAFXX01,2040,0.795
GLOBAL,PWRCOAZAFXX01,2041,0.795
GLOBAL,PWRCOAZAFXX01,2042,0.795
GLOBAL,PWRCOAZAFXX01,2043,0.795
GLOBAL,PWRCOAZAFXX01,2044,0.795
GLOBAL,PWRCOAZAFXX01,2045,0.795
GLOBAL,PWRCOAZAFXX01,2046,0.795
GLOBAL,PWRCOAZAFXX01,2047,0.795
GLOBAL,PWRCOAZAFXX01,2048,0.795
GLOBAL,PWRCOAZAFXX01,2049,0.0
GLOBAL,PWRCOAZAFXX01,2050,0.0
GLOBAL,PWRCSPZAFXX01,2021,0.45
GLOBAL,PWRCSPZAFXX01,2022,0.45
GLOBAL,PWRCSPZAFXX01,2023,0.45
GLOBAL,PWRCSPZAFXX01,2024,0.45
GLOBAL,PWRCSPZAFXX01,2025,0.45
GLOBAL,PWRCSPZAFXX01,2026,0.45
GLOBAL,PWRCSPZAFXX01,2027,0.45
GLOBAL,PWRCSPZAFXX01,2028,0.45
GLOBAL,PWRCSPZAFXX01,2029,0.45
GLOBAL,PWRCSPZAFXX01,2030,0.45
GLOBAL,PWRCSPZAFXX01,2031,0.45
GLOBAL,PWRCSPZAFXX01,2032,0.45
GLOBAL,PWRCSPZAFXX01,2033,0.45
GLOBAL,PWRCSPZAFXX01,2034,0.45
GLOBAL,PWRCSPZAFXX01,2035,0.45
GLOBAL,PWRCSPZAFXX01,2036,0.45
GLOBAL,PWRCSPZAFXX01,2037,0.45
GLOBAL,PWRCSPZAFXX01,2038,0.45
GLOBAL,PWRCSPZAFXX01,2039,0.45
GLOBAL,PWRCSPZAFXX01,2040,0.2
GLOBAL,PWRCSPZAFXX01,2041,0.2
GLOBAL,PWRCSPZAFXX01,2042,0.2
GLOBAL,PWRCSPZAFXX01,2043,0.2
GLOBAL,PWRCSPZAFXX01,2044,0.2
GLOBAL,PWRCSPZAFXX01,2045,0.2
GLOBAL,PWRCSPZAFXX01,2046,0.1
GLOBAL,PWRCSPZAFXX01,2047,0.0
GLOBAL,PWRCSPZAFXX01,2048,0.0
GLOBAL,PWRCSPZAFXX01,2049,0.0
GLOBAL,PWRCSPZAFXX01,2050,0.0
GLOBAL,PWRHYDZAFXX01,2021,2.019
GLOBAL,PWRHYDZAFXX01,2022,2.019
GLOBAL,PWRHYDZAFXX01,2023,2.019
GLOBAL,PWRHYDZAFXX01,2024,2.019
GLOBAL,PWRHYDZAFXX01,2025,2.019
GLOBAL,PWRHYDZAFXX01,2026,2.019
GLOBAL,PWRHYDZAFXX01,2027,2.019
GLOBAL,PWRHYDZAFXX01,2028,2.019
GLOBAL,PWRHYDZAFXX01,2029,2.019
GLOBAL,PWRHYDZAFXX01,2030,2.019
GLOBAL,PWRHYDZAFXX01,2031,2.019
GLOBAL,PWRHYDZAFXX01,2032,2.019
GLOBAL,PWRHYDZAFXX01,2033,2.019
GLOBAL,PWRHYDZAFXX01,2034,2.019
GLOBAL,PWRHYDZAFXX01,2035,2.019
GLOBAL,PWRHYDZAFXX01,2036,2.019
GLOBAL,PWRHYDZAFXX01,2037,2.019
GLOBAL,PWRHYDZAFXX01,2038,2.019
GLOBAL,PWRHYDZAFXX01,2039,2.019
GLOBAL,PWRHYDZAFXX01,2040,2.019
GLOBAL,PWRHYDZAFXX01,2041,2.019
GLOBAL,PWRHYDZAFXX01,2042,2.019
GLOBAL,PWRHYDZAFXX01,2043,2.019
GLOBAL,PWRHYDZAFXX01,2044,2.019
GLOBAL,PWRHYDZAFXX01,2045,2.019
GLOBAL,PWRHYDZAFXX01,2046,2.019
GLOBAL,PWRHYDZAFXX01,2047,2.019
GLOBAL,PWRHYDZAFXX01,2048,2.019
GLOBAL,PWRHYDZAFXX01,2049,2.019
GLOBAL,PWRHYDZAFXX01,2050,2.019
GLOBAL,PWROILZAFXX01,2021,2.066
GLOBAL,PWROILZAFXX01,2022,2.066
GLOBAL,PWROILZAFXX01,2023,2.066
GLOBAL,PWROILZAFXX01,2024,2.066
GLOBAL,PWROILZAFXX01,2025,2.066
GLOBAL,PWROILZAFXX01,2026,2.066
GLOBAL,PWROILZAFXX01,2027,2.066
GLOBAL,PWROILZAFXX01,2028,2.066
GLOBAL,PWROILZAFXX01,2029,2.066
GLOBAL,PWROILZAFXX01,2030,2.066
GLOBAL,PWROILZAFXX01,2031,2.066
GLOBAL,PWROILZAFXX01,2032,2.066
GLOBAL,PWROILZAFXX01,2033,2.066
GLOBAL,PWROILZAFXX01,2034,2.066
GLOBAL,PWROILZAFXX01,2035,2.066
GLOBAL,PWROILZAFXX01,2036,2.066
GLOBAL,PWROILZAFXX01,2037,2.066
GLOBAL,PWROILZAFXX01,2038,0.0
GLOBAL,PWROILZAFXX01,2039,0.0
GLOBAL,PWROILZAFXX01,2040,0.0
GLOBAL,PWROILZAFXX01,2041,0.0
GLOBAL,PWROILZAFXX01,2042,0.0
GLOBAL,PWROILZAFXX01,2043,0.0
GLOBAL,PWROILZAFXX01,2044,0.0
GLOBAL,PWROILZAFXX01,2045,0.0
GLOBAL,PWROILZAFXX01,2046,0.0
GLOBAL,PWROILZAFXX01,2047,0.0
GLOBAL,PWROILZAFXX01,2048,0.0
GLOBAL,PWROILZAFXX01,2049,0.0
GLOBAL,PWROILZAFXX01,2050,0.0
GLOBAL,PWRSPVZAFXX01,2021,1.765
GLOBAL,PWRSPVZAFXX01,2022,1.765
GLOBAL,PWRSPVZAFXX01,2023,1.765
GLOBAL,PWRSPVZAFXX01,2024,1.765
GLOBAL,PWRSPVZAFXX01,2025,1.765
GLOBAL,PWRSPVZAFXX01,2026,1.765
GLOBAL,PWRSPVZAFXX01,2027,1.765
GLOBAL,PWRSPVZAFXX01,2028,1.765
GLOBAL,PWRSPVZAFXX01,2029,1.765
GLOBAL,PWRSPVZAFXX01,2030,1.765
GLOBAL,PWRSPVZAFXX01,2031,1.765
GLOBAL,PWRSPVZAFXX01,2032,1.765
GLOBAL,PWRSPVZAFXX01,2033,1.765
GLOBAL,PWRSPVZAFXX01,2034,1.765
GLOBAL,PWRSPVZAFXX01,2035,1.765
GLOBAL,PWRSPVZAFXX01,2036,1.765
GLOBAL,PWRSPVZAFXX01,2037,1.765
GLOBAL,PWRSPVZAFXX01,2038,1.765
GLOBAL,PWRSPVZAFXX01,2039,1.765
GLOBAL,PWRSPVZAFXX01,2040,1.765
GLOBAL,PWRSPVZAFXX01,2041,1.765
GLOBAL,PWRSPVZAFXX01,2042,1.765
GLOBAL,PWRSPVZAFXX01,2043,1.755
GLOBAL,PWRSPVZAFXX01,2044,1.729
GLOBAL,PWRSPVZAFXX01,2045,0.476
GLOBAL,PWRSPVZAFXX01,2046,0.396
GLOBAL,PWRSPVZAFXX01,2047,0.149
GLOBAL,PWRSPVZAFXX01,2048,0.0
GLOBAL,PWRSPVZAFXX01,2049,0.0
GLOBAL,PWRSPVZAFXX01,2050,0.0
GLOBAL,PWRURNZAFXX01,2021,1.86
GLOBAL,PWRURNZAFXX01,2022,1.86
GLOBAL,PWRURNZAFXX01,2023,1.86
GLOBAL,PWRURNZAFXX01,2024,1.86
GLOBAL,PWRURNZAFXX01,2025,1.86
GLOBAL,PWRURNZAFXX01,2026,1.86
GLOBAL,PWRURNZAFXX01,2027,1.86
GLOBAL,PWRURNZAFXX01,2028,1.86
GLOBAL,PWRURNZAFXX01,2029,1.86
GLOBAL,PWRURNZAFXX01,2030,1.86
GLOBAL,PWRURNZAFXX01,2031,1.86
GLOBAL,PWRURNZAFXX01,2032,1.86
GLOBAL,PWRURNZAFXX01,2033,1.86
GLOBAL,PWRURNZAFXX01,2034,1.86
GLOBAL,PWRURNZAFXX01,2035,1.86
GLOBAL,PWRURNZAFXX01,2036,1.86
GLOBAL,PWRURNZAFXX01,2037,1.86
GLOBAL,PWRURNZAFXX01,2038,1.86
GLOBAL,PWRURNZAFXX01,2039,1.86
GLOBAL,PWRURNZAFXX01,2040,1.86
GLOBAL,PWRURNZAFXX01,2041,1.86
GLOBAL,PWRURNZAFXX01,2042,1.86
GLOBAL,PWRURNZAFXX01,2043,1.86
GLOBAL,PWRURNZAFXX01,2044,1.86
GLOBAL,PWRURNZAFXX01,2045,0.0
GLOBAL,PWRURNZAFXX01,2046,0.0
GLOBAL,PWRURNZAFXX01,2047,0.0
GLOBAL,PWRURNZAFXX01,2048,0.0
GLOBAL,PWRURNZAFXX01,2049,0.0
GLOBAL,PWRURNZAFXX01,2050,0.0
GLOBAL,PWRWASZAFXX01,2021,0.042
GLOBAL,PWRWASZAFXX01,2022,0.042
GLOBAL,PWRWASZAFXX01,2023,0.042
GLOBAL,PWRWASZAFXX01,2024,0.042
GLOBAL,PWRWASZAFXX01,2025,0.042
GLOBAL,PWRWASZAFXX01,2026,0.042
GLOBAL,PWRWASZAFXX01,2027,0.042
GLOBAL,PWRWASZAFXX01,2028,0.042
GLOBAL,PWRWASZAFXX01,2029,0.042
GLOBAL,PWRWASZAFXX01,2030,0.042
GLOBAL,PWRWASZAFXX01,2031,0.042
GLOBAL,PWRWASZAFXX01,2032,0.038
GLOBAL,PWRWASZAFXX01,2033,0.038
GLOBAL,PWRWASZAFXX01,2034,0.038
GLOBAL,PWRWASZAFXX01,2035,0.038
GLOBAL,PWRWASZAFXX01,2036,0.038
GLOBAL,PWRWASZAFXX01,2037,0.038
GLOBAL,PWRWASZAFXX01,2038,0.034
GLOBAL,PWRWASZAFXX01,2039,0.027
GLOBAL,PWRWASZAFXX01,2040,0.027
GLOBAL,PWRWASZAFXX01,2041,0.027
GLOBAL,PWRWASZAFXX01,2042,0.027
GLOBAL,PWRWASZAFXX01,2043,0.027
GLOBAL,PWRWASZAFXX01,2044,0.002
GLOBAL,PWRWASZAFXX01,2045,0.002
GLOBAL,PWRWASZAFXX01,2046,0.002
GLOBAL,PWRWASZAFXX01,2047,0.0
GLOBAL,PWRWASZAFXX01,2048,0.0
GLOBAL,PWRWASZAFXX01,2049,0.0
GLOBAL,PWRWASZAFXX01,2050,0.0
GLOBAL,PWRWONZAFXX01,2021,2.032
GLOBAL,PWRWONZAFXX01,2022,2.032
GLOBAL,PWRWONZAFXX01,2023,2.032
GLOBAL,PWRWONZAFXX01,2024,2.032
GLOBAL,PWRWONZAFXX01,2025,2.032
GLOBAL,PWRWONZAFXX01,2026,2.032
GLOBAL,PWRWONZAFXX01,2027,2.032
GLOBAL,PWRWONZAFXX01,2028,2.032
GLOBAL,PWRWONZAFXX01,2029,2.032
GLOBAL,PWRWONZAFXX01,2030,2.032
GLOBAL,PWRWONZAFXX01,2031,2.032
GLOBAL,PWRWONZAFXX01,2032,2.032
GLOBAL,PWRWONZAFXX01,2033,2.032
GLOBAL,PWRWONZAFXX01,2034,2.032
GLOBAL,PWRWONZAFXX01,2035,2.032
GLOBAL,PWRWONZAFXX01,2036,2.032
GLOBAL,PWRWONZAFXX01,2037,2.032
GLOBAL,PWRWONZAFXX01,2038,2.032
GLOBAL,PWRWONZAFXX01,2039,2.027
GLOBAL,PWRWONZAFXX01,2040,1.787
GLOBAL,PWRWONZAFXX01,2041,1.713
GLOBAL,PWRWONZAFXX01,2042,1.713
GLOBAL,PWRWONZAFXX01,2043,1.713
GLOBAL,PWRWONZAFXX01,2044,1.713
GLOBAL,PWRWONZAFXX01,2045,1.111
GLOBAL,PWRWONZAFXX01,2046,0.616
GLOBAL,PWRWONZAFXX01,2047,0.284
GLOBAL,PWRWONZAFXX01,2048,0.0
GLOBAL,PWRWONZAFXX01,2049,0.0
GLOBAL,PWRWONZAFXX01,2050,0.0
GLOBAL,PWRBIOZMBXX01,2021,0.0398
GLOBAL,PWRBIOZMBXX01,2022,0.0398
GLOBAL,PWRBIOZMBXX01,2023,0.0398
GLOBAL,PWRBIOZMBXX01,2024,0.0398
GLOBAL,PWRBIOZMBXX01,2025,0.0398
GLOBAL,PWRBIOZMBXX01,2026,0.0398
GLOBAL,PWRBIOZMBXX01,2027,0.0398
GLOBAL,PWRBIOZMBXX01,2028,0.0398
GLOBAL,PWRBIOZMBXX01,2029,0.0398
GLOBAL,PWRBIOZMBXX01,2030,0.0398
GLOBAL,PWRBIOZMBXX01,2031,0.0398
GLOBAL,PWRBIOZMBXX01,2032,0.0
GLOBAL,PWRBIOZMBXX01,2033,0.0
GLOBAL,PWRBIOZMBXX01,2034,0.0
GLOBAL,PWRBIOZMBXX01,2035,0.0
GLOBAL,PWRBIOZMBXX01,2036,0.0
GLOBAL,PWRBIOZMBXX01,2037,0.0
GLOBAL,PWRBIOZMBXX01,2038,0.0
GLOBAL,PWRBIOZMBXX01,2039,0.0
GLOBAL,PWRBIOZMBXX01,2040,0.0
GLOBAL,PWRBIOZMBXX01,2041,0.0
GLOBAL,PWRBIOZMBXX01,2042,0.0
GLOBAL,PWRBIOZMBXX01,2043,0.0
GLOBAL,PWRBIOZMBXX01,2044,0.0
GLOBAL,PWRBIOZMBXX01,2045,0.0
GLOBAL,PWRBIOZMBXX01,2046,0.0
GLOBAL,PWRBIOZMBXX01,2047,0.0
GLOBAL,PWRBIOZMBXX01,2048,0.0
GLOBAL,PWRBIOZMBXX01,2049,0.0
GLOBAL,PWRBIOZMBXX01,2050,0.0
GLOBAL,PWRCOAZMBXX01,2021,0.3
GLOBAL,PWRCOAZMBXX01,2022,0.3
GLOBAL,PWRCOAZMBXX01,2023,0.3
GLOBAL,PWRCOAZMBXX01,2024,0.3
GLOBAL,PWRCOAZMBXX01,2025,0.3
GLOBAL,PWRCOAZMBXX01,2026,0.3
GLOBAL,PWRCOAZMBXX01,2027,0.3
GLOBAL,PWRCOAZMBXX01,2028,0.3
GLOBAL,PWRCOAZMBXX01,2029,0.3
GLOBAL,PWRCOAZMBXX01,2030,0.3
GLOBAL,PWRCOAZMBXX01,2031,0.3
GLOBAL,PWRCOAZMBXX01,2032,0.3
GLOBAL,PWRCOAZMBXX01,2033,0.3
GLOBAL,PWRCOAZMBXX01,2034,0.3
GLOBAL,PWRCOAZMBXX01,2035,0.3
GLOBAL,PWRCOAZMBXX01,2036,0.3
GLOBAL,PWRCOAZMBXX01,2037,0.3
GLOBAL,PWRCOAZMBXX01,2038,0.3
GLOBAL,PWRCOAZMBXX01,2039,0.3
GLOBAL,PWRCOAZMBXX01,2040,0.3
GLOBAL,PWRCOAZMBXX01,2041,0.3
GLOBAL,PWRCOAZMBXX01,2042,0.3
GLOBAL,PWRCOAZMBXX01,2043,0.3
GLOBAL,PWRCOAZMBXX01,2044,0.3
GLOBAL,PWRCOAZMBXX01,2045,0.3
GLOBAL,PWRCOAZMBXX01,2046,0.3
GLOBAL,PWRCOAZMBXX01,2047,0.0
GLOBAL,PWRCOAZMBXX01,2048,0.0
GLOBAL,PWRCOAZMBXX01,2049,0.0
GLOBAL,PWRCOAZMBXX01,2050,0.0
GLOBAL,PWRHYDZMBXX01,2021,2.32
GLOBAL,PWRHYDZMBXX01,2022,2.32
GLOBAL,PWRHYDZMBXX01,2023,2.32
GLOBAL,PWRHYDZMBXX01,2024,2.32
GLOBAL,PWRHYDZMBXX01,2025,2.32
GLOBAL,PWRHYDZMBXX01,2026,2.32
GLOBAL,PWRHYDZMBXX01,2027,2.32
GLOBAL,PWRHYDZMBXX01,2028,2.32
GLOBAL,PWRHYDZMBXX01,2029,2.32
GLOBAL,PWRHYDZMBXX01,2030,2.32
GLOBAL,PWRHYDZMBXX01,2031,2.32
GLOBAL,PWRHYDZMBXX01,2032,2.32
GLOBAL,PWRHYDZMBXX01,2033,2.32
GLOBAL,PWRHYDZMBXX01,2034,2.32
GLOBAL,PWRHYDZMBXX01,2035,2.32
GLOBAL,PWRHYDZMBXX01,2036,2.32
GLOBAL,PWRHYDZMBXX01,2037,2.32
GLOBAL,PWRHYDZMBXX01,2038,2.32
GLOBAL,PWRHYDZMBXX01,2039,2.32
GLOBAL,PWRHYDZMBXX01,2040,2.32
GLOBAL,PWRHYDZMBXX01,2041,2.32
GLOBAL,PWRHYDZMBXX01,2042,2.32
GLOBAL,PWRHYDZMBXX01,2043,2.32
GLOBAL,PWRHYDZMBXX01,2044,2.32
GLOBAL,PWRHYDZMBXX01,2045,2.32
GLOBAL,PWRHYDZMBXX01,2046,2.32
GLOBAL,PWRHYDZMBXX01,2047,2.32
GLOBAL,PWRHYDZMBXX01,2048,2.32
GLOBAL,PWRHYDZMBXX01,2049,2.32
GLOBAL,PWRHYDZMBXX01,2050,2.32
GLOBAL,PWROILZMBXX01,2021,0.17
GLOBAL,PWROILZMBXX01,2022,0.17
GLOBAL,PWROILZMBXX01,2023,0.17
GLOBAL,PWROILZMBXX01,2024,0.17
GLOBAL,PWROILZMBXX01,2025,0.17
GLOBAL,PWROILZMBXX01,2026,0.17
GLOBAL,PWROILZMBXX01,2027,0.0
GLOBAL,PWROILZMBXX01,2028,0.0
GLOBAL,PWROILZMBXX01,2029,0.0
GLOBAL,PWROILZMBXX01,2030,0.0
GLOBAL,PWROILZMBXX01,2031,0.0
GLOBAL,PWROILZMBXX01,2032,0.0
GLOBAL,PWROILZMBXX01,2033,0.0
GLOBAL,PWROILZMBXX01,2034,0.0
GLOBAL,PWROILZMBXX01,2035,0.0
GLOBAL,PWROILZMBXX01,2036,0.0
GLOBAL,PWROILZMBXX01,2037,0.0
GLOBAL,PWROILZMBXX01,2038,0.0
GLOBAL,PWROILZMBXX01,2039,0.0
GLOBAL,PWROILZMBXX01,2040,0.0
GLOBAL,PWROILZMBXX01,2041,0.0
GLOBAL,PWROILZMBXX01,2042,0.0
GLOBAL,PWROILZMBXX01,2043,0.0
GLOBAL,PWROILZMBXX01,2044,0.0
GLOBAL,PWROILZMBXX01,2045,0.0
GLOBAL,PWROILZMBXX01,2046,0.0
GLOBAL,PWROILZMBXX01,2047,0.0
GLOBAL,PWROILZMBXX01,2048,0.0
GLOBAL,PWROILZMBXX01,2049,0.0
GLOBAL,PWROILZMBXX01,2050,0.0
GLOBAL,PWRBIOZWEXX01,2021,0.1
GLOBAL,PWRBIOZWEXX01,2022,0.1
GLOBAL,PWRBIOZWEXX01,2023,0.1
GLOBAL,PWRBIOZWEXX01,2024,0.1
GLOBAL,PWRBIOZWEXX01,2025,0.1
GLOBAL,PWRBIOZWEXX01,2026,0.1
GLOBAL,PWRBIOZWEXX01,2027,0.1
GLOBAL,PWRBIOZWEXX01,2028,0.1
GLOBAL,PWRBIOZWEXX01,2029,0.1
GLOBAL,PWRBIOZWEXX01,2030,0.1
GLOBAL,PWRBIOZWEXX01,2031,0.1
GLOBAL,PWRBIOZWEXX01,2032,0.0
GLOBAL,PWRBIOZWEXX01,2033,0.0
GLOBAL,PWRBIOZWEXX01,2034,0.0
GLOBAL,PWRBIOZWEXX01,2035,0.0
GLOBAL,PWRBIOZWEXX01,2036,0.0
GLOBAL,PWRBIOZWEXX01,2037,0.0
GLOBAL,PWRBIOZWEXX01,2038,0.0
GLOBAL,PWRBIOZWEXX01,2039,0.0
GLOBAL,PWRBIOZWEXX01,2040,0.0
GLOBAL,PWRBIOZWEXX01,2041,0.0
GLOBAL,PWRBIOZWEXX01,2042,0.0
GLOBAL,PWRBIOZWEXX01,2043,0.0
GLOBAL,PWRBIOZWEXX01,2044,0.0
GLOBAL,PWRBIOZWEXX01,2045,0.0
GLOBAL,PWRBIOZWEXX01,2046,0.0
GLOBAL,PWRBIOZWEXX01,2047,0.0
GLOBAL,PWRBIOZWEXX01,2048,0.0
GLOBAL,PWRBIOZWEXX01,2049,0.0
GLOBAL,PWRBIOZWEXX01,2050,0.0
GLOBAL,PWRCOAZWEXX01,2021,1.235
GLOBAL,PWRCOAZWEXX01,2022,1.235
GLOBAL,PWRCOAZWEXX01,2023,1.235
GLOBAL,PWRCOAZWEXX01,2024,1.235
GLOBAL,PWRCOAZWEXX01,2025,1.235
GLOBAL,PWRCOAZWEXX01,2026,1.235
GLOBAL,PWRCOAZWEXX01,2027,1.235
GLOBAL,PWRCOAZWEXX01,2028,0.0
GLOBAL,PWRCOAZWEXX01,2029,0.0
GLOBAL,PWRCOAZWEXX01,2030,0.0
GLOBAL,PWRCOAZWEXX01,2031,0.0
GLOBAL,PWRCOAZWEXX01,2032,0.0
GLOBAL,PWRCOAZWEXX01,2033,0.0
GLOBAL,PWRCOAZWEXX01,2034,0.0
GLOBAL,PWRCOAZWEXX01,2035,0.0
GLOBAL,PWRCOAZWEXX01,2036,0.0
GLOBAL,PWRCOAZWEXX01,2037,0.0
GLOBAL,PWRCOAZWEXX01,2038,0.0
GLOBAL,PWRCOAZWEXX01,2039,0.0
GLOBAL,PWRCOAZWEXX01,2040,0.0
GLOBAL,PWRCOAZWEXX01,2041,0.0
GLOBAL,PWRCOAZWEXX01,2042,0.0
GLOBAL,PWRCOAZWEXX01,2043,0.0
GLOBAL,PWRCOAZWEXX01,2044,0.0
GLOBAL,PWRCOAZWEXX01,2045,0.0
GLOBAL,PWRCOAZWEXX01,2046,0.0
GLOBAL,PWRCOAZWEXX01,2047,0.0
GLOBAL,PWRCOAZWEXX01,2048,0.0
GLOBAL,PWRCOAZWEXX01,2049,0.0
GLOBAL,PWRCOAZWEXX01,2050,0.0
GLOBAL,PWRHYDZWEXX01,2021,0.79
GLOBAL,PWRHYDZWEXX01,2022,0.79
GLOBAL,PWRHYDZWEXX01,2023,0.79
GLOBAL,PWRHYDZWEXX01,2024,0.79
GLOBAL,PWRHYDZWEXX01,2025,0.79
GLOBAL,PWRHYDZWEXX01,2026,0.79
GLOBAL,PWRHYDZWEXX01,2027,0.79
GLOBAL,PWRHYDZWEXX01,2028,0.79
GLOBAL,PWRHYDZWEXX01,2029,0.79
GLOBAL,PWRHYDZWEXX01,2030,0.79
GLOBAL,PWRHYDZWEXX01,2031,0.79
GLOBAL,PWRHYDZWEXX01,2032,0.79
GLOBAL,PWRHYDZWEXX01,2033,0.79
GLOBAL,PWRHYDZWEXX01,2034,0.79
GLOBAL,PWRHYDZWEXX01,2035,0.79
GLOBAL,PWRHYDZWEXX01,2036,0.79
GLOBAL,PWRHYDZWEXX01,2037,0.79
GLOBAL,PWRHYDZWEXX01,2038,0.79
GLOBAL,PWRHYDZWEXX01,2039,0.79
GLOBAL,PWRHYDZWEXX01,2040,0.79
GLOBAL,PWRHYDZWEXX01,2041,0.79
GLOBAL,PWRHYDZWEXX01,2042,0.79
GLOBAL,PWRHYDZWEXX01,2043,0.79
GLOBAL,PWRHYDZWEXX01,2044,0.79
GLOBAL,PWRHYDZWEXX01,2045,0.79
GLOBAL,PWRHYDZWEXX01,2046,0.79
GLOBAL,PWRHYDZWEXX01,2047,0.79
GLOBAL,PWRHYDZWEXX01,2048,0.79
GLOBAL,PWRHYDZWEXX01,2049,0.79
GLOBAL,PWRHYDZWEXX01,2050,0.79
GLOBAL,PWRBIOINDNO01,2021,0.213
GLOBAL,PWRBIOINDNO01,2022,0.213
GLOBAL,PWRBIOINDNO01,2023,0.213
GLOBAL,PWRBIOINDNO01,2024,0.213
GLOBAL,PWRBIOINDNO01,2025,0.213
GLOBAL,PWRBIOINDNO01,2026,0.213
GLOBAL,PWRBIOINDNO01,2027,0.213
GLOBAL,PWRBIOINDNO01,2028,0.213
GLOBAL,PWRBIOINDNO01,2029,0.213
GLOBAL,PWRBIOINDNO01,2030,0.213
GLOBAL,PWRBIOINDNO01,2031,0.213
GLOBAL,PWRBIOINDNO01,2032,0.213
GLOBAL,PWRBIOINDNO01,2033,0.213
GLOBAL,PWRBIOINDNO01,2034,0.213
GLOBAL,PWRBIOINDNO01,2035,0.213
GLOBAL,PWRBIOINDNO01,2036,0.213
GLOBAL,PWRBIOINDNO01,2037,0.213
GLOBAL,PWRBIOINDNO01,2038,0.213
GLOBAL,PWRBIOINDNO01,2039,0.148
GLOBAL,PWRBIOINDNO01,2040,0.108
GLOBAL,PWRBIOINDNO01,2041,0.108
GLOBAL,PWRBIOINDNO01,2042,0.108
GLOBAL,PWRBIOINDNO01,2043,0.108
GLOBAL,PWRBIOINDNO01,2044,0.108
GLOBAL,PWRBIOINDNO01,2045,0.108
GLOBAL,PWRBIOINDNO01,2046,0.108
GLOBAL,PWRBIOINDNO01,2047,0.108
GLOBAL,PWRBIOINDNO01,2048,0.108
GLOBAL,PWRBIOINDNO01,2049,0.108
GLOBAL,PWRBIOINDNO01,2050,0.108
GLOBAL,PWRBIOINDWE01,2021,0.111
GLOBAL,PWRBIOINDWE01,2022,0.111
GLOBAL,PWRBIOINDWE01,2023,0.111
GLOBAL,PWRBIOINDWE01,2024,0.111
GLOBAL,PWRBIOINDWE01,2025,0.111
GLOBAL,PWRBIOINDWE01,2026,0.111
GLOBAL,PWRBIOINDWE01,2027,0.111
GLOBAL,PWRBIOINDWE01,2028,0.111
GLOBAL,PWRBIOINDWE01,2029,0.111
GLOBAL,PWRBIOINDWE01,2030,0.111
GLOBAL,PWRBIOINDWE01,2031,0.111
GLOBAL,PWRBIOINDWE01,2032,0.111
GLOBAL,PWRBIOINDWE01,2033,0.111
GLOBAL,PWRBIOINDWE01,2034,0.111
GLOBAL,PWRBIOINDWE01,2035,0.111
GLOBAL,PWRBIOINDWE01,2036,0.111
GLOBAL,PWRBIOINDWE01,2037,0.111
GLOBAL,PWRBIOINDWE01,2038,0.111
GLOBAL,PWRBIOINDWE01,2039,0.111
GLOBAL,PWRBIOINDWE01,2040,0.111
GLOBAL,PWRBIOINDWE01,2041,0.111
GLOBAL,PWRBIOINDWE01,2042,0.111
GLOBAL,PWRBIOINDWE01,2043,0.111
GLOBAL,PWRBIOINDWE01,2044,0.111
GLOBAL,PWRBIOINDWE01,2045,0.111
GLOBAL,PWRBIOINDWE01,2046,0.111
GLOBAL,PWRBIOINDWE01,2047,0.111
GLOBAL,PWRBIOINDWE01,2048,0.111
GLOBAL,PWRBIOINDWE01,2049,0.111
GLOBAL,PWRBIOINDWE01,2050,0.111
GLOBAL,PWRCCGINDEA00,2021,0.17
GLOBAL,PWRCCGINDEA00,2022,0.17
GLOBAL,PWRCCGINDEA00,2023,0.17
GLOBAL,PWRCCGINDEA00,2024,0.17
GLOBAL,PWRCCGINDEA00,2025,0.17
GLOBAL,PWRCCGINDEA00,2026,0.17
GLOBAL,PWRCCGINDEA00,2027,0.17
GLOBAL,PWRCCGINDEA00,2028,0.17
GLOBAL,PWRCCGINDEA00,2029,0.17
GLOBAL,PWRCCGINDEA00,2030,0.17
GLOBAL,PWRCCGINDEA00,2031,0.054
GLOBAL,PWRCCGINDEA00,2032,0.054
GLOBAL,PWRCCGINDEA00,2033,0.054
GLOBAL,PWRCCGINDEA00,2034,0.054
GLOBAL,PWRCCGINDEA00,2035,0.054
GLOBAL,PWRCCGINDEA00,2036,0.054
GLOBAL,PWRCCGINDNE00,2021,1.4684
GLOBAL,PWRCCGINDNE00,2022,1.4684
GLOBAL,PWRCCGINDNE00,2023,1.4684
GLOBAL,PWRCCGINDNE00,2024,1.4684
GLOBAL,PWRCCGINDNE00,2025,1.4684
GLOBAL,PWRCCGINDNE00,2026,1.4684
GLOBAL,PWRCCGINDNE00,2027,1.4684
GLOBAL,PWRCCGINDNE00,2028,1.4684
GLOBAL,PWRCCGINDNE00,2029,1.1774
GLOBAL,PWRCCGINDNE00,2030,1.1774
GLOBAL,PWRCCGINDNE00,2031,1.1774
GLOBAL,PWRCCGINDNE00,2032,1.1774
GLOBAL,PWRCCGINDNE00,2033,1.1774
GLOBAL,PWRCCGINDNE00,2034,1.1774
GLOBAL,PWRCCGINDNE00,2035,1.1774
GLOBAL,PWRCCGINDNE00,2036,1.1774
GLOBAL,PWRCCGINDNE00,2037,1.1244
GLOBAL,PWRCCGINDNE00,2038,1.1244
GLOBAL,PWRCCGINDNE00,2039,1.1244
GLOBAL,PWRCCGINDNE00,2040,1.1244
GLOBAL,PWRCCGINDNE00,2041,1.1244
GLOBAL,PWRCCGINDNE00,2042,1.1244
GLOBAL,PWRCCGINDNE00,2043,1.1244
GLOBAL,PWRCCGINDNE00,2044,1.1244
GLOBAL,PWRCCGINDNE00,2045,0.7614
GLOBAL,PWRCCGINDNE00,2046,0.2634
GLOBAL,PWRCCGINDNE00,2047,0.1624
GLOBAL,PWRCCGINDNE00,2048,0.1624
GLOBAL,PWRCCGINDNE00,2049,0.1624
GLOBAL,PWRCCGINDNE00,2050,0.1624
GLOBAL,PWRCCGINDNO00,2021,6.2534
GLOBAL,PWRCCGINDNO00,2022,6.2534
GLOBAL,PWRCCGINDNO00,2023,6.2534
GLOBAL,PWRCCGINDNO00,2024,6.2534
GLOBAL,PWRCCGINDNO00,2025,5.4237
GLOBAL,PWRCCGINDNO00,2026,5.4237
GLOBAL,PWRCCGINDNO00,2027,5.1537
GLOBAL,PWRCCGINDNO00,2028,5.1537
GLOBAL,PWRCCGINDNO00,2029,5.1537
GLOBAL,PWRCCGINDNO00,2030,5.1537
GLOBAL,PWRCCGINDNO00,2031,3.6398
GLOBAL,PWRCCGINDNO00,2032,3.5298
GLOBAL,PWRCCGINDNO00,2033,3.5298
GLOBAL,PWRCCGINDNO00,2034,3.1994
GLOBAL,PWRCCGINDNO00,2035,3.1994
GLOBAL,PWRCCGINDNO00,2036,3.1994
GLOBAL,PWRCCGINDNO00,2037,3.1218
GLOBAL,PWRCCGINDNO00,2038,2.7918
GLOBAL,PWRCCGINDNO00,2039,2.7918
GLOBAL,PWRCCGINDNO00,2040,2.7918
GLOBAL,PWRCCGINDNO00,2041,2.5535
GLOBAL,PWRCCGINDNO00,2042,2.4455
GLOBAL,PWRCCGINDNO00,2043,1.6955
GLOBAL,PWRCCGINDNO00,2044,1.425
GLOBAL,PWRCCGINDNO00,2045,0.675
GLOBAL,PWRCCGINDNO00,2046,0.675
GLOBAL,PWRCCGINDNO00,2047,0.225
GLOBAL,PWRCCGINDNO00,2048,0.225
GLOBAL,PWRCCGINDNO00,2049,0.225
GLOBAL,PWRCCGINDNO00,2050,0.225
GLOBAL,PWRCCGINDSO00,2021,6.415
GLOBAL,PWRCCGINDSO00,2022,6.415
GLOBAL,PWRCCGINDSO00,2023,6.415
GLOBAL,PWRCCGINDSO00,2024,6.415
GLOBAL,PWRCCGINDSO00,2025,6.415
GLOBAL,PWRCCGINDSO00,2026,6.415
GLOBAL,PWRCCGINDSO00,2027,6.415
GLOBAL,PWRCCGINDSO00,2028,6.008
GLOBAL,PWRCCGINDSO00,2029,5.8
GLOBAL,PWRCCGINDSO00,2030,5.635
GLOBAL,PWRCCGINDSO00,2031,5.167
GLOBAL,PWRCCGINDSO00,2032,4.509
GLOBAL,PWRCCGINDSO00,2033,4.289
GLOBAL,PWRCCGINDSO00,2034,4.194
GLOBAL,PWRCCGINDSO00,2035,4.093
GLOBAL,PWRCCGINDSO00,2036,3.753
GLOBAL,PWRCCGINDSO00,2037,3.305
GLOBAL,PWRCCGINDSO00,2038,3.247
GLOBAL,PWRCCGINDSO00,2039,3.155
GLOBAL,PWRCCGINDSO00,2040,2.691
GLOBAL,PWRCCGINDSO00,2041,1.88
GLOBAL,PWRCCGINDSO00,2042,1.88
GLOBAL,PWRCCGINDSO00,2043,1.88
GLOBAL,PWRCCGINDSO00,2044,1.88
GLOBAL,PWRCCGINDSO00,2045,1.88
GLOBAL,PWRCCGINDSO00,2046,0.37
GLOBAL,PWRCCGINDSO00,2047,0.37
GLOBAL,PWRCCGINDSO00,2048,0.37
GLOBAL,PWRCCGINDSO00,2049,0.37
GLOBAL,PWRCCGINDSO00,2050,0.37
GLOBAL,PWRCCGINDWE00,2021,12.518
GLOBAL,PWRCCGINDWE00,2022,12.518
GLOBAL,PWRCCGINDWE00,2023,12.518
GLOBAL,PWRCCGINDWE00,2024,11.862
GLOBAL,PWRCCGINDWE00,2025,11.01
GLOBAL,PWRCCGINDWE00,2026,10.353
GLOBAL,PWRCCGINDWE00,2027,10.353
GLOBAL,PWRCCGINDWE00,2028,9.623
GLOBAL,PWRCCGINDWE00,2029,8.328
GLOBAL,PWRCCGINDWE00,2030,8.328
GLOBAL,PWRCCGINDWE00,2031,7.813
GLOBAL,PWRCCGINDWE00,2032,7.813
GLOBAL,PWRCCGINDWE00,2033,7.657
GLOBAL,PWRCCGINDWE00,2034,7.657
GLOBAL,PWRCCGINDWE00,2035,7.551
GLOBAL,PWRCCGINDWE00,2036,7.551
GLOBAL,PWRCCGINDWE00,2037,6.274
GLOBAL,PWRCCGINDWE00,2038,5.498
GLOBAL,PWRCCGINDWE00,2039,5.498
GLOBAL,PWRCCGINDWE00,2040,3.975
GLOBAL,PWRCCGINDWE00,2041,3.595
GLOBAL,PWRCCGINDWE00,2042,3.595
GLOBAL,PWRCCGINDWE00,2043,3.244
GLOBAL,PWRCCGINDWE00,2044,2.51
GLOBAL,PWRCCGINDWE00,2045,0.583
GLOBAL,PWRCCGINDWE00,2046,0.583
GLOBAL,PWRCCGINDWE00,2047,0.195
GLOBAL,PWRCCGTZAXX00,2021,1.02
GLOBAL,PWRCCGTZAXX00,2022,1.1
GLOBAL,PWRCCGTZAXX00,2023,1.15
GLOBAL,PWRCCGTZAXX00,2024,1.15
GLOBAL,PWRCCGTZAXX00,2025,1.15
GLOBAL,PWRCCGTZAXX00,2026,1.15
GLOBAL,PWRCCGTZAXX00,2027,1.15
GLOBAL,PWRCCGTZAXX00,2028,1.15
GLOBAL,PWRCCGTZAXX00,2029,1.15
GLOBAL,PWRCCGTZAXX00,2030,1.15
GLOBAL,PWRCCGTZAXX00,2031,1.15
GLOBAL,PWRCCGTZAXX00,2032,1.15
GLOBAL,PWRCCGTZAXX00,2033,1.15
GLOBAL,PWRCCGTZAXX00,2034,1.15
GLOBAL,PWRCCGTZAXX00,2035,1.15
GLOBAL,PWRCCGTZAXX00,2036,1.15
GLOBAL,PWRCCGTZAXX00,2037,1.15
GLOBAL,PWRCCGTZAXX00,2038,1.15
GLOBAL,PWRCCGTZAXX00,2039,1.15
GLOBAL,PWRCCGTZAXX00,2040,1.15
GLOBAL,PWRCCGTZAXX00,2041,1.15
GLOBAL,PWRCCGTZAXX00,2042,1.15
GLOBAL,PWRCCGTZAXX00,2043,1.15
GLOBAL,PWRCCGTZAXX00,2044,1.15
GLOBAL,PWRCCGTZAXX00,2045,1.15
GLOBAL,PWRCCGTZAXX00,2046,1.15
GLOBAL,PWRCCGTZAXX00,2047,1.15
GLOBAL,PWRCCGTZAXX00,2048,1.15
GLOBAL,PWRCCGTZAXX00,2049,1.15
GLOBAL,PWRCCGTZAXX00,2050,1.15
GLOBAL,PWRCOAINDEA01,2021,46.026
GLOBAL,PWRCOAINDEA01,2022,46.996
GLOBAL,PWRCOAINDEA01,2023,51.976
GLOBAL,PWRCOAINDEA01,2024,55.788
GLOBAL,PWRCOAINDEA01,2025,57.328
GLOBAL,PWRCOAINDEA01,2026,58.213
GLOBAL,PWRCOAINDEA01,2027,60.263
GLOBAL,PWRCOAINDEA01,2028,59.553
GLOBAL,PWRCOAINDEA01,2029,59.553
GLOBAL,PWRCOAINDEA01,2030,58.4455
GLOBAL,PWRCOAINDEA01,2031,54.6655
GLOBAL,PWRCOAINDEA01,2032,53.468
GLOBAL,PWRCOAINDEA01,2033,53.008
GLOBAL,PWRCOAINDEA01,2034,52.798
GLOBAL,PWRCOAINDEA01,2035,52.018
GLOBAL,PWRCOAINDEA01,2036,51.658
GLOBAL,PWRCOAINDEA01,2037,51.328
GLOBAL,PWRCOAINDEA01,2038,51.208
GLOBAL,PWRCOAINDEA01,2039,50.208
GLOBAL,PWRCOAINDEA01,2040,50.208
GLOBAL,PWRCOAINDEA01,2041,48.888
GLOBAL,PWRCOAINDEA01,2042,48.198
GLOBAL,PWRCOAINDEA01,2043,47.243
GLOBAL,PWRCOAINDEA01,2044,44.508
GLOBAL,PWRCOAINDEA01,2045,42.993
GLOBAL,PWRCOAINDEA01,2046,40.223
GLOBAL,PWRCOAINDEA01,2047,35.443
GLOBAL,PWRCOAINDEA01,2048,33.413
GLOBAL,PWRCOAINDEA01,2049,31.189
GLOBAL,PWRCOAINDEA01,2050,27.595
GLOBAL,PWRCOAINDNE01,2021,0.75
GLOBAL,PWRCOAINDNE01,2022,0.75
GLOBAL,PWRCOAINDNE01,2023,0.75
GLOBAL,PWRCOAINDNE01,2024,0.75
GLOBAL,PWRCOAINDNE01,2025,0.75
GLOBAL,PWRCOAINDNE01,2026,0.75
GLOBAL,PWRCOAINDNE01,2027,0.75
GLOBAL,PWRCOAINDNE01,2028,0.75
GLOBAL,PWRCOAINDNE01,2029,0.75
GLOBAL,PWRCOAINDNE01,2030,0.75
GLOBAL,PWRCOAINDNE01,2031,0.75
GLOBAL,PWRCOAINDNE01,2032,0.75
GLOBAL,PWRCOAINDNE01,2033,0.75
GLOBAL,PWRCOAINDNE01,2034,0.75
GLOBAL,PWRCOAINDNE01,2035,0.75
GLOBAL,PWRCOAINDNE01,2036,0.75
GLOBAL,PWRCOAINDNE01,2037,0.75
GLOBAL,PWRCOAINDNE01,2038,0.75
GLOBAL,PWRCOAINDNE01,2039,0.75
GLOBAL,PWRCOAINDNE01,2040,0.75
GLOBAL,PWRCOAINDNE01,2041,0.75
GLOBAL,PWRCOAINDNE01,2042,0.75
GLOBAL,PWRCOAINDNE01,2043,0.75
GLOBAL,PWRCOAINDNE01,2044,0.75
GLOBAL,PWRCOAINDNE01,2045,0.75
GLOBAL,PWRCOAINDNE01,2046,0.75
GLOBAL,PWRCOAINDNE01,2047,0.75
GLOBAL,PWRCOAINDNE01,2048,0.75
GLOBAL,PWRCOAINDNE01,2049,0.75
GLOBAL,PWRCOAINDNE01,2050,0.75
GLOBAL,PWRCOAINDNO01,2021,48.8917
GLOBAL,PWRCOAINDNO01,2022,49.5517
GLOBAL,PWRCOAINDNO01,2023,52.1917
GLOBAL,PWRCOAINDNO01,2024,54.7017
GLOBAL,PWRCOAINDNO01,2025,53.3937
GLOBAL,PWRCOAINDNO01,2026,53.1487
GLOBAL,PWRCOAINDNO01,2027,52.9387
GLOBAL,PWRCOAINDNO01,2028,52.5187
GLOBAL,PWRCOAINDNO01,2029,51.5987
GLOBAL,PWRCOAINDNO01,2030,50.8887
GLOBAL,PWRCOAINDNO01,2031,46.7707
GLOBAL,PWRCOAINDNO01,2032,46.7707
GLOBAL,PWRCOAINDNO01,2033,44.6767
GLOBAL,PWRCOAINDNO01,2034,43.956
GLOBAL,PWRCOAINDNO01,2035,43.536
GLOBAL,PWRCOAINDNO01,2036,43.286
GLOBAL,PWRCOAINDNO01,2037,42.826
GLOBAL,PWRCOAINDNO01,2038,42.576
GLOBAL,PWRCOAINDNO01,2039,42.091
GLOBAL,PWRCOAINDNO01,2040,41.646
GLOBAL,PWRCOAINDNO01,2041,40.061
GLOBAL,PWRCOAINDNO01,2042,39.641
GLOBAL,PWRCOAINDNO01,2043,39.226
GLOBAL,PWRCOAINDNO01,2044,38.296
GLOBAL,PWRCOAINDNO01,2045,37.138
GLOBAL,PWRCOAINDNO01,2046,33.728
GLOBAL,PWRCOAINDNO01,2047,29.995
GLOBAL,PWRCOAINDNO01,2048,26.41
GLOBAL,PWRCOAINDNO01,2049,24.87
GLOBAL,PWRCOAINDNO01,2050,20.64
GLOBAL,PWRCOAINDSO01,2021,47.5645
GLOBAL,PWRCOAINDSO01,2022,47.8345
GLOBAL,PWRCOAINDSO01,2023,53.4345
GLOBAL,PWRCOAINDSO01,2024,55.9945
GLOBAL,PWRCOAINDSO01,2025,57.3545
GLOBAL,PWRCOAINDSO01,2026,57.432
GLOBAL,PWRCOAINDSO01,2027,56.712
GLOBAL,PWRCOAINDSO01,2028,56.292
GLOBAL,PWRCOAINDSO01,2029,56.082
GLOBAL,PWRCOAINDSO01,2030,55.242
GLOBAL,PWRCOAINDSO01,2031,51.492
GLOBAL,PWRCOAINDSO01,2032,51.252
GLOBAL,PWRCOAINDSO01,2033,48.882
GLOBAL,PWRCOAINDSO01,2034,48.632
GLOBAL,PWRCOAINDSO01,2035,48.212
GLOBAL,PWRCOAINDSO01,2036,47.952
GLOBAL,PWRCOAINDSO01,2037,47.952
GLOBAL,PWRCOAINDSO01,2038,46.282
GLOBAL,PWRCOAINDSO01,2039,46.072
GLOBAL,PWRCOAINDSO01,2040,46.072
GLOBAL,PWRCOAINDSO01,2041,44.212
GLOBAL,PWRCOAINDSO01,2042,44.024
GLOBAL,PWRCOAINDSO01,2043,43.104
GLOBAL,PWRCOAINDSO01,2044,43.026
GLOBAL,PWRCOAINDSO01,2045,41.891
GLOBAL,PWRCOAINDSO01,2046,40.177
GLOBAL,PWRCOAINDSO01,2047,38.157
GLOBAL,PWRCOAINDSO01,2048,35.372
GLOBAL,PWRCOAINDSO01,2049,32.573
GLOBAL,PWRCOAINDSO01,2050,30.493
GLOBAL,PWRCOAINDWE01,2021,100.456
GLOBAL,PWRCOAINDWE01,2022,100.586
GLOBAL,PWRCOAINDWE01,2023,101.366
GLOBAL,PWRCOAINDWE01,2024,100.276
GLOBAL,PWRCOAINDWE01,2025,99.146
GLOBAL,PWRCOAINDWE01,2026,98.246
GLOBAL,PWRCOAINDWE01,2027,97.996
GLOBAL,PWRCOAINDWE01,2028,98.296
GLOBAL,PWRCOAINDWE01,2029,98.086
GLOBAL,PWRCOAINDWE01,2030,97.876
GLOBAL,PWRCOAINDWE01,2031,90.276
GLOBAL,PWRCOAINDWE01,2032,90.276
GLOBAL,PWRCOAINDWE01,2033,84.501
GLOBAL,PWRCOAINDWE01,2034,84.051
GLOBAL,PWRCOAINDWE01,2035,82.926
GLOBAL,PWRCOAINDWE01,2036,82.091
GLOBAL,PWRCOAINDWE01,2037,81.826
GLOBAL,PWRCOAINDWE01,2038,81.826
GLOBAL,PWRCOAINDWE01,2039,81.3865
GLOBAL,PWRCOAINDWE01,2040,81.349
GLOBAL,PWRCOAINDWE01,2041,78.079
GLOBAL,PWRCOAINDWE01,2042,77.089
GLOBAL,PWRCOAINDWE01,2043,74.111
GLOBAL,PWRCOAINDWE01,2044,72.538
GLOBAL,PWRCOAINDWE01,2045,70.803
GLOBAL,PWRCOAINDWE01,2046,66.673
GLOBAL,PWRCOAINDWE01,2047,62.071
GLOBAL,PWRCOAINDWE01,2048,52.905
GLOBAL,PWRCOAINDWE01,2049,41.36
GLOBAL,PWRCOAINDWE01,2050,30.615
GLOBAL,PWRGEOKENXX01,2021,0.863
GLOBAL,PWRGEOKENXX01,2022,0.863
GLOBAL,PWRGEOKENXX01,2023,0.863
GLOBAL,PWRGEOKENXX01,2024,0.863
GLOBAL,PWRGEOKENXX01,2025,0.863
GLOBAL,PWRGEOKENXX01,2026,0.863
GLOBAL,PWRGEOKENXX01,2027,0.863
GLOBAL,PWRGEOKENXX01,2028,0.863
GLOBAL,PWRGEOKENXX01,2029,0.863
GLOBAL,PWRGEOKENXX01,2030,0.863
GLOBAL,PWRGEOKENXX01,2031,0.863
GLOBAL,PWRGEOKENXX01,2032,0.863
GLOBAL,PWRGEOKENXX01,2033,0.863
GLOBAL,PWRGEOKENXX01,2034,0.863
GLOBAL,PWRGEOKENXX01,2035,0.863
GLOBAL,PWRGEOKENXX01,2036,0.863
GLOBAL,PWRGEOKENXX01,2037,0.863
GLOBAL,PWRGEOKENXX01,2038,0.863
GLOBAL,PWRGEOKENXX01,2039,0.863
GLOBAL,PWRGEOKENXX01,2040,0.863
GLOBAL,PWRGEOKENXX01,2041,0.863
GLOBAL,PWRGEOKENXX01,2042,0.863
GLOBAL,PWRGEOKENXX01,2043,0.863
GLOBAL,PWRGEOKENXX01,2044,0.863
GLOBAL,PWRGEOKENXX01,2045,0.863
GLOBAL,PWRGEOKENXX01,2046,0.863
GLOBAL,PWRGEOKENXX01,2047,0.863
GLOBAL,PWRGEOKENXX01,2048,0.863
GLOBAL,PWRGEOKENXX01,2049,0.863
GLOBAL,PWRGEOKENXX01,2050,0.863
GLOBAL,PWRHYDBTNXX01,2021,2.202
GLOBAL,PWRHYDBTNXX01,2022,2.202
GLOBAL,PWRHYDBTNXX01,2023,3.34
GLOBAL,PWRHYDBTNXX01,2024,3.34
GLOBAL,PWRHYDBTNXX01,2025,4.54
GLOBAL,PWRHYDBTNXX01,2026,4.54
GLOBAL,PWRHYDBTNXX01,2027,4.54
GLOBAL,PWRHYDBTNXX01,2028,4.54
GLOBAL,PWRHYDBTNXX01,2029,4.54
GLOBAL,PWRHYDBTNXX01,2030,4.54
GLOBAL,PWRHYDBTNXX01,2031,4.54
GLOBAL,PWRHYDBTNXX01,2032,4.54
GLOBAL,PWRHYDBTNXX01,2033,4.54
GLOBAL,PWRHYDBTNXX01,2034,4.54
GLOBAL,PWRHYDBTNXX01,2035,4.54
GLOBAL,PWRHYDBTNXX01,2036,4.54
GLOBAL,PWRHYDBTNXX01,2037,4.54
GLOBAL,PWRHYDBTNXX01,2038,4.54
GLOBAL,PWRHYDBTNXX01,2039,4.54
GLOBAL,PWRHYDBTNXX01,2040,4.54
GLOBAL,PWRHYDBTNXX01,2041,4.54
GLOBAL,PWRHYDBTNXX01,2042,4.54
GLOBAL,PWRHYDBTNXX01,2043,4.54
GLOBAL,PWRHYDBTNXX01,2044,4.54
GLOBAL,PWRHYDBTNXX01,2045,4.54
GLOBAL,PWRHYDBTNXX01,2046,4.54
GLOBAL,PWRHYDBTNXX01,2047,4.54
GLOBAL,PWRHYDBTNXX01,2048,4.54
GLOBAL,PWRHYDBTNXX01,2049,4.54
GLOBAL,PWRHYDBTNXX01,2050,4.54
GLOBAL,PWRHYDINDEA01,2021,5.582
GLOBAL,PWRHYDINDEA01,2022,5.582
GLOBAL,PWRHYDINDEA01,2023,5.582
GLOBAL,PWRHYDINDEA01,2024,6.202
GLOBAL,PWRHYDINDEA01,2025,6.202
GLOBAL,PWRHYDINDEA01,2026,6.202
GLOBAL,PWRHYDINDEA01,2027,6.202
GLOBAL,PWRHYDINDEA01,2028,6.202
GLOBAL,PWRHYDINDEA01,2029,6.202
GLOBAL,PWRHYDINDEA01,2030,6.202
GLOBAL,PWRHYDINDEA01,2031,6.202
GLOBAL,PWRHYDINDEA01,2032,6.202
GLOBAL,PWRHYDINDEA01,2033,6.202
GLOBAL,PWRHYDINDEA01,2034,6.202
GLOBAL,PWRHYDINDEA01,2035,6.202
GLOBAL,PWRHYDINDEA01,2036,6.202
GLOBAL,PWRHYDINDEA01,2037,6.202
GLOBAL,PWRHYDINDEA01,2038,6.202
GLOBAL,PWRHYDINDEA01,2039,6.202
GLOBAL,PWRHYDINDEA01,2040,6.202
GLOBAL,PWRHYDINDEA01,2041,6.202
GLOBAL,PWRHYDINDEA01,2042,6.202
GLOBAL,PWRHYDINDEA01,2043,6.202
GLOBAL,PWRHYDINDEA01,2044,6.202
GLOBAL,PWRHYDINDEA01,2045,6.202
GLOBAL,PWRHYDINDEA01,2046,6.202
GLOBAL,PWRHYDINDEA01,2047,6.202
GLOBAL,PWRHYDINDEA01,2048,6.202
GLOBAL,PWRHYDINDEA01,2049,6.202
GLOBAL,PWRHYDINDEA01,2050,6.202
GLOBAL,PWRHYDINDNE01,2021,1.721
GLOBAL,PWRHYDINDNE01,2022,1.721
GLOBAL,PWRHYDINDNE01,2023,3.721
GLOBAL,PWRHYDINDNE01,2024,3.831
GLOBAL,PWRHYDINDNE01,2025,3.831
GLOBAL,PWRHYDINDNE01,2026,3.831
GLOBAL,PWRHYDINDNE01,2027,3.831
GLOBAL,PWRHYDINDNE01,2028,3.831
GLOBAL,PWRHYDINDNE01,2029,3.831
GLOBAL,PWRHYDINDNE01,2030,3.831
GLOBAL,PWRHYDINDNE01,2031,3.831
GLOBAL,PWRHYDINDNE01,2032,3.831
GLOBAL,PWRHYDINDNE01,2033,3.831
GLOBAL,PWRHYDINDNE01,2034,3.831
GLOBAL,PWRHYDINDNE01,2035,3.831
GLOBAL,PWRHYDINDNE01,2036,3.831
GLOBAL,PWRHYDINDNE01,2037,3.831
GLOBAL,PWRHYDINDNE01,2038,3.831
GLOBAL,PWRHYDINDNE01,2039,3.831
GLOBAL,PWRHYDINDNE01,2040,3.831
GLOBAL,PWRHYDINDNE01,2041,3.831
GLOBAL,PWRHYDINDNE01,2042,3.831
GLOBAL,PWRHYDINDNE01,2043,3.831
GLOBAL,PWRHYDINDNE01,2044,3.831
GLOBAL,PWRHYDINDNE01,2045,3.831
GLOBAL,PWRHYDINDNE01,2046,3.831
GLOBAL,PWRHYDINDNE01,2047,3.831
GLOBAL,PWRHYDINDNE01,2048,3.831
GLOBAL,PWRHYDINDNE01,2049,3.831
GLOBAL,PWRHYDINDNE01,2050,3.831
GLOBAL,PWRHYDINDNO01,2021,20.964
GLOBAL,PWRHYDINDNO01,2022,21.264
GLOBAL,PWRHYDINDNO01,2023,23.758
GLOBAL,PWRHYDINDNO01,2024,23.758
GLOBAL,PWRHYDINDNO01,2025,25.622
GLOBAL,PWRHYDINDNO01,2026,25.832
GLOBAL,PWRHYDINDNO01,2027,25.832
GLOBAL,PWRHYDINDNO01,2028,25.832
GLOBAL,PWRHYDINDNO01,2029,25.832
GLOBAL,PWRHYDINDNO01,2030,25.832
GLOBAL,PWRHYDINDNO01,2031,25.832
GLOBAL,PWRHYDINDNO01,2032,25.832
GLOBAL,PWRHYDINDNO01,2033,25.722
GLOBAL,PWRHYDINDNO01,2034,25.722
GLOBAL,PWRHYDINDNO01,2035,25.722
GLOBAL,PWRHYDINDNO01,2036,25.722
GLOBAL,PWRHYDINDNO01,2037,25.722
GLOBAL,PWRHYDINDNO01,2038,25.722
GLOBAL,PWRHYDINDNO01,2039,25.722
GLOBAL,PWRHYDINDNO01,2040,25.722
GLOBAL,PWRHYDINDNO01,2041,25.722
GLOBAL,PWRHYDINDNO01,2042,25.722
GLOBAL,PWRHYDINDNO01,2043,25.722
GLOBAL,PWRHYDINDNO01,2044,25.722
GLOBAL,PWRHYDINDNO01,2045,25.722
GLOBAL,PWRHYDINDNO01,2046,25.722
GLOBAL,PWRHYDINDNO01,2047,25.722
GLOBAL,PWRHYDINDNO01,2048,25.722
GLOBAL,PWRHYDINDNO01,2049,25.722
GLOBAL,PWRHYDINDNO01,2050,25.722
GLOBAL,PWRHYDINDSO01,2021,11.215
GLOBAL,PWRHYDINDSO01,2022,11.215
GLOBAL,PWRHYDINDSO01,2023,11.715
GLOBAL,PWRHYDINDSO01,2024,11.715
GLOBAL,PWRHYDINDSO01,2025,11.715
GLOBAL,PWRHYDINDSO01,2026,11.715
GLOBAL,PWRHYDINDSO01,2027,11.715
GLOBAL,PWRHYDINDSO01,2028,11.715
GLOBAL,PWRHYDINDSO01,2029,11.715
GLOBAL,PWRHYDINDSO01,2030,11.715
GLOBAL,PWRHYDINDSO01,2031,11.715
GLOBAL,PWRHYDINDSO01,2032,11.715
GLOBAL,PWRHYDINDSO01,2033,11.715
GLOBAL,PWRHYDINDSO01,2034,11.715
GLOBAL,PWRHYDINDSO01,2035,11.715
GLOBAL,PWRHYDINDSO01,2036,11.715
GLOBAL,PWRHYDINDSO01,2037,11.715
GLOBAL,PWRHYDINDSO01,2038,11.715
GLOBAL,PWRHYDINDSO01,2039,11.715
GLOBAL,PWRHYDINDSO01,2040,11.715
GLOBAL,PWRHYDINDSO01,2041,11.715
GLOBAL,PWRHYDINDSO01,2042,11.715
GLOBAL,PWRHYDINDSO01,2043,11.715
GLOBAL,PWRHYDINDSO01,2044,11.715
GLOBAL,PWRHYDINDSO01,2045,11.715
GLOBAL,PWRHYDINDSO01,2046,11.715
GLOBAL,PWRHYDINDSO01,2047,11.715
GLOBAL,PWRHYDINDSO01,2048,11.715
GLOBAL,PWRHYDINDSO01,2049,11.715
GLOBAL,PWRHYDINDSO01,2050,11.576
GLOBAL,PWRHYDINDWE01,2021,6.935
GLOBAL,PWRHYDINDWE01,2022,6.935
GLOBAL,PWRHYDINDWE01,2023,6.935
GLOBAL,PWRHYDINDWE01,2024,6.935
GLOBAL,PWRHYDINDWE01,2025,7.015
GLOBAL,PWRHYDINDWE01,2026,7.015
GLOBAL,PWRHYDINDWE01,2027,7.015
GLOBAL,PWRHYDINDWE01,2028,6.715
GLOBAL,PWRHYDINDWE01,2029,6.715
GLOBAL,PWRHYDINDWE01,2030,6.715
GLOBAL,PWRHYDINDWE01,2031,6.715
GLOBAL,PWRHYDINDWE01,2032,6.715
GLOBAL,PWRHYDINDWE01,2033,6.715
GLOBAL,PWRHYDINDWE01,2034,6.715
GLOBAL,PWRHYDINDWE01,2035,6.715
GLOBAL,PWRHYDINDWE01,2036,6.715
GLOBAL,PWRHYDINDWE01,2037,6.715
GLOBAL,PWRHYDINDWE01,2038,6.715
GLOBAL,PWRHYDINDWE01,2039,6.715
GLOBAL,PWRHYDINDWE01,2040,6.715
GLOBAL,PWRHYDINDWE01,2041,6.715
GLOBAL,PWRHYDINDWE01,2042,6.715
GLOBAL,PWRHYDINDWE01,2043,6.715
GLOBAL,PWRHYDINDWE01,2044,6.715
GLOBAL,PWRHYDINDWE01,2045,6.715
GLOBAL,PWRHYDINDWE01,2046,6.715
GLOBAL,PWRHYDINDWE01,2047,6.715
GLOBAL,PWRHYDINDWE01,2048,6.715
GLOBAL,PWRHYDINDWE01,2049,6.715
GLOBAL,PWRHYDINDWE01,2050,6.715
GLOBAL,PWROCGINDEA00,2021,0.366
GLOBAL,PWROCGINDEA00,2022,0.366
GLOBAL,PWROCGINDEA00,2023,0.366
GLOBAL,PWROCGINDEA00,2024,0.366
GLOBAL,PWROCGINDEA00,2025,0.366
GLOBAL,PWROCGINDEA00,2026,0.366
GLOBAL,PWROCGINDEA00,2027,0.366
GLOBAL,PWROCGINDEA00,2028,0.366
GLOBAL,PWROCGINDEA00,2029,0.366
GLOBAL,PWROCGINDEA00,2030,0.366
GLOBAL,PWROCGINDEA00,2031,0.366
GLOBAL,PWROCGINDEA00,2032,0.366
GLOBAL,PWROCGINDEA00,2033,0.366
GLOBAL,PWROCGINDEA00,2034,0.366
GLOBAL,PWROCGINDEA00,2035,0.366
GLOBAL,PWROCGINDEA00,2036,0.366
GLOBAL,PWROCGINDNE00,2021,0.0698
GLOBAL,PWROCGINDNE00,2022,0.0698
GLOBAL,PWROCGINDNE00,2023,0.0698
GLOBAL,PWROCGINDNE00,2024,0.0698
GLOBAL,PWROCGINDNE00,2025,0.0698
GLOBAL,PWROCGINDNE00,2026,0.0698
GLOBAL,PWROCGINDNE00,2027,0.0698
GLOBAL,PWROCGINDNE00,2028,0.0698
GLOBAL,PWROCGINDNE00,2029,0.0698
GLOBAL,PWROCGINDNE00,2030,0.0698
GLOBAL,PWROCGINDNE00,2031,0.0698
GLOBAL,PWROCGINDNE00,2032,0.0698
GLOBAL,PWROCGINDNE00,2033,0.0698
GLOBAL,PWROCGINDNE00,2034,0.0698
GLOBAL,PWROCGINDNE00,2035,0.0698
GLOBAL,PWROCGINDNE00,2036,0.0698
GLOBAL,PWROCGINDNE00,2037,0.0698
GLOBAL,PWROCGINDNE00,2038,0.0698
GLOBAL,PWROCGINDNE00,2039,0.0698
GLOBAL,PWROCGINDNE00,2040,0.0698
GLOBAL,PWROCGINDNE00,2041,0.0698
GLOBAL,PWROCGINDNE00,2042,0.0698
GLOBAL,PWROCGINDNE00,2043,0.0698
GLOBAL,PWROCGINDNE00,2044,0.0698
GLOBAL,PWROCGINDNE00,2045,0.0698
GLOBAL,PWROCGINDNE00,2046,0.0698
GLOBAL,PWROCGINDNE00,2047,0.0698
GLOBAL,PWROCGINDNE00,2048,0.0698
GLOBAL,PWROCGINDNO00,2021,0.165
GLOBAL,PWROCGINDNO00,2022,0.165
GLOBAL,PWROCGINDNO00,2023,0.165
GLOBAL,PWROCGINDNO00,2024,0.165
GLOBAL,PWROCGINDNO00,2025,0.165
GLOBAL,PWROCGINDNO00,2026,0.165
GLOBAL,PWROCGINDNO00,2027,0.165
GLOBAL,PWROCGINDNO00,2028,0.165
GLOBAL,PWROCGINDNO00,2029,0.165
GLOBAL,PWROCGINDNO00,2030,0.165
GLOBAL,PWROCGINDNO00,2031,0.165
GLOBAL,PWROCGINDNO00,2032,0.165
GLOBAL,PWROCGINDNO00,2033,0.165
GLOBAL,PWROCGINDNO00,2034,0.165
GLOBAL,PWROCGINDNO00,2035,0.165
GLOBAL,PWROCGINDNO00,2036,0.165
GLOBAL,PWROCGINDNO00,2037,0.165
GLOBAL,PWROCGINDNO00,2038,0.165
GLOBAL,PWROCGINDNO00,2039,0.165
GLOBAL,PWROCGINDNO00,2040,0.165
GLOBAL,PWROCGINDNO00,2041,0.165
GLOBAL,PWROCGINDNO00,2042,0.165
GLOBAL,PWROCGINDSO00,2021,0.991
GLOBAL,PWROCGINDSO00,2022,0.991
GLOBAL,PWROCGINDSO00,2023,0.991
GLOBAL,PWROCGINDSO00,2024,0.991
GLOBAL,PWROCGINDSO00,2025,0.991
GLOBAL,PWROCGINDSO00,2026,0.991
GLOBAL,PWROCGINDSO00,2027,0.9235
GLOBAL,PWROCGINDSO00,2028,0.8595
GLOBAL,PWROCGINDSO00,2029,0.8595
GLOBAL,PWROCGINDSO00,2030,0.8595
GLOBAL,PWROCGINDSO00,2031,0.6795
GLOBAL,PWROCGINDSO00,2032,0.6795
GLOBAL,PWROCGINDSO00,2033,0.6795
GLOBAL,PWROCGINDSO00,2034,0.6795
GLOBAL,PWROCGINDSO00,2035,0.6795
GLOBAL,PWROCGINDSO00,2036,0.6795
GLOBAL,PWROCGINDSO00,2037,0.3015
GLOBAL,PWROCGINDSO00,2038,0.3015
GLOBAL,PWROCGINDSO00,2039,0.3015
GLOBAL,PWROCGINDSO00,2040,0.234
GLOBAL,PWROCGINDSO00,2041,0.234
GLOBAL,PWROCGINDSO00,2042,0.234
GLOBAL,PWROCGINDSO00,2043,0.234
GLOBAL,PWROCGINDSO00,2044,0.234
GLOBAL,PWROCGINDSO00,2045,0.12
GLOBAL,PWROCGINDWE00,2021,0.423
GLOBAL,PWROCGINDWE00,2022,0.423
GLOBAL,PWROCGINDWE00,2023,0.423
GLOBAL,PWROCGINDWE00,2024,0.423
GLOBAL,PWROCGINDWE00,2025,0.423
GLOBAL,PWROCGINDWE00,2026,0.423
GLOBAL,PWROCGINDWE00,2027,0.423
GLOBAL,PWROCGINDWE00,2028,0.423
GLOBAL,PWROCGINDWE00,2029,0.423
GLOBAL,PWROCGINDWE00,2030,0.423
GLOBAL,PWROCGINDWE00,2031,0.423
GLOBAL,PWROCGINDWE00,2032,0.423
GLOBAL,PWROCGINDWE00,2033,0.36
GLOBAL,PWROCGINDWE00,2034,0.36
GLOBAL,PWROCGINDWE00,2035,0.36
GLOBAL,PWROCGINDWE00,2036,0.36
GLOBAL,PWROCGINDWE00,2037,0.36
GLOBAL,PWROCGINDWE00,2038,0.36
GLOBAL,PWROCGINDWE00,2039,0.36
GLOBAL,PWROCGINDWE00,2040,0.36
GLOBAL,PWROCGINDWE00,2041,0.36
GLOBAL,PWROCGINDWE00,2042,0.36
GLOBAL,PWROCGINDWE00,2043,0.36
GLOBAL,PWROCGINDWE00,2044,0.36
GLOBAL,PWROCGINDWE00,2045,0.36
GLOBAL,PWROCGINDWE00,2046,0.36
GLOBAL,PWRSPVINDEA01,2021,0.221
GLOBAL,PWRSPVINDEA01,2022,0.221
GLOBAL,PWRSPVINDEA01,2023,0.221
GLOBAL,PWRSPVINDEA01,2024,0.221
GLOBAL,PWRSPVINDEA01,2025,0.221
GLOBAL,PWRSPVINDEA01,2026,0.221
GLOBAL,PWRSPVINDEA01,2027,0.221
GLOBAL,PWRSPVINDEA01,2028,0.221
GLOBAL,PWRSPVINDEA01,2029,0.221
GLOBAL,PWRSPVINDEA01,2030,0.221
GLOBAL,PWRSPVINDEA01,2031,0.221
GLOBAL,PWRSPVINDEA01,2032,0.221
GLOBAL,PWRSPVINDEA01,2033,0.221
GLOBAL,PWRSPVINDEA01,2034,0.221
GLOBAL,PWRSPVINDEA01,2035,0.221
GLOBAL,PWRSPVINDEA01,2036,0.221
GLOBAL,PWRSPVINDEA01,2037,0.221
GLOBAL,PWRSPVINDEA01,2038,0.221
GLOBAL,PWRSPVINDEA01,2039,0.221
GLOBAL,PWRSPVINDEA01,2040,0.221
GLOBAL,PWRSPVINDEA01,2041,0.221
GLOBAL,PWRSPVINDEA01,2042,0.221
GLOBAL,PWRSPVINDEA01,2043,0.221
GLOBAL,PWRSPVINDEA01,2044,0.221
GLOBAL,PWRSPVINDEA01,2045,0.221
GLOBAL,PWRSPVINDEA01,2046,0.201
GLOBAL,PWRSPVINDEA01,2047,0.137
GLOBAL,PWRSPVINDEA01,2048,0.137
GLOBAL,PWRSPVINDEA01,2049,0.08
GLOBAL,PWRSPVINDNE01,2021,0.032
GLOBAL,PWRSPVINDNE01,2022,0.167
GLOBAL,PWRSPVINDNE01,2023,0.167
GLOBAL,PWRSPVINDNE01,2024,0.167
GLOBAL,PWRSPVINDNE01,2025,0.167
GLOBAL,PWRSPVINDNE01,2026,0.167
GLOBAL,PWRSPVINDNE01,2027,0.167
GLOBAL,PWRSPVINDNE01,2028,0.167
GLOBAL,PWRSPVINDNE01,2029,0.167
GLOBAL,PWRSPVINDNE01,2030,0.167
GLOBAL,PWRSPVINDNE01,2031,0.167
GLOBAL,PWRSPVINDNE01,2032,0.167
GLOBAL,PWRSPVINDNE01,2033,0.167
GLOBAL,PWRSPVINDNE01,2034,0.167
GLOBAL,PWRSPVINDNE01,2035,0.167
GLOBAL,PWRSPVINDNE01,2036,0.167
GLOBAL,PWRSPVINDNE01,2037,0.167
GLOBAL,PWRSPVINDNE01,2038,0.167
GLOBAL,PWRSPVINDNE01,2039,0.167
GLOBAL,PWRSPVINDNE01,2040,0.167
GLOBAL,PWRSPVINDNE01,2041,0.167
GLOBAL,PWRSPVINDNE01,2042,0.167
GLOBAL,PWRSPVINDNE01,2043,0.167
GLOBAL,PWRSPVINDNE01,2044,0.167
GLOBAL,PWRSPVINDNE01,2045,0.167
GLOBAL,PWRSPVINDNE01,2046,0.167
GLOBAL,PWRSPVINDNE01,2047,0.167
GLOBAL,PWRSPVINDNE01,2048,0.167
GLOBAL,PWRSPVINDNE01,2049,0.167
GLOBAL,PWRSPVINDNE01,2050,0.167
GLOBAL,PWRSPVINDNO01,2021,10.961
GLOBAL,PWRSPVINDNO01,2022,14.007
GLOBAL,PWRSPVINDNO01,2023,14.007
GLOBAL,PWRSPVINDNO01,2024,14.307
GLOBAL,PWRSPVINDNO01,2025,14.307
GLOBAL,PWRSPVINDNO01,2026,14.307
GLOBAL,PWRSPVINDNO01,2027,14.307
GLOBAL,PWRSPVINDNO01,2028,14.307
GLOBAL,PWRSPVINDNO01,2029,14.307
GLOBAL,PWRSPVINDNO01,2030,14.307
GLOBAL,PWRSPVINDNO01,2031,14.307
GLOBAL,PWRSPVINDNO01,2032,14.307
GLOBAL,PWRSPVINDNO01,2033,14.307
GLOBAL,PWRSPVINDNO01,2034,14.307
GLOBAL,PWRSPVINDNO01,2035,14.307
GLOBAL,PWRSPVINDNO01,2036,14.307
GLOBAL,PWRSPVINDNO01,2037,14.307
GLOBAL,PWRSPVINDNO01,2038,14.307
GLOBAL,PWRSPVINDNO01,2039,14.307
GLOBAL,PWRSPVINDNO01,2040,14.307
GLOBAL,PWRSPVINDNO01,2041,14.307
GLOBAL,PWRSPVINDNO01,2042,14.283
GLOBAL,PWRSPVINDNO01,2043,14.216
GLOBAL,PWRSPVINDNO01,2044,14.026
GLOBAL,PWRSPVINDNO01,2045,13.992
GLOBAL,PWRSPVINDNO01,2046,9.609
GLOBAL,PWRSPVINDNO01,2047,9.17
GLOBAL,PWRSPVINDNO01,2048,8.276
GLOBAL,PWRSPVINDNO01,2049,7.31
GLOBAL,PWRSPVINDNO01,2050,6.163
GLOBAL,PWRSPVINDSO01,2021,16.273
GLOBAL,PWRSPVINDSO01,2022,16.856
GLOBAL,PWRSPVINDSO01,2023,16.856
GLOBAL,PWRSPVINDSO01,2024,16.956
GLOBAL,PWRSPVINDSO01,2025,16.956
GLOBAL,PWRSPVINDSO01,2026,16.956
GLOBAL,PWRSPVINDSO01,2027,16.956
GLOBAL,PWRSPVINDSO01,2028,16.956
GLOBAL,PWRSPVINDSO01,2029,16.956
GLOBAL,PWRSPVINDSO01,2030,16.956
GLOBAL,PWRSPVINDSO01,2031,16.956
GLOBAL,PWRSPVINDSO01,2032,16.956
GLOBAL,PWRSPVINDSO01,2033,16.956
GLOBAL,PWRSPVINDSO01,2034,16.956
GLOBAL,PWRSPVINDSO01,2035,16.956
GLOBAL,PWRSPVINDSO01,2036,16.956
GLOBAL,PWRSPVINDSO01,2037,16.956
GLOBAL,PWRSPVINDSO01,2038,16.956
GLOBAL,PWRSPVINDSO01,2039,16.956
GLOBAL,PWRSPVINDSO01,2040,16.956
GLOBAL,PWRSPVINDSO01,2041,16.956
GLOBAL,PWRSPVINDSO01,2042,16.956
GLOBAL,PWRSPVINDSO01,2043,16.956
GLOBAL,PWRSPVINDSO01,2044,16.956
GLOBAL,PWRSPVINDSO01,2045,16.906
GLOBAL,PWRSPVINDSO01,2046,13.316
GLOBAL,PWRSPVINDSO01,2047,11.957
GLOBAL,PWRSPVINDSO01,2048,7.657
GLOBAL,PWRSPVINDSO01,2049,4.28
GLOBAL,PWRSPVINDSO01,2050,1.934
GLOBAL,PWRSPVINDWE01,2021,7.692
GLOBAL,PWRSPVINDWE01,2022,8.291
GLOBAL,PWRSPVINDWE01,2023,8.393
GLOBAL,PWRSPVINDWE01,2024,8.993
GLOBAL,PWRSPVINDWE01,2025,8.993
GLOBAL,PWRSPVINDWE01,2026,8.993
GLOBAL,PWRSPVINDWE01,2027,8.993
GLOBAL,PWRSPVINDWE01,2028,8.993
GLOBAL,PWRSPVINDWE01,2029,8.993
GLOBAL,PWRSPVINDWE01,2030,8.993
GLOBAL,PWRSPVINDWE01,2031,8.993
GLOBAL,PWRSPVINDWE01,2032,8.993
GLOBAL,PWRSPVINDWE01,2033,8.993
GLOBAL,PWRSPVINDWE01,2034,8.993
GLOBAL,PWRSPVINDWE01,2035,8.993
GLOBAL,PWRSPVINDWE01,2036,8.993
GLOBAL,PWRSPVINDWE01,2037,8.993
GLOBAL,PWRSPVINDWE01,2038,8.993
GLOBAL,PWRSPVINDWE01,2039,8.993
GLOBAL,PWRSPVINDWE01,2040,8.993
GLOBAL,PWRSPVINDWE01,2041,8.993
GLOBAL,PWRSPVINDWE01,2042,8.933
GLOBAL,PWRSPVINDWE01,2043,8.813
GLOBAL,PWRSPVINDWE01,2044,8.666
GLOBAL,PWRSPVINDWE01,2045,8.274
GLOBAL,PWRSPVINDWE01,2046,6.1
GLOBAL,PWRSPVINDWE01,2047,5.965
GLOBAL,PWRSPVINDWE01,2048,5.19
GLOBAL,PWRSPVINDWE01,2049,3.203
GLOBAL,PWRSPVINDWE01,2050,2.671
GLOBAL,PWRSPVKENXX01,2021,0.22
GLOBAL,PWRSPVKENXX01,2022,0.32
GLOBAL,PWRSPVKENXX01,2023,0.37
GLOBAL,PWRSPVKENXX01,2024,0.37
GLOBAL,PWRSPVKENXX01,2025,0.37
GLOBAL,PWRSPVKENXX01,2026,0.37
GLOBAL,PWRSPVKENXX01,2027,0.37
GLOBAL,PWRSPVKENXX01,2028,0.37
GLOBAL,PWRSPVKENXX01,2029,0.37
GLOBAL,PWRSPVKENXX01,2030,0.37
GLOBAL,PWRSPVKENXX01,2031,0.37
GLOBAL,PWRSPVKENXX01,2032,0.37
GLOBAL,PWRSPVKENXX01,2033,0.37
GLOBAL,PWRSPVKENXX01,2034,0.37
GLOBAL,PWRSPVKENXX01,2035,0.37
GLOBAL,PWRSPVKENXX01,2036,0.37
GLOBAL,PWRSPVKENXX01,2037,0.37
GLOBAL,PWRSPVKENXX01,2038,0.37
GLOBAL,PWRSPVKENXX01,2039,0.37
GLOBAL,PWRSPVKENXX01,2040,0.37
GLOBAL,PWRSPVKENXX01,2041,0.37
GLOBAL,PWRSPVKENXX01,2042,0.37
GLOBAL,PWRSPVKENXX01,2043,0.37
GLOBAL,PWRSPVKENXX01,2044,0.37
GLOBAL,PWRURNINDNO01,2021,1.52
GLOBAL,PWRURNINDNO01,2022,2.22
GLOBAL,PWRURNINDNO01,2023,2.92
GLOBAL,PWRURNINDNO01,2024,2.92
GLOBAL,PWRURNINDNO01,2025,2.92
GLOBAL,PWRURNINDNO01,2026,2.92
GLOBAL,PWRURNINDNO01,2027,2.92
GLOBAL,PWRURNINDNO01,2028,4.32
GLOBAL,PWRURNINDNO01,2029,4.32
GLOBAL,PWRURNINDNO01,2030,4.32
GLOBAL,PWRURNINDNO01,2031,4.32
GLOBAL,PWRURNINDNO01,2032,4.32
GLOBAL,PWRURNINDNO01,2033,4.32
GLOBAL,PWRURNINDNO01,2034,4.32
GLOBAL,PWRURNINDNO01,2035,4.32
GLOBAL,PWRURNINDNO01,2036,4.32
GLOBAL,PWRURNINDNO01,2037,4.32
GLOBAL,PWRURNINDNO01,2038,4.32
GLOBAL,PWRURNINDNO01,2039,4.32
GLOBAL,PWRURNINDNO01,2040,4.32
GLOBAL,PWRURNINDNO01,2041,4.32
GLOBAL,PWRURNINDNO01,2042,4.12
GLOBAL,PWRURNINDNO01,2043,4.12
GLOBAL,PWRURNINDNO01,2044,4.12
GLOBAL,PWRURNINDNO01,2045,4.12
GLOBAL,PWRURNINDNO01,2046,4.12
GLOBAL,PWRURNINDNO01,2047,4.12
GLOBAL,PWRURNINDNO01,2048,4.12
GLOBAL,PWRURNINDNO01,2049,4.12
GLOBAL,PWRURNINDNO01,2050,4.12
GLOBAL,PWRURNINDSO01,2021,3.32
GLOBAL,PWRURNINDSO01,2022,3.82
GLOBAL,PWRURNINDSO01,2023,5.82
GLOBAL,PWRURNINDSO01,2024,5.82
GLOBAL,PWRURNINDSO01,2025,5.82
GLOBAL,PWRURNINDSO01,2026,8.22
GLOBAL,PWRURNINDSO01,2027,9.22
GLOBAL,PWRURNINDSO01,2028,9.22
GLOBAL,PWRURNINDSO01,2029,9.22
GLOBAL,PWRURNINDSO01,2030,9.22
GLOBAL,PWRURNINDSO01,2031,9.22
GLOBAL,PWRURNINDSO01,2032,9.22
GLOBAL,PWRURNINDSO01,2033,9.22
GLOBAL,PWRURNINDSO01,2034,9.22
GLOBAL,PWRURNINDSO01,2035,9.22
GLOBAL,PWRURNINDSO01,2036,9.22
GLOBAL,PWRURNINDSO01,2037,9.22
GLOBAL,PWRURNINDSO01,2038,9.22
GLOBAL,PWRURNINDSO01,2039,9.22
GLOBAL,PWRURNINDSO01,2040,9.22
GLOBAL,PWRURNINDSO01,2041,9.22
GLOBAL,PWRURNINDSO01,2042,9.22
GLOBAL,PWRURNINDSO01,2043,9.22
GLOBAL,PWRURNINDSO01,2044,9.22
GLOBAL,PWRURNINDSO01,2045,9.0
GLOBAL,PWRURNINDSO01,2046,9.0
GLOBAL,PWRURNINDSO01,2047,8.78
GLOBAL,PWRURNINDSO01,2048,8.78
GLOBAL,PWRURNINDSO01,2049,8.78
GLOBAL,PWRURNINDSO01,2050,8.78
GLOBAL,PWRURNINDWE01,2021,2.54
GLOBAL,PWRURNINDWE01,2022,2.54
GLOBAL,PWRURNINDWE01,2023,2.54
GLOBAL,PWRURNINDWE01,2024,3.24
GLOBAL,PWRURNINDWE01,2025,3.24
GLOBAL,PWRURNINDWE01,2026,3.24
GLOBAL,PWRURNINDWE01,2027,3.24
GLOBAL,PWRURNINDWE01,2028,3.24
GLOBAL,PWRURNINDWE01,2029,3.24
GLOBAL,PWRURNINDWE01,2030,2.92
GLOBAL,PWRURNINDWE01,2031,2.92
GLOBAL,PWRURNINDWE01,2032,2.92
GLOBAL,PWRURNINDWE01,2033,2.92
GLOBAL,PWRURNINDWE01,2034,2.92
GLOBAL,PWRURNINDWE01,2035,2.92
GLOBAL,PWRURNINDWE01,2036,2.92
GLOBAL,PWRURNINDWE01,2037,2.92
GLOBAL,PWRURNINDWE01,2038,2.92
GLOBAL,PWRURNINDWE01,2039,2.92
GLOBAL,PWRURNINDWE01,2040,2.92
GLOBAL,PWRURNINDWE01,2041,2.92
GLOBAL,PWRURNINDWE01,2042,2.92
GLOBAL,PWRURNINDWE01,2043,2.92
GLOBAL,PWRURNINDWE01,2044,2.92
GLOBAL,PWRURNINDWE01,2045,2.92
GLOBAL,PWRURNINDWE01,2046,2.92
GLOBAL,PWRURNINDWE01,2047,2.92
GLOBAL,PWRURNINDWE01,2048,2.92
GLOBAL,PWRURNINDWE01,2049,2.92
GLOBAL,PWRURNINDWE01,2050,2.92
GLOBAL,PWRWONINDEA01,2021,0.021
GLOBAL,PWRWONINDEA01,2022,0.021
GLOBAL,PWRWONINDEA01,2023,0.021
GLOBAL,PWRWONINDEA01,2024,0.021
GLOBAL,PWRWONINDEA01,2025,0.021
GLOBAL,PWRWONINDEA01,2026,0.021
GLOBAL,PWRWONINDEA01,2027,0.021
GLOBAL,PWRWONINDEA01,2028,0.021
GLOBAL,PWRWONINDEA01,2029,0.021
GLOBAL,PWRWONINDEA01,2030,0.021
GLOBAL,PWRWONINDEA01,2031,0.021
GLOBAL,PWRWONINDEA01,2032,0.021
GLOBAL,PWRWONINDEA01,2033,0.021
GLOBAL,PWRWONINDEA01,2034,0.021
GLOBAL,PWRWONINDEA01,2035,0.021
GLOBAL,PWRWONINDEA01,2036,0.021
GLOBAL,PWRWONINDEA01,2037,0.021
GLOBAL,PWRWONINDEA01,2038,0.021
GLOBAL,PWRWONINDEA01,2039,0.021
GLOBAL,PWRWONINDEA01,2040,0.021
GLOBAL,PWRWONINDEA01,2041,0.021
GLOBAL,PWRWONINDEA01,2042,0.021
GLOBAL,PWRWONINDEA01,2043,0.021
GLOBAL,PWRWONINDEA01,2044,0.021
GLOBAL,PWRWONINDEA01,2045,0.021
GLOBAL,PWRWONINDEA01,2046,0.021
GLOBAL,PWRWONINDEA01,2047,0.021
GLOBAL,PWRWONINDEA01,2048,0.021
GLOBAL,PWRWONINDEA01,2049,0.021
GLOBAL,PWRWONINDNO01,2021,4.024
GLOBAL,PWRWONINDNO01,2022,4.274
GLOBAL,PWRWONINDNO01,2023,4.274
GLOBAL,PWRWONINDNO01,2024,4.274
GLOBAL,PWRWONINDNO01,2025,4.274
GLOBAL,PWRWONINDNO01,2026,4.274
GLOBAL,PWRWONINDNO01,2027,4.274
GLOBAL,PWRWONINDNO01,2028,4.274
GLOBAL,PWRWONINDNO01,2029,4.274
GLOBAL,PWRWONINDNO01,2030,4.274
GLOBAL,PWRWONINDNO01,2031,4.274
GLOBAL,PWRWONINDNO01,2032,4.274
GLOBAL,PWRWONINDNO01,2033,4.274
GLOBAL,PWRWONINDNO01,2034,4.274
GLOBAL,PWRWONINDNO01,2035,4.253
GLOBAL,PWRWONINDNO01,2036,4.253
GLOBAL,PWRWONINDNO01,2037,4.188
GLOBAL,PWRWONINDNO01,2038,4.173
GLOBAL,PWRWONINDNO01,2039,4.029
GLOBAL,PWRWONINDNO01,2040,3.978
GLOBAL,PWRWONINDNO01,2041,3.85
GLOBAL,PWRWONINDNO01,2042,3.796
GLOBAL,PWRWONINDNO01,2043,3.514
GLOBAL,PWRWONINDNO01,2044,1.749
GLOBAL,PWRWONINDNO01,2045,1.651
GLOBAL,PWRWONINDNO01,2046,0.608
GLOBAL,PWRWONINDNO01,2047,0.396
GLOBAL,PWRWONINDNO01,2048,0.25
GLOBAL,PWRWONINDNO01,2049,0.25
GLOBAL,PWRWONINDNO01,2050,0.25
GLOBAL,PWRWONINDSO01,2021,11.4932
GLOBAL,PWRWONINDSO01,2022,11.4932
GLOBAL,PWRWONINDSO01,2023,12.4632
GLOBAL,PWRWONINDSO01,2024,12.4632
GLOBAL,PWRWONINDSO01,2025,12.4632
GLOBAL,PWRWONINDSO01,2026,12.4532
GLOBAL,PWRWONINDSO01,2027,12.3332
GLOBAL,PWRWONINDSO01,2028,12.3332
GLOBAL,PWRWONINDSO01,2029,12.3332
GLOBAL,PWRWONINDSO01,2030,12.3332
GLOBAL,PWRWONINDSO01,2031,12.3332
GLOBAL,PWRWONINDSO01,2032,12.3332
GLOBAL,PWRWONINDSO01,2033,12.3332
GLOBAL,PWRWONINDSO01,2034,12.3332
GLOBAL,PWRWONINDSO01,2035,12.3052
GLOBAL,PWRWONINDSO01,2036,12.2902
GLOBAL,PWRWONINDSO01,2037,12.257
GLOBAL,PWRWONINDSO01,2038,12.257
GLOBAL,PWRWONINDSO01,2039,12.162
GLOBAL,PWRWONINDSO01,2040,12.028
GLOBAL,PWRWONINDSO01,2041,11.809
GLOBAL,PWRWONINDSO01,2042,11.568
GLOBAL,PWRWONINDSO01,2043,11.243
GLOBAL,PWRWONINDSO01,2044,5.413
GLOBAL,PWRWONINDSO01,2045,5.057
GLOBAL,PWRWONINDSO01,2046,4.486
GLOBAL,PWRWONINDSO01,2047,3.553
GLOBAL,PWRWONINDSO01,2048,2.724
GLOBAL,PWRWONINDSO01,2049,1.415
GLOBAL,PWRWONINDSO01,2050,1.396
GLOBAL,PWRWONINDWE01,2021,14.6746
GLOBAL,PWRWONINDWE01,2022,15.0486
GLOBAL,PWRWONINDWE01,2023,15.2466
GLOBAL,PWRWONINDWE01,2024,15.2466
GLOBAL,PWRWONINDWE01,2025,15.2466
GLOBAL,PWRWONINDWE01,2026,15.2466
GLOBAL,PWRWONINDWE01,2027,15.2466
GLOBAL,PWRWONINDWE01,2028,15.2466
GLOBAL,PWRWONINDWE01,2029,15.2466
GLOBAL,PWRWONINDWE01,2030,15.2466
GLOBAL,PWRWONINDWE01,2031,15.2316
GLOBAL,PWRWONINDWE01,2032,15.1726
GLOBAL,PWRWONINDWE01,2033,15.1726
GLOBAL,PWRWONINDWE01,2034,15.1726
GLOBAL,PWRWONINDWE01,2035,15.1726
GLOBAL,PWRWONINDWE01,2036,15.0826
GLOBAL,PWRWONINDWE01,2037,15.0826
GLOBAL,PWRWONINDWE01,2038,15.0056
GLOBAL,PWRWONINDWE01,2039,14.8946
GLOBAL,PWRWONINDWE01,2040,14.7126
GLOBAL,PWRWONINDWE01,2041,14.6576
GLOBAL,PWRWONINDWE01,2042,14.3806
GLOBAL,PWRWONINDWE01,2043,13.7446
GLOBAL,PWRWONINDWE01,2044,8.429
GLOBAL,PWRWONINDWE01,2045,8.002
GLOBAL,PWRWONINDWE01,2046,5.45
GLOBAL,PWRWONINDWE01,2047,4.607
GLOBAL,PWRWONINDWE01,2048,3.747
GLOBAL,PWRWONINDWE01,2049,3.135
GLOBAL,PWRWONINDWE01,2050,1.972
